*CPCWIN*

>1	DATALINE
DATALINE
1
Operator:

Description:

Remarks:





15.9.2008
11:13


_x	_y
	
	
UNIT	UNIT
 4.50500000000000E+0002	 1.88262000000000E-0001	
 4.52500000000000E+0002	 1.89706000000000E-0001	
 4.54500000000000E+0002	 1.90583500000000E-0001	
 4.56500000000000E+0002	 1.91169000000000E-0001	
 4.58500000000000E+0002	 1.92504500000000E-0001	
 4.60500000000000E+0002	 1.94464500000000E-0001	
 4.62500000000000E+0002	 1.95930500000000E-0001	
 4.64500000000000E+0002	 1.97355530919858E-0001	
 4.66500000000000E+0002	 1.98433056560564E-0001	
 4.68500000000000E+0002	 1.99261582201271E-0001	
 4.70500000000000E+0002	 1.99845607841977E-0001	
 4.72500000000000E+0002	 2.00764633482683E-0001	
 4.74500000000000E+0002	 2.02502659123389E-0001	
 4.76500000000000E+0002	 2.04059684764095E-0001	
 4.78500000000000E+0002	 2.05151710404801E-0001	
 4.80500000000000E+0002	 2.06081236045507E-0001	
 4.82500000000000E+0002	 2.06920761686213E-0001	
 4.84500000000000E+0002	 2.08026287326920E-0001	
 4.86500000000000E+0002	 2.09165312967626E-0001	
 4.88500000000000E+0002	 2.10348338608332E-0001	
 4.90500000000000E+0002	 2.11383864249038E-0001	
 4.92500000000000E+0002	 2.12412889889744E-0001	
 4.94500000000000E+0002	 2.13705415530450E-0001	
 4.96500000000000E+0002	 2.15015441171156E-0001	
 4.98500000000000E+0002	 2.16162466811862E-0001	
 5.00500000000000E+0002	 2.17229992452569E-0001	
 5.02500000000000E+0002	 2.18625018093275E-0001	
 5.04500000000000E+0002	 2.20335543733981E-0001	
 5.06500000000000E+0002	 2.21903569374687E-0001	
 5.08500000000000E+0002	 2.23644095015393E-0001	
 5.10500000000000E+0002	 2.25607620656099E-0001	
 5.12500000000000E+0002	 2.27593146296805E-0001	
 5.14500000000000E+0002	 2.29282171937511E-0001	
 5.16500000000000E+0002	 2.30721197578218E-0001	
 5.18500000000000E+0002	 2.32392223218924E-0001	
 5.20500000000000E+0002	 2.34192248859630E-0001	
 5.22500000000000E+0002	 2.35594774500336E-0001	
 5.24500000000000E+0002	 2.36493300141042E-0001	
 5.26500000000000E+0002	 2.37586325781748E-0001	
 5.28500000000000E+0002	 2.38902851422454E-0001	
 5.30500000000000E+0002	 2.39880377063160E-0001	
 5.32500000000000E+0002	 2.40585402703867E-0001	
 5.34500000000000E+0002	 2.41152928344573E-0001	
 5.36500000000000E+0002	 2.41528453985279E-0001	
 5.38500000000000E+0002	 2.41658979625985E-0001	
 5.40500000000000E+0002	 2.41485505266691E-0001	
 5.42500000000000E+0002	 2.41077030907397E-0001	
 5.44500000000000E+0002	 2.40488056548103E-0001	
 5.46500000000000E+0002	 2.39907582188809E-0001	
 5.48500000000000E+0002	 2.39412607829516E-0001	
 5.50500000000000E+0002	 2.38892133470222E-0001	
 5.52500000000000E+0002	 2.38298159110928E-0001	
 5.54500000000000E+0002	 2.37624684751634E-0001	
 5.56500000000000E+0002	 2.37000710392340E-0001	
 5.58500000000000E+0002	 2.36419236033046E-0001	
 5.60500000000000E+0002	 2.35802261673752E-0001	
 5.62500000000000E+0002	 2.35121787314458E-0001	
 5.64500000000000E+0002	 2.34445812955165E-0001	
 5.66500000000000E+0002	 2.33748338595871E-0001	
 5.68500000000000E+0002	 2.33123864236577E-0001	
 5.70500000000000E+0002	 2.32607389877283E-0001	
 5.72500000000000E+0002	 2.32109915517989E-0001	
 5.74500000000000E+0002	 2.31459441158695E-0001	
 5.76500000000000E+0002	 2.30839966799401E-0001	
 5.78500000000000E+0002	 2.30376492440108E-0001	
 5.80500000000000E+0002	 2.29798018080814E-0001	
 5.82500000000000E+0002	 2.29220543721520E-0001	
 5.84500000000000E+0002	 2.28649069362226E-0001	
 5.86500000000000E+0002	 2.28162595002932E-0001	
 5.88500000000000E+0002	 2.27797120643638E-0001	
 5.90500000000000E+0002	 2.27384646284344E-0001	
 5.92500000000000E+0002	 2.27177171925050E-0001	
 5.94500000000000E+0002	 2.27290697565757E-0001	
 5.96500000000000E+0002	 2.27383723206463E-0001	
 5.98500000000000E+0002	 2.27309248847169E-0001	
 6.00500000000000E+0002	 2.27162774487875E-0001	
 6.02500000000000E+0002	 2.27034300128581E-0001	
 6.04500000000000E+0002	 2.26830325769287E-0001	
 6.06500000000000E+0002	 2.26656851409993E-0001	
 6.08500000000000E+0002	 2.26538377050699E-0001	
 6.10500000000000E+0002	 2.26426902691406E-0001	
 6.12500000000000E+0002	 2.26316428332112E-0001	
 6.14500000000000E+0002	 2.26162953972818E-0001	
 6.16500000000000E+0002	 2.25988479613524E-0001	
 6.18500000000000E+0002	 2.25760005254230E-0001	
 6.20500000000000E+0002	 2.25426530894936E-0001	
 6.22500000000000E+0002	 2.24957556535642E-0001	
 6.24500000000000E+0002	 2.24348082176348E-0001	
 6.26500000000000E+0002	 2.23771107817055E-0001	
 6.28500000000000E+0002	 2.23191133457761E-0001	
 6.30500000000000E+0002	 2.22453159098467E-0001	
 6.32500000000000E+0002	 2.21677684739173E-0001	
 6.34500000000000E+0002	 2.20987710379879E-0001	
 6.36500000000000E+0002	 2.20496236020585E-0001	
 6.38500000000000E+0002	 2.20109261661291E-0001	
 6.40500000000000E+0002	 2.19799787301997E-0001	
 6.42500000000000E+0002	 2.19495812942704E-0001	
 6.44500000000000E+0002	 2.19151338583410E-0001	
 6.46500000000000E+0002	 2.18823864224116E-0001	
 6.48500000000000E+0002	 2.18486889864822E-0001	
 6.50500000000000E+0002	 2.18062915505528E-0001	
 6.52500000000000E+0002	 2.17629941146234E-0001	
 6.54500000000000E+0002	 2.17236966786940E-0001	
 6.56500000000000E+0002	 2.16826992427646E-0001	
 6.58500000000000E+0002	 2.16306018068353E-0001	
 6.60500000000000E+0002	 2.15730543709059E-0001	
 6.62500000000000E+0002	 2.15204569349765E-0001	
 6.64500000000000E+0002	 2.14545094990471E-0001	
 6.66500000000000E+0002	 2.15173120631177E-0001	
 6.68500000000000E+0002	 2.15497646271883E-0001	
 6.70500000000000E+0002	 2.12369171912589E-0001	
 6.72500000000000E+0002	 2.11168197553295E-0001	
 6.74500000000000E+0002	 2.10300723194002E-0001	
 6.76500000000000E+0002	 2.09453748834708E-0001	
 6.78500000000000E+0002	 2.08604774475414E-0001	
 6.80500000000000E+0002	 2.07775800116120E-0001	
 6.82500000000000E+0002	 2.06929325756826E-0001	
 6.84500000000000E+0002	 2.06128351397532E-0001	
 6.86500000000000E+0002	 2.05357377038238E-0001	
 6.88500000000000E+0002	 2.04670402678944E-0001	
 6.90500000000000E+0002	 2.04129928319651E-0001	
 6.92500000000000E+0002	 2.03836953960357E-0001	
 6.94500000000000E+0002	 2.03781479601063E-0001	
 6.96500000000000E+0002	 2.03950005241769E-0001	
 6.98500000000000E+0002	 2.04000030882475E-0001	
 7.00500000000000E+0002	 2.03534556523181E-0001	
 7.02500000000000E+0002	 2.02375082163887E-0001	
 7.04500000000000E+0002	 2.00810107804593E-0001	
 7.06500000000000E+0002	 1.99121633445300E-0001	
 7.08500000000000E+0002	 1.97521159086006E-0001	
 7.10500000000000E+0002	 1.96079184726712E-0001	
 7.12500000000000E+0002	 1.94854210367418E-0001	
 7.14500000000000E+0002	 1.93781236008124E-0001	
 7.16500000000000E+0002	 1.92887261648830E-0001	
 7.18500000000000E+0002	 1.92102787289536E-0001	
 7.20500000000000E+0002	 1.91106312930243E-0001	
 7.22500000000000E+0002	 1.89759838570949E-0001	
 7.24500000000000E+0002	 1.88267864211655E-0001	
 7.26500000000000E+0002	 1.86636889852361E-0001	
 7.28500000000000E+0002	 1.85025415493067E-0001	
 7.30500000000000E+0002	 1.83480441133773E-0001	
 7.32500000000000E+0002	 1.82107466774479E-0001	
 7.34500000000000E+0002	 1.80967992415185E-0001	
 7.36500000000000E+0002	 1.80126518055892E-0001	
 7.38500000000000E+0002	 1.79484043696598E-0001	
 7.40500000000000E+0002	 1.78921069337304E-0001	
 7.42500000000000E+0002	 1.78288594978010E-0001	
 7.44500000000000E+0002	 1.77623120618716E-0001	
 7.46500000000000E+0002	 1.76880146259422E-0001	
 7.48500000000000E+0002	 1.76066171900128E-0001	
 7.50500000000000E+0002	 1.75170697540834E-0001	
 7.52500000000000E+0002	 1.74266223181541E-0001	
 7.54500000000000E+0002	 1.73339748822247E-0001	
 7.56500000000000E+0002	 1.72461274462953E-0001	
 7.58500000000000E+0002	 1.71595800103659E-0001	
 7.60500000000000E+0002	 1.70863325744365E-0001	
 7.62500000000000E+0002	 1.70326351385071E-0001	
 7.64500000000000E+0002	 1.69963377025777E-0001	
 7.66500000000000E+0002	 1.69560902666483E-0001	
 7.68500000000000E+0002	 1.69071928307190E-0001	
 7.70500000000000E+0002	 1.68564453947896E-0001	
 7.72500000000000E+0002	 1.68242479588602E-0001	
 7.74500000000000E+0002	 1.68212005229308E-0001	
 7.76500000000000E+0002	 1.68655030870014E-0001	
 7.78500000000000E+0002	 1.69305056510720E-0001	
 7.80500000000000E+0002	 1.69334582151426E-0001	
 7.82500000000000E+0002	 1.68326607792132E-0001	
 7.84500000000000E+0002	 1.66927133432839E-0001	
 7.86500000000000E+0002	 1.65653659073545E-0001	
 7.88500000000000E+0002	 1.64581684714251E-0001	
 7.90500000000000E+0002	 1.63702210354957E-0001	
 7.92500000000000E+0002	 1.63234735995663E-0001	
 7.94500000000000E+0002	 1.63175261636369E-0001	
 7.96500000000000E+0002	 1.63210287277075E-0001	
 7.98500000000000E+0002	 1.62877312917781E-0001	
 8.00500000000000E+0002	 1.62280338558488E-0001	
 8.02500000000000E+0002	 1.61774864199194E-0001	
 8.04500000000000E+0002	 1.61611889839900E-0001	
 8.06500000000000E+0002	 1.61655415480606E-0001	
 8.08500000000000E+0002	 1.61715441121312E-0001	
 8.10500000000000E+0002	 1.61627966762018E-0001	
 8.12500000000000E+0002	 1.61380992402724E-0001	
 8.14500000000000E+0002	 1.60938018043430E-0001	
 8.16500000000000E+0002	 1.60388043684137E-0001	
 8.18500000000000E+0002	 1.59763569324843E-0001	
 8.20500000000000E+0002	 1.59180094965549E-0001	
 8.22500000000000E+0002	 1.58632120606255E-0001	
 8.24500000000000E+0002	 1.58179146246961E-0001	
 8.26500000000000E+0002	 1.57777671887667E-0001	
 8.28500000000000E+0002	 1.57454197528373E-0001	
 8.30500000000000E+0002	 1.57135723169079E-0001	
 8.32500000000000E+0002	 1.56820748809786E-0001	
 8.34500000000000E+0002	 1.56510774450492E-0001	
 8.36500000000000E+0002	 1.56309800091198E-0001	
 8.38500000000000E+0002	 1.56232325731904E-0001	
 8.40500000000000E+0002	 1.56321851372610E-0001	
 8.42500000000000E+0002	 1.56507877013316E-0001	
 8.44500000000000E+0002	 1.56823402654022E-0001	
 8.46500000000000E+0002	 1.57259928294728E-0001	
 8.48500000000000E+0002	 1.57812953935435E-0001	
 8.50500000000000E+0002	 1.58391979576141E-0001	
 8.52500000000000E+0002	 1.59005505216847E-0001	
 8.54500000000000E+0002	 1.59580530857553E-0001	
 8.56500000000000E+0002	 1.60097056498259E-0001	
 8.58500000000000E+0002	 1.60513082138965E-0001	
 8.60500000000000E+0002	 1.60850607779671E-0001	
 8.62500000000000E+0002	 1.61059633420377E-0001	
 8.64500000000000E+0002	 1.61195159061084E-0001	
 8.66500000000000E+0002	 1.61329684701790E-0001	
 8.68500000000000E+0002	 1.61663710342496E-0001	
 8.70500000000000E+0002	 1.62378235983202E-0001	
 8.72500000000000E+0002	 1.63076261623908E-0001	
 8.74500000000000E+0002	 1.63014287264614E-0001	
 8.76500000000000E+0002	 1.62412812905320E-0001	
 8.78500000000000E+0002	 1.61634338546027E-0001	
 8.80500000000000E+0002	 1.60730364186733E-0001	
 8.82500000000000E+0002	 1.59644389827439E-0001	
 8.84500000000000E+0002	 1.58458415468145E-0001	
 8.86500000000000E+0002	 1.57234941108851E-0001	
 8.88500000000000E+0002	 1.56132466749557E-0001	
 8.90500000000000E+0002	 1.55216992390263E-0001	
 8.92500000000000E+0002	 1.54559518030969E-0001	
 8.94500000000000E+0002	 1.54147043671676E-0001	
 8.96500000000000E+0002	 1.53993069312382E-0001	
 8.98500000000000E+0002	 1.54040094953088E-0001	
 9.00500000000000E+0002	 1.54322120593794E-0001	
 9.02500000000000E+0002	 1.54856646234500E-0001	
 9.04500000000000E+0002	 1.55697171875206E-0001	
 9.06500000000000E+0002	 1.56769697515912E-0001	
 9.08500000000000E+0002	 1.57976223156618E-0001	
 9.10500000000000E+0002	 1.59102748797325E-0001	
 9.12500000000000E+0002	 1.59973774438031E-0001	
 9.14500000000000E+0002	 1.60433800078737E-0001	
 9.16500000000000E+0002	 1.60491325719443E-0001	
 9.18500000000000E+0002	 1.60192351360149E-0001	
 9.20500000000000E+0002	 1.59730377000855E-0001	
 9.22500000000000E+0002	 1.59261402641561E-0001	
 9.24500000000000E+0002	 1.58968928282267E-0001	
 9.26500000000000E+0002	 1.58907953922974E-0001	
 9.28500000000000E+0002	 1.59107479563680E-0001	
 9.30500000000000E+0002	 1.59481005204386E-0001	
 9.32500000000000E+0002	 1.59997030845092E-0001	
 9.34500000000000E+0002	 1.60585056485798E-0001	
 9.36500000000000E+0002	 1.61301582126504E-0001	
 9.38500000000000E+0002	 1.62167107767210E-0001	
 9.40500000000000E+0002	 1.63244633407916E-0001	
 9.42500000000000E+0002	 1.64533659048623E-0001	
 9.44500000000000E+0002	 1.66054184689329E-0001	
 9.46500000000000E+0002	 1.67729710330035E-0001	
 9.48500000000000E+0002	 1.69558235970741E-0001	
 9.50500000000000E+0002	 1.71510261611447E-0001	
 9.52500000000000E+0002	 1.73626787252153E-0001	
 9.54500000000000E+0002	 1.75904812892859E-0001	
 9.56500000000000E+0002	 1.78370338533565E-0001	
 9.58500000000000E+0002	 1.80876364174272E-0001	
 9.60500000000000E+0002	 1.83286389814978E-0001	
 9.62500000000000E+0002	 1.85438415455684E-0001	
 9.64500000000000E+0002	 1.87274441096390E-0001	
 9.66500000000000E+0002	 1.88756966737096E-0001	
 9.68500000000000E+0002	 1.90004992377802E-0001	
 9.70500000000000E+0002	 1.91125518018508E-0001	
 9.72500000000000E+0002	 1.92293543659214E-0001	
 9.74500000000000E+0002	 1.93613569299921E-0001	
 9.76500000000000E+0002	 1.95234594940627E-0001	
 9.78500000000000E+0002	 1.97187620581333E-0001	
 9.80500000000000E+0002	 1.99494146222039E-0001	
 9.82500000000000E+0002	 2.02052171862745E-0001	
 9.84500000000000E+0002	 2.04762697503451E-0001	
 9.86500000000000E+0002	 2.07475223144157E-0001	
 9.88500000000000E+0002	 2.10113748784863E-0001	
 9.90500000000000E+0002	 2.12572274425570E-0001	
 9.92500000000000E+0002	 2.14812300066276E-0001	
 9.94500000000000E+0002	 2.16838825706982E-0001	
 9.96500000000000E+0002	 2.18773351347688E-0001	
 9.98500000000000E+0002	 2.20763376988394E-0001	
 1.00050000000000E+0003	 2.22999902629100E-0001	
 1.00250000000000E+0003	 2.25627428269806E-0001	
 1.00450000000000E+0003	 2.28739453910512E-0001	
 1.00650000000000E+0003	 2.32326979551219E-0001	
 1.00850000000000E+0003	 2.36298005191925E-0001	
 1.01050000000000E+0003	 2.40457530832631E-0001	
 1.01250000000000E+0003	 2.44706056473337E-0001	
 1.01450000000000E+0003	 2.49035082114043E-0001	
 1.01650000000000E+0003	 2.53467607754749E-0001	
 1.01850000000000E+0003	 2.58014633395455E-0001	
 1.02050000000000E+0003	 2.62610659036162E-0001	
 1.02250000000000E+0003	 2.67141684676868E-0001	
 1.02450000000000E+0003	 2.71555210317574E-0001	
 1.02650000000000E+0003	 2.75828235958280E-0001	
 1.02850000000000E+0003	 2.79891261598986E-0001	
 1.03050000000000E+0003	 2.83593787239692E-0001	
 1.03250000000000E+0003	 2.86880812880398E-0001	
 1.03450000000000E+0003	 2.89840338521104E-0001	
 1.03650000000000E+0003	 2.92477864161811E-0001	
 1.03850000000000E+0003	 2.94688389802517E-0001	
 1.04050000000000E+0003	 2.96421415443223E-0001	
 1.04250000000000E+0003	 2.97735941083929E-0001	
 1.04450000000000E+0003	 2.98787966724635E-0001	
 1.04650000000000E+0003	 2.99835992365341E-0001	
 1.04850000000000E+0003	 3.01102518006047E-0001	
 1.05050000000000E+0003	 3.02624043646753E-0001	
 1.05250000000000E+0003	 3.04257569287460E-0001	
 1.05450000000000E+0003	 3.05805594928166E-0001	
 1.05650000000000E+0003	 3.07165120568872E-0001	
 1.05850000000000E+0003	 3.08255646209578E-0001	
 1.06050000000000E+0003	 3.09037671850284E-0001	
 1.06250000000000E+0003	 3.09560197490990E-0001	
 1.06450000000000E+0003	 3.09988723131696E-0001	
 1.06650000000000E+0003	 3.10463748772402E-0001	
 1.06850000000000E+0003	 3.11042774413109E-0001	
 1.07050000000000E+0003	 3.11699300053815E-0001	
 1.07250000000000E+0003	 3.12393325694521E-0001	
 1.07450000000000E+0003	 3.13033851335227E-0001	
 1.07650000000000E+0003	 3.13544876975933E-0001	
 1.07850000000000E+0003	 3.13802902616639E-0001	
 1.08050000000000E+0003	 3.13710928257345E-0001	
 1.08250000000000E+0003	 3.13177453898051E-0001	
 1.08450000000000E+0003	 3.12140479538758E-0001	
 1.08650000000000E+0003	 3.10564005179464E-0001	
 1.08850000000000E+0003	 3.08509530820170E-0001	
 1.09050000000000E+0003	 3.06155556460876E-0001	
 1.09250000000000E+0003	 3.03817582101582E-0001	
 1.09450000000000E+0003	 3.01727607742288E-0001	
 1.09650000000000E+0003	 2.99917133382994E-0001	
 1.09850000000000E+0003	 2.98273659023700E-0001	
 1.10050000000000E+0003	 2.96662184664407E-0001	
 1.10250000000000E+0003	 2.94932210305113E-0001	
 1.10450000000000E+0003	 2.93031735945819E-0001	
 1.10650000000000E+0003	 2.90965261586525E-0001	
 1.10850000000000E+0003	 2.88823287227231E-0001	
 1.11050000000000E+0003	 2.86671312867937E-0001	
 1.11250000000000E+0003	 2.84537338508643E-0001	
 1.11450000000000E+0003	 2.82327364149349E-0001	
 1.11650000000000E+0003	 2.79923389790056E-0001	
 1.11850000000000E+0003	 2.77176915430762E-0001	
 1.12050000000000E+0003	 2.74081941071468E-0001	
 1.12250000000000E+0003	 2.70724466712174E-0001	
 1.12450000000000E+0003	 2.67210492352880E-0001	
 1.12650000000000E+0003	 2.63480017993586E-0001	
 1.12850000000000E+0003	 2.59486043634292E-0001	
 1.13050000000000E+0003	 2.55177569274998E-0001	
 1.13250000000000E+0003	 2.50893594915705E-0001	
 1.13450000000000E+0003	 2.47002620556411E-0001	
 1.13650000000000E+0003	 2.43629646197117E-0001	
 1.13850000000000E+0003	 2.40796671837823E-0001	
 1.14050000000000E+0003	 2.38573697478529E-0001	
 1.14250000000000E+0003	 2.36891223119235E-0001	
 1.14450000000000E+0003	 2.35627748759941E-0001	
 1.14650000000000E+0003	 2.34568274400647E-0001	
 1.14850000000000E+0003	 2.33568300041354E-0001	
 1.15050000000000E+0003	 2.32386825682060E-0001	
 1.15250000000000E+0003	 2.30903351322766E-0001	
 1.15450000000000E+0003	 2.29066376963472E-0001	
 1.15650000000000E+0003	 2.26935402604178E-0001	
 1.15850000000000E+0003	 2.24560928244884E-0001	
 1.16050000000000E+0003	 2.22114953885590E-0001	
 1.16250000000000E+0003	 2.19672479526297E-0001	
 1.16450000000000E+0003	 2.17346005167003E-0001	
 1.16650000000000E+0003	 2.15194030807709E-0001	
 1.16850000000000E+0003	 2.13278556448415E-0001	
 1.17050000000000E+0003	 2.11396082089121E-0001	
 1.17250000000000E+0003	 2.09288607729827E-0001	
 1.17450000000000E+0003	 2.06820633370533E-0001	
 1.17650000000000E+0003	 2.04205159011239E-0001	
 1.17850000000000E+0003	 2.01744684651946E-0001	
 1.18050000000000E+0003	 1.99735210292652E-0001	
 1.18250000000000E+0003	 1.98279235933358E-0001	
 1.18450000000000E+0003	 1.97489761574064E-0001	
 1.18650000000000E+0003	 1.97414287214770E-0001	
 1.18850000000000E+0003	 1.98055812855476E-0001	
 1.19050000000000E+0003	 1.99333338496182E-0001	
 1.19250000000000E+0003	 2.01229364136888E-0001	
 1.19450000000000E+0003	 2.03685389777595E-0001	
 1.19650000000000E+0003	 2.06656415418301E-0001	
 1.19850000000000E+0003	 2.10052441059007E-0001	
 1.20050000000000E+0003	 2.13815966699713E-0001	
 1.20250000000000E+0003	 2.17796992340419E-0001	
 1.20450000000000E+0003	 2.21898017981125E-0001	
 1.20650000000000E+0003	 2.25984543621831E-0001	
 1.20850000000000E+0003	 2.30007069262537E-0001	
 1.21050000000000E+0003	 2.34013594903244E-0001	
 1.21250000000000E+0003	 2.38172620543950E-0001	
 1.21450000000000E+0003	 2.42546146184656E-0001	
 1.21650000000000E+0003	 2.46960671825362E-0001	
 1.21850000000000E+0003	 2.50989697466068E-0001	
 1.22050000000000E+0003	 2.54544223106774E-0001	
 1.22250000000000E+0003	 2.57904748747480E-0001	
 1.22450000000000E+0003	 2.61204274388186E-0001	
 1.22650000000000E+0003	 2.64353300028893E-0001	
 1.22850000000000E+0003	 2.67276325669599E-0001	
 1.23050000000000E+0003	 2.69883851310305E-0001	
 1.23250000000000E+0003	 2.72145376951011E-0001	
 1.23450000000000E+0003	 2.74019902591717E-0001	
 1.23650000000000E+0003	 2.75512928232423E-0001	
 1.23850000000000E+0003	 2.76610453873129E-0001	
 1.24050000000000E+0003	 2.77306479513835E-0001	
 1.24250000000000E+0003	 2.77560505154542E-0001	
 1.24450000000000E+0003	 2.77365530795248E-0001	
 1.24650000000000E+0003	 2.76707556435954E-0001	
 1.24850000000000E+0003	 2.75614582076660E-0001	
 1.25050000000000E+0003	 2.74073607717366E-0001	
 1.25250000000000E+0003	 2.72116133358072E-0001	
 1.25450000000000E+0003	 2.69818158998778E-0001	
 1.25650000000000E+0003	 2.67302684639484E-0001	
 1.25850000000000E+0003	 2.64617210280191E-0001	
 1.26050000000000E+0003	 2.61813735920897E-0001	
 1.26250000000000E+0003	 2.58903761561603E-0001	
 1.26450000000000E+0003	 2.55942787202309E-0001	
 1.26650000000000E+0003	 2.53054812843015E-0001	
 1.26850000000000E+0003	 2.50438338483721E-0001	
 1.27050000000000E+0003	 2.48197864124427E-0001	
 1.27250000000000E+0003	 2.46431889765133E-0001	
 1.27450000000000E+0003	 2.45054415405840E-0001	
 1.27650000000000E+0003	 2.43969441046546E-0001	
 1.27850000000000E+0003	 2.43114466687252E-0001	
 1.28050000000000E+0003	 2.42458492327958E-0001	
 1.28250000000000E+0003	 2.41882517968664E-0001	
 1.28450000000000E+0003	 2.41324543609370E-0001	
 1.28650000000000E+0003	 2.40748069250076E-0001	
 1.28850000000000E+0003	 2.40223094890782E-0001	
 1.29050000000000E+0003	 2.39782120531489E-0001	
 1.29250000000000E+0003	 2.39381146172195E-0001	
 1.29450000000000E+0003	 2.38977171812901E-0001	
 1.29650000000000E+0003	 2.38664197453607E-0001	
 1.29850000000000E+0003	 2.38504723094313E-0001	
 1.30050000000000E+0003	 2.38482748735019E-0001	
 1.30250000000000E+0003	 2.38497274375725E-0001	
 1.30450000000000E+0003	 2.38497800016431E-0001	
 1.30650000000000E+0003	 2.38426825657138E-0001	
 1.30850000000000E+0003	 2.38288851297844E-0001	
 1.31050000000000E+0003	 2.37979876938550E-0001	
 1.31250000000000E+0003	 2.37434402579256E-0001	
 1.31450000000000E+0003	 2.36701428219962E-0001	
 1.31650000000000E+0003	 2.35797953860668E-0001	
 1.31850000000000E+0003	 2.34737479501374E-0001	
 1.32050000000000E+0003	 2.33781005142081E-0001	
 1.32250000000000E+0003	 2.32900030782787E-0001	
 1.32450000000000E+0003	 2.32059056423493E-0001	
 1.32650000000000E+0003	 2.31365582064199E-0001	
 1.32850000000000E+0003	 2.30949107704905E-0001	
 1.33050000000000E+0003	 2.30808633345611E-0001	
 1.33250000000000E+0003	 2.30933158986317E-0001	
 1.33450000000000E+0003	 2.31131684627023E-0001	
 1.33650000000000E+0003	 2.31228710267730E-0001	
 1.33850000000000E+0003	 2.31346235908436E-0001	
 1.34050000000000E+0003	 2.31963761549142E-0001	
 1.34250000000000E+0003	 2.32822787189848E-0001	
 1.34450000000000E+0003	 2.33190812830554E-0001	
 1.34650000000000E+0003	 2.32987338471260E-0001	
 1.34850000000000E+0003	 2.32712364111966E-0001	
 1.35050000000000E+0003	 2.32521889752672E-0001	
 1.35250000000000E+0003	 2.32464915393379E-0001	
 1.35450000000000E+0003	 2.32523941034085E-0001	
 1.35650000000000E+0003	 2.32840466674791E-0001	
 1.35850000000000E+0003	 2.33376992315497E-0001	
 1.36050000000000E+0003	 2.34380517956203E-0001	
 1.36250000000000E+0003	 2.36432043596909E-0001	
 1.36450000000000E+0003	 2.40032569237615E-0001	
 1.36650000000000E+0003	 2.44289594878321E-0001	
 1.36850000000000E+0003	 2.48284120519028E-0001	
 1.37050000000000E+0003	 2.51682646159734E-0001	
 1.37250000000000E+0003	 2.54854171800440E-0001	
 1.37450000000000E+0003	 2.58224197441146E-0001	
 1.37650000000000E+0003	 2.62072223081852E-0001	
 1.37850000000000E+0003	 2.65822248722558E-0001	
 1.38050000000000E+0003	 2.69422274363264E-0001	
 1.38250000000000E+0003	 2.72989800003970E-0001	
 1.38450000000000E+0003	 2.76119325644677E-0001	
 1.38650000000000E+0003	 2.79178851285383E-0001	
 1.38850000000000E+0003	 2.82460376926089E-0001	
 1.39050000000000E+0003	 2.85150402566795E-0001	
 1.39250000000000E+0003	 2.87245428207501E-0001	
 1.39450000000000E+0003	 2.89035453848207E-0001	
 1.39650000000000E+0003	 2.90337479488913E-0001	
 1.39850000000000E+0003	 2.91675505129619E-0001	
 1.40050000000000E+0003	 2.92212030770326E-0001	
 1.40250000000000E+0003	 2.91826056411032E-0001	
 1.40450000000000E+0003	 2.90519082051738E-0001	
 1.40650000000000E+0003	 2.88562607692444E-0001	
 1.40850000000000E+0003	 2.86418133333150E-0001	
 1.41050000000000E+0003	 2.83914158973856E-0001	
 1.41250000000000E+0003	 2.81104684614562E-0001	
 1.41450000000000E+0003	 2.77721710255268E-0001	
 1.41650000000000E+0003	 2.73210735895975E-0001	
 1.41850000000000E+0003	 2.69251261536681E-0001	
 1.42050000000000E+0003	 2.65711287177387E-0001	
 1.42250000000000E+0003	 2.62590312818093E-0001	
 1.42450000000000E+0003	 2.58946838458799E-0001	
 1.42650000000000E+0003	 2.55617364099505E-0001	
 1.42850000000000E+0003	 2.53297889740211E-0001	
 1.43050000000000E+0003	 2.51965415380917E-0001	
 1.43250000000000E+0003	 2.51228941021624E-0001	
 1.43450000000000E+0003	 2.51570966662330E-0001	
 1.43650000000000E+0003	 2.53869992303036E-0001	
 1.43850000000000E+0003	 2.56671017943742E-0001	
 1.44050000000000E+0003	 2.59195043584448E-0001	
 1.44250000000000E+0003	 2.61083069225154E-0001	
 1.44450000000000E+0003	 2.62310094865860E-0001	
 1.44650000000000E+0003	 2.63620120506566E-0001	
 1.44850000000000E+0003	 2.64736646147273E-0001	
 1.45050000000000E+0003	 2.65616671787979E-0001	
 1.45250000000000E+0003	 2.64954197428685E-0001	
 1.45450000000000E+0003	 2.62282223069391E-0001	
 1.45650000000000E+0003	 2.60997248710097E-0001	
 1.45850000000000E+0003	 2.60226774350803E-0001	
 1.46050000000000E+0003	 2.59217799991509E-0001	
 1.46250000000000E+0003	 2.57639325632216E-0001	
 1.46450000000000E+0003	 2.56299851272922E-0001	
 1.46650000000000E+0003	 2.54937376913628E-0001	
 1.46850000000000E+0003	 2.52535402554334E-0001	
 1.47050000000000E+0003	 2.48867928195040E-0001	
 1.47250000000000E+0003	 2.44993453835746E-0001	
 1.47450000000000E+0003	 2.42525979476452E-0001	
 1.47650000000000E+0003	 2.41595005117158E-0001	
 1.47850000000000E+0003	 2.41323030757865E-0001	
 1.48050000000000E+0003	 2.42274056398571E-0001	
 1.48250000000000E+0003	 2.44180082039277E-0001	
 1.48450000000000E+0003	 2.46785607679983E-0001	
 1.48650000000000E+0003	 2.50021133320689E-0001	
 1.48850000000000E+0003	 2.54425158961395E-0001	
 1.49050000000000E+0003	 2.60891684602101E-0001	
 1.49250000000000E+0003	 2.67209210242807E-0001	
 1.49450000000000E+0003	 2.73043735883514E-0001	
 1.49650000000000E+0003	 2.80697261524220E-0001	
 1.49850000000000E+0003	 2.89074787164926E-0001	
 1.50050000000000E+0003	 2.95842812805632E-0001	
 1.50250000000000E+0003	 2.99996338446338E-0001	
 1.50450000000000E+0003	 3.03670364087044E-0001	
 1.50650000000000E+0003	 3.11927389727750E-0001	
 1.50850000000000E+0003	 3.22328415368456E-0001	
 1.51050000000000E+0003	 3.31903441009163E-0001	
 1.51250000000000E+0003	 3.39969466649869E-0001	
 1.51450000000000E+0003	 3.46369992290575E-0001	
 1.51650000000000E+0003	 3.50946517931281E-0001	
 1.51850000000000E+0003	 3.53118543571987E-0001	
 1.52050000000000E+0003	 3.56279569212693E-0001	
 1.52250000000000E+0003	 3.61260094853399E-0001	
 1.52450000000000E+0003	 3.66605120494105E-0001	
 1.52650000000000E+0003	 3.72098646134812E-0001	
 1.52850000000000E+0003	 3.76958671775518E-0001	
 1.53050000000000E+0003	 3.80848197416224E-0001	
 1.53250000000000E+0003	 3.85030223056930E-0001	
 1.53450000000000E+0003	 3.88308748697636E-0001	
 1.53650000000000E+0003	 3.88292274338342E-0001	
 1.53850000000000E+0003	 3.89143799979048E-0001	
 1.54050000000000E+0003	 3.93134325619754E-0001	
 1.54250000000000E+0003	 3.97066351260461E-0001	
 1.54450000000000E+0003	 3.99628376901167E-0001	
 1.54650000000000E+0003	 4.00120402541873E-0001	
 1.54850000000000E+0003	 3.99084928182579E-0001	
 1.55050000000000E+0003	 3.95512953823285E-0001	
 1.55250000000000E+0003	 3.90839979463991E-0001	
 1.55450000000000E+0003	 3.84450005104697E-0001	
 1.55650000000000E+0003	 3.76676030745403E-0001	
 1.55850000000000E+0003	 3.72077556386110E-0001	
 1.56050000000000E+0003	 3.68127582026816E-0001	
 1.56250000000000E+0003	 3.66690607667522E-0001	
 1.56450000000000E+0003	 3.63632133308228E-0001	
 1.56650000000000E+0003	 3.58862158948934E-0001	
 1.56850000000000E+0003	 3.55462184589640E-0001	
 1.57050000000000E+0003	 3.51949710230346E-0001	
 1.57250000000000E+0003	 3.47267735871052E-0001	
 1.57450000000000E+0003	 3.42816761511759E-0001	
 1.57650000000000E+0003	 3.41151287152465E-0001	
 1.57850000000000E+0003	 3.40179812793171E-0001	
 1.58050000000000E+0003	 3.38844838433877E-0001	
 1.58250000000000E+0003	 3.36885864074583E-0001	
 1.58450000000000E+0003	 3.35365389715289E-0001	
 1.58650000000000E+0003	 3.34276415355995E-0001	
 1.58850000000000E+0003	 3.33878440996701E-0001	
 1.59050000000000E+0003	 3.33959966637408E-0001	
 1.59250000000000E+0003	 3.34744992278114E-0001	
 1.59450000000000E+0003	 3.35937017918820E-0001	
 1.59650000000000E+0003	 3.37653043559526E-0001	
 1.59850000000000E+0003	 3.39527569200232E-0001	
 1.60050000000000E+0003	 3.41785594840938E-0001	
 1.60250000000000E+0003	 3.44427120481644E-0001	
 1.60450000000000E+0003	 3.47752146122350E-0001	
 1.60650000000000E+0003	 3.51555671763057E-0001	
 1.60850000000000E+0003	 3.56392197403763E-0001	
 1.61050000000000E+0003	 3.62084723044469E-0001	
 1.61250000000000E+0003	 3.67372248685175E-0001	
 1.61450000000000E+0003	 3.71971274325881E-0001	
 1.61650000000000E+0003	 3.80787299966587E-0001	
 1.61850000000000E+0003	 3.90866825607293E-0001	
 1.62050000000000E+0003	 3.99079851248000E-0001	
 1.62250000000000E+0003	 4.08196376888706E-0001	
 1.62450000000000E+0003	 4.18432902529412E-0001	
 1.62650000000000E+0003	 4.28770928170118E-0001	
 1.62850000000000E+0003	 4.39439953810824E-0001	
 1.63050000000000E+0003	 4.48882979451530E-0001	
 1.63250000000000E+0003	 4.55845505092236E-0001	
 1.63450000000000E+0003	 4.63546030732942E-0001	
 1.63650000000000E+0003	 4.72236556373649E-0001	
 1.63850000000000E+0003	 4.79133582014355E-0001	
 1.64050000000000E+0003	 4.83566607655061E-0001	
 1.64250000000000E+0003	 4.85093133295767E-0001	
 1.64450000000000E+0003	 4.85956658936473E-0001	
 1.64650000000000E+0003	 4.88459184577179E-0001	
 1.64850000000000E+0003	 4.88465210217885E-0001	
 1.65050000000000E+0003	 4.85950235858591E-0001	
 1.65250000000000E+0003	 4.90004761499298E-0001	
 1.65450000000000E+0003	 4.93998287140004E-0001	
 1.65650000000000E+0003	 4.96400312780710E-0001	
 1.65850000000000E+0003	 4.95971338421416E-0001	
 1.66050000000000E+0003	 4.93744864062122E-0001	
 1.66250000000000E+0003	 4.90918389702828E-0001	
 1.66450000000000E+0003	 4.86441415343534E-0001	
 1.66650000000000E+0003	 4.81573440984240E-0001	
 1.66850000000000E+0003	 4.77053966624947E-0001	
 1.67050000000000E+0003	 4.71644492265653E-0001	
 1.67250000000000E+0003	 4.66729017906359E-0001	
 1.67450000000000E+0003	 4.63480043547065E-0001	
 1.67650000000000E+0003	 4.58653569187771E-0001	
 1.67850000000000E+0003	 4.53804594828477E-0001	
 1.68050000000000E+0003	 4.47378620469183E-0001	
 1.68250000000000E+0003	 4.40873146109889E-0001	
 1.68450000000000E+0003	 4.36086671750596E-0001	
 1.68650000000000E+0003	 4.32524697391302E-0001	
 1.68850000000000E+0003	 4.28998223032008E-0001	
 1.69050000000000E+0003	 4.22800248672714E-0001	
 1.69250000000000E+0003	 4.13915274313420E-0001	
 1.69450000000000E+0003	 4.05225299954126E-0001	
 1.69650000000000E+0003	 3.94921825594832E-0001	
 1.69850000000000E+0003	 3.87704851235538E-0001	
 1.70050000000000E+0003	 3.80808376876245E-0001	
 1.70250000000000E+0003	 3.71946902516951E-0001	
 1.70450000000000E+0003	 3.65717428157657E-0001	
 1.70650000000000E+0003	 3.58241953798363E-0001	
 1.70850000000000E+0003	 3.51180479439069E-0001	
 1.71050000000000E+0003	 3.44375005079775E-0001	
 1.71250000000000E+0003	 3.36797030720481E-0001	
 1.71450000000000E+0003	 3.28204556361187E-0001	
 1.71650000000000E+0003	 3.21722082001894E-0001	
 1.71850000000000E+0003	 3.17223107642600E-0001	
 1.72050000000000E+0003	 3.12221633283306E-0001	
 1.72250000000000E+0003	 3.07243658924012E-0001	
 1.72450000000000E+0003	 3.01573184564718E-0001	
 1.72650000000000E+0003	 2.96054210205424E-0001	
 1.72850000000000E+0003	 2.90443235846130E-0001	
 1.73050000000000E+0003	 2.83145761486836E-0001	
 1.73250000000000E+0003	 2.78601787127543E-0001	
 1.73450000000000E+0003	 2.76802312768249E-0001	
 1.73650000000000E+0003	 2.74296838408955E-0001	
 1.73850000000000E+0003	 2.72359864049661E-0001	
 1.74050000000000E+0003	 2.69181389690367E-0001	
 1.74250000000000E+0003	 2.65485415331073E-0001	
 1.74450000000000E+0003	 2.61471940971779E-0001	
 1.74650000000000E+0003	 2.57114466612485E-0001	
 1.74850000000000E+0003	 2.52337992253192E-0001	
 1.75050000000000E+0003	 2.48223017893898E-0001	
 1.75250000000000E+0003	 2.44229543534604E-0001	
 1.75450000000000E+0003	 2.40511569175310E-0001	
 1.75650000000000E+0003	 2.36143594816016E-0001	
 1.75850000000000E+0003	 2.30762620456722E-0001	
 1.76050000000000E+0003	 2.26772146097428E-0001	
 1.76250000000000E+0003	 2.22582671738135E-0001	
 1.76450000000000E+0003	 2.18037697378841E-0001	
 1.76650000000000E+0003	 2.14268223019547E-0001	
 1.76850000000000E+0003	 2.09451748660253E-0001	
 1.77050000000000E+0003	 2.05332274300959E-0001	
 1.77250000000000E+0003	 2.03030299941665E-0001	
 1.77450000000000E+0003	 2.01136325582371E-0001	
 1.77650000000000E+0003	 1.99181351223077E-0001	
 1.77850000000000E+0003	 1.97017376863784E-0001	
 1.78050000000000E+0003	 1.94747402504490E-0001	
 1.78250000000000E+0003	 1.92677928145196E-0001	
 1.78450000000000E+0003	 1.91058953785902E-0001	
 1.78650000000000E+0003	 1.88928479426608E-0001	
 1.78850000000000E+0003	 1.86425005067314E-0001	
 1.79050000000000E+0003	 1.84382530708020E-0001	
 1.79250000000000E+0003	 1.82822056348726E-0001	
 1.79450000000000E+0003	 1.81393081989433E-0001	
 1.79650000000000E+0003	 1.80093107630139E-0001	
 1.79850000000000E+0003	 1.78878633270845E-0001	
 1.80050000000000E+0003	 1.77611158911551E-0001	
 1.80250000000000E+0003	 1.76267684552257E-0001	
 1.80450000000000E+0003	 1.75145710192963E-0001	
 1.80650000000000E+0003	 1.73935235833669E-0001	
 1.80850000000000E+0003	 1.72555261474375E-0001	
 1.81050000000000E+0003	 1.71420787115082E-0001	
 1.81250000000000E+0003	 1.70313312755788E-0001	
 1.81450000000000E+0003	 1.69489338396494E-0001	
 1.81650000000000E+0003	 1.68548864037200E-0001	
 1.81850000000000E+0003	 1.67441889677906E-0001	
 1.82050000000000E+0003	 1.66184415318612E-0001	
 1.82250000000000E+0003	 1.65030940959318E-0001	
 1.82450000000000E+0003	 1.63945466600024E-0001	
 1.82650000000000E+0003	 1.62264992240731E-0001	
 1.82850000000000E+0003	 1.61708017881437E-0001	
 1.83050000000000E+0003	 1.61220043522143E-0001	
 1.83250000000000E+0003	 1.60451569162849E-0001	
 1.83450000000000E+0003	 1.59948094803555E-0001	
 1.83650000000000E+0003	 1.59208620444261E-0001	
 1.83850000000000E+0003	 1.58248146084967E-0001	
 1.84050000000000E+0003	 1.56614171725673E-0001	
 1.84250000000000E+0003	 1.55746197366380E-0001	
 1.84450000000000E+0003	 1.55372223007086E-0001	
 1.84650000000000E+0003	 1.54823748647792E-0001	
 1.84850000000000E+0003	 1.54690274288498E-0001	
 1.85050000000000E+0003	 1.54344299929204E-0001	
 1.85250000000000E+0003	 1.53900325569910E-0001	
 1.85450000000000E+0003	 1.53306851210616E-0001	
 1.85650000000000E+0003	 1.52689876851322E-0001	
 1.85850000000000E+0003	 1.52096902492029E-0001	
 1.86050000000000E+0003	 1.51525428132735E-0001	
 1.86250000000000E+0003	 1.50844453773441E-0001	
 1.86450000000000E+0003	 1.49808479414147E-0001	
 1.86650000000000E+0003	 1.48930005054853E-0001	
 1.86850000000000E+0003	 1.48704030695559E-0001	
 1.87050000000000E+0003	 1.48427056336265E-0001	
 1.87250000000000E+0003	 1.48418081976971E-0001	
 1.87450000000000E+0003	 1.48322107617678E-0001	
 1.87650000000000E+0003	 1.47951633258384E-0001	
 1.87850000000000E+0003	 1.47556158899090E-0001	
 1.88050000000000E+0003	 1.47143184539796E-0001	
 1.88250000000000E+0003	 1.46749210180502E-0001	
 1.88450000000000E+0003	 1.46253235821208E-0001	
 1.88650000000000E+0003	 1.45715761461914E-0001	
 1.88850000000000E+0003	 1.45498787102620E-0001	
 1.89050000000000E+0003	 1.45006312743327E-0001	
 1.89250000000000E+0003	 1.44677838384033E-0001	
 1.89450000000000E+0003	 1.44533864024739E-0001	
 1.89650000000000E+0003	 1.44240889665445E-0001	
 1.89850000000000E+0003	 1.44039415306151E-0001	
 1.90050000000000E+0003	 1.43792940946857E-0001	
 1.90250000000000E+0003	 1.43457466587563E-0001	
 1.90450000000000E+0003	 1.43080992228270E-0001	
 1.90650000000000E+0003	 1.42660017868976E-0001	
 1.90850000000000E+0003	 1.42348543509682E-0001	
 1.91050000000000E+0003	 1.42110569150388E-0001	
 1.91250000000000E+0003	 1.41887594791094E-0001	
 1.91450000000000E+0003	 1.41402620431800E-0001	
 1.91650000000000E+0003	 1.41271646072506E-0001	
 1.91850000000000E+0003	 1.40925171713212E-0001	
 1.92050000000000E+0003	 1.40561197353919E-0001	
 1.92250000000000E+0003	 1.40566222994625E-0001	
 1.92450000000000E+0003	 1.40444748635331E-0001	
 1.92650000000000E+0003	 1.40490774276037E-0001	
 1.92850000000000E+0003	 1.40418799916743E-0001	
 1.93050000000000E+0003	 1.40236325557449E-0001	
 1.93250000000000E+0003	 1.40071351198155E-0001	
 1.93450000000000E+0003	 1.39907376838861E-0001	
 1.93650000000000E+0003	 1.39737402479568E-0001	
 1.93850000000000E+0003	 1.39372928120274E-0001	
 1.94050000000000E+0003	 1.39155953760980E-0001	
 1.94250000000000E+0003	 1.38945479401686E-0001	
 1.94450000000000E+0003	 1.38782005042392E-0001	
 1.94650000000000E+0003	 1.38938030683098E-0001	
 1.94850000000000E+0003	 1.38981056323804E-0001	
 1.95050000000000E+0003	 1.38914581964510E-0001	
 1.95250000000000E+0003	 1.38798607605217E-0001	
 1.95450000000000E+0003	 1.38679133245923E-0001	
 1.95650000000000E+0003	 1.38578158886629E-0001	
 1.95850000000000E+0003	 1.38506684527335E-0001	
 1.96050000000000E+0003	 1.38413210168041E-0001	
 1.96250000000000E+0003	 1.38218235808747E-0001	
 1.96450000000000E+0003	 1.38034761449453E-0001	
 1.96650000000000E+0003	 1.37929787090159E-0001	
 1.96850000000000E+0003	 1.37842312730866E-0001	
 1.97050000000000E+0003	 1.37894838371572E-0001	
 1.97250000000000E+0003	 1.37908364012278E-0001	
 1.97450000000000E+0003	 1.37841889652984E-0001	
 1.97650000000000E+0003	 1.37774415293690E-0001	
 1.97850000000000E+0003	 1.37706440934396E-0001	
 1.98050000000000E+0003	 1.37640966575102E-0001	
 1.98250000000000E+0003	 1.37577492215808E-0001	
 1.98450000000000E+0003	 1.37478017856515E-0001	
 1.98650000000000E+0003	 1.37345543497221E-0001	
 1.98850000000000E+0003	 1.37137069137927E-0001	
 1.99050000000000E+0003	 1.37110094778633E-0001	
 1.99250000000000E+0003	 1.37058120419339E-0001	
 1.99450000000000E+0003	 1.37069646060045E-0001	
 1.99650000000000E+0003	 1.37199671700751E-0001	
 1.99850000000000E+0003	 1.37198197341457E-0001	
 2.00050000000000E+0003	 1.37173722982164E-0001	
 2.00250000000000E+0003	 1.37156748622870E-0001	
 2.00450000000000E+0003	 1.37127274263576E-0001	
 2.00650000000000E+0003	 1.37100299904282E-0001	
 2.00850000000000E+0003	 1.37076325544988E-0001	
 2.01050000000000E+0003	 1.37069851185694E-0001	
 2.01250000000000E+0003	 1.37015876826400E-0001	
 2.01450000000000E+0003	 1.36956402467106E-0001	
 2.01650000000000E+0003	 1.36916928107813E-0001	
 2.01850000000000E+0003	 1.36892453748519E-0001	
 2.02050000000000E+0003	 1.36992479389225E-0001	
 2.02250000000000E+0003	 1.37072505029931E-0001	
 2.02450000000000E+0003	 1.37098530670637E-0001	
 2.02650000000000E+0003	 1.37123056311343E-0001	
 2.02850000000000E+0003	 1.37144581952049E-0001	
 2.03050000000000E+0003	 1.37164107592755E-0001	
 2.03250000000000E+0003	 1.37174133233462E-0001	
 2.03450000000000E+0003	 1.37177658874168E-0001	
 2.03650000000000E+0003	 1.37166184514874E-0001	
 2.03850000000000E+0003	 1.37142710155580E-0001	
 2.04050000000000E+0003	 1.37129235796286E-0001	
 2.04250000000000E+0003	 1.37125761436992E-0001	
 2.04450000000000E+0003	 1.37178287077698E-0001	
 2.04650000000000E+0003	 1.37216812718404E-0001	
 2.04850000000000E+0003	 1.37233838359111E-0001	
 2.05050000000000E+0003	 1.37242363999817E-0001	
 2.05250000000000E+0003	 1.37247889640523E-0001	
 2.05450000000000E+0003	 1.37247915281229E-0001	
 2.05650000000000E+0003	 1.37248940921935E-0001	
 2.05850000000000E+0003	 1.37247966562641E-0001	
 2.06050000000000E+0003	 1.37216992203347E-0001	
 2.06250000000000E+0003	 1.37190017844054E-0001	
 2.06450000000000E+0003	 1.37184043484760E-0001	
 2.06650000000000E+0003	 1.37177069125466E-0001	
 2.06850000000000E+0003	 1.37232094766172E-0001	
 2.07050000000000E+0003	 1.37258120406878E-0001	
 2.07250000000000E+0003	 1.37260646047584E-0001	
 2.07450000000000E+0003	 1.37254671688290E-0001	
 2.07650000000000E+0003	 1.37249697328996E-0001	
 2.07850000000000E+0003	 1.37231222969703E-0001	
 2.08050000000000E+0003	 1.37218748610409E-0001	
 2.08250000000000E+0003	 1.37197774251115E-0001	
 2.08450000000000E+0003	 1.37164799891821E-0001	
 2.08650000000000E+0003	 1.37119325532527E-0001	
 2.08850000000000E+0003	 1.37086851173233E-0001	
 2.09050000000000E+0003	 1.37050376813939E-0001	
 2.09250000000000E+0003	 1.37034902454645E-0001	
 2.09450000000000E+0003	 1.37022928095352E-0001	
 2.09650000000000E+0003	 1.36990953736058E-0001	
 2.09850000000000E+0003	 1.36948979376764E-0001	
 2.10050000000000E+0003	 1.36909505017470E-0001	
 2.10250000000000E+0003	 1.36868530658176E-0001	
 2.10450000000000E+0003	 1.36828556298882E-0001	
 2.10650000000000E+0003	 1.36779581939588E-0001	
 2.10850000000000E+0003	 1.36735107580294E-0001	
 2.11050000000000E+0003	 1.36681133221001E-0001	
 2.11250000000000E+0003	 1.36624158861707E-0001	
 2.11450000000000E+0003	 1.36565684502413E-0001	
 2.11650000000000E+0003	 1.36514710143119E-0001	
 2.11850000000000E+0003	 1.36472735783825E-0001	
 2.12050000000000E+0003	 1.36420261424531E-0001	
 2.12250000000000E+0003	 1.36355787065237E-0001	
 2.12450000000000E+0003	 1.36298312705943E-0001	
 2.12650000000000E+0003	 1.36239838346650E-0001	
 2.12850000000000E+0003	 1.36178363987356E-0001	
 2.13050000000000E+0003	 1.36106389628062E-0001	
 2.13250000000000E+0003	 1.36037915268768E-0001	
 2.13450000000000E+0003	 1.35966940909474E-0001	
 2.13650000000000E+0003	 1.35891966550180E-0001	
 2.13850000000000E+0003	 1.35822992190886E-0001	
 2.14050000000000E+0003	 1.35765517831592E-0001	
 2.14250000000000E+0003	 1.35698543472299E-0001	
 2.14450000000000E+0003	 1.35629069113005E-0001	
 2.14650000000000E+0003	 1.35554094753711E-0001	
 2.14850000000000E+0003	 1.35481120394417E-0001	
 2.15050000000000E+0003	 1.35402646035123E-0001	
 2.15250000000000E+0003	 1.35327171675829E-0001	
 2.15450000000000E+0003	 1.35250197316535E-0001	
 2.15650000000000E+0003	 1.35176222957241E-0001	
 2.15850000000000E+0003	 1.35099748597948E-0001	
 2.16050000000000E+0003	 1.35020274238654E-0001	
 2.16250000000000E+0003	 1.34937799879360E-0001	
 2.16450000000000E+0003	 1.34864825520066E-0001	
 2.16650000000000E+0003	 1.34795851160772E-0001	
 2.16850000000000E+0003	 1.34738376801478E-0001	
 2.17050000000000E+0003	 1.34668402442184E-0001	
 2.17250000000000E+0003	 1.34580428082890E-0001	
 2.17450000000000E+0003	 1.34496953723597E-0001	
 2.17650000000000E+0003	 1.34424979364303E-0001	
 2.17850000000000E+0003	 1.34353505005009E-0001	
 2.18050000000000E+0003	 1.34289030645715E-0001	
 2.18250000000000E+0003	 1.34227556286421E-0001	
 2.18450000000000E+0003	 1.34169081927127E-0001	
 2.18650000000000E+0003	 1.34108107567833E-0001	
 2.18850000000000E+0003	 1.34047133208539E-0001	
 2.19050000000000E+0003	 1.33989158849246E-0001	
 2.19250000000000E+0003	 1.33937184489952E-0001	
 2.19450000000000E+0003	 1.33881210130658E-0001	
 2.19650000000000E+0003	 1.33825235771364E-0001	
 2.19850000000000E+0003	 1.33769261412070E-0001	
 2.20050000000000E+0003	 1.33718787052776E-0001	
 2.20250000000000E+0003	 1.33668812693482E-0001	
 2.20450000000000E+0003	 1.33622338334189E-0001	
 2.20650000000000E+0003	 1.33578863974895E-0001	
 2.20850000000000E+0003	 1.33540889615601E-0001	
 2.21050000000000E+0003	 1.33497915256307E-0001	
 2.21250000000000E+0003	 1.33459940897013E-0001	
 2.21450000000000E+0003	 1.33425466537719E-0001	
 2.21650000000000E+0003	 1.33395492178425E-0001	
 2.21850000000000E+0003	 1.33366517819131E-0001	
 2.22050000000000E+0003	 1.33341043459838E-0001	
 2.22250000000000E+0003	 1.33316069100544E-0001	
 2.22450000000000E+0003	 1.33297094741250E-0001	
 2.22650000000000E+0003	 1.33276620381956E-0001	
 2.22850000000000E+0003	 1.33263646022662E-0001	
 2.23050000000000E+0003	 1.33250171663368E-0001	
 2.23250000000000E+0003	 1.33243197304074E-0001	
 2.23450000000000E+0003	 1.33236722944780E-0001	
 2.23650000000000E+0003	 1.33240748585487E-0001	
 2.23850000000000E+0003	 1.33245774226193E-0001	
 2.24050000000000E+0003	 1.33249799866899E-0001	
 2.24250000000000E+0003	 1.33252825507605E-0001	
 2.24450000000000E+0003	 1.33268851148311E-0001	
 2.24650000000000E+0003	 1.33284376789017E-0001	
 2.24850000000000E+0003	 1.33296902429723E-0001	
 2.25050000000000E+0003	 1.33309928070429E-0001	
 2.25250000000000E+0003	 1.33335453711136E-0001	
 2.25450000000000E+0003	 1.33362979351842E-0001	
 2.25650000000000E+0003	 1.33394004992548E-0001	
 2.25850000000000E+0003	 1.33425530633254E-0001	
 2.26050000000000E+0003	 1.33462056273960E-0001	
 2.26250000000000E+0003	 1.33498581914666E-0001	
 2.26450000000000E+0003	 1.33544107555372E-0001	
 2.26650000000000E+0003	 1.33591133196078E-0001	
 2.26850000000000E+0003	 1.33640158836785E-0001	
 2.27050000000000E+0003	 1.33688684477491E-0001	
 2.27250000000000E+0003	 1.33738210118197E-0001	
 2.27450000000000E+0003	 1.33787235758903E-0001	
 2.27650000000000E+0003	 1.33843261399609E-0001	
 2.27850000000000E+0003	 1.33901787040315E-0001	
 2.28050000000000E+0003	 1.33961312681021E-0001	
 2.28250000000000E+0003	 1.34029838321727E-0001	
 2.28450000000000E+0003	 1.34146863962434E-0001	
 2.28650000000000E+0003	 1.34263389603140E-0001	
 2.28850000000000E+0003	 1.34352415243846E-0001	
 2.29050000000000E+0003	 1.34438940884552E-0001	
 2.29250000000000E+0003	 1.34533466525258E-0001	
 2.29450000000000E+0003	 1.34645992165964E-0001	
 2.29650000000000E+0003	 1.34830517806670E-0001	
 2.29850000000000E+0003	 1.35105543447376E-0001	
 2.30050000000000E+0003	 1.35486569088083E-0001	
 2.30250000000000E+0003	 1.35985094728789E-0001	
 2.30450000000000E+0003	 1.36518620369495E-0001	
 2.30650000000000E+0003	 1.36948146010201E-0001	
 2.30850000000000E+0003	 1.37319671650907E-0001	
 2.31050000000000E+0003	 1.37672697291613E-0001	
 2.31250000000000E+0003	 1.37906722932319E-0001	
 2.31450000000000E+0003	 1.37797248573025E-0001	
 2.31650000000000E+0003	 1.37585774213732E-0001	
 2.31850000000000E+0003	 1.37634799854438E-0001	
 2.32050000000000E+0003	 1.37540325495144E-0001	
 2.32250000000000E+0003	 1.37039851135850E-0001	
 2.32450000000000E+0003	 1.36349376776556E-0001	
 2.32650000000000E+0003	 1.35970402417262E-0001	
 2.32850000000000E+0003	 1.36125928057968E-0001	
 2.33050000000000E+0003	 1.36027453698674E-0001	
 2.33250000000000E+0003	 1.35436979339381E-0001	
 2.33450000000000E+0003	 1.35083004980087E-0001	
 2.33650000000000E+0003	 1.35041030620793E-0001	
 2.33850000000000E+0003	 1.34940556261499E-0001	
 2.34050000000000E+0003	 1.34855581902205E-0001	
 2.34250000000000E+0003	 1.35082107542911E-0001	
 2.34450000000000E+0003	 1.36090133183617E-0001	
 2.34650000000000E+0003	 1.36370658824323E-0001	
 2.34850000000000E+0003	 1.36294184465030E-0001	
 2.35050000000000E+0003	 1.37613710105736E-0001	
 2.35250000000000E+0003	 1.38217235746442E-0001	
 2.35450000000000E+0003	 1.37370261387148E-0001	
 2.35650000000000E+0003	 1.36790287027854E-0001	
 2.35850000000000E+0003	 1.36770812668560E-0001	
 2.36050000000000E+0003	 1.36997838309266E-0001	
 2.36250000000000E+0003	 1.37207863949973E-0001	
 2.36450000000000E+0003	 1.37401889590679E-0001	
 2.36650000000000E+0003	 1.37696415231385E-0001	
 2.36850000000000E+0003	 1.38230940872091E-0001	
 2.37050000000000E+0003	 1.39166966512797E-0001	
 2.37250000000000E+0003	 1.40674992153503E-0001	
 2.37450000000000E+0003	 1.42321017794209E-0001	
 2.37650000000000E+0003	 1.43144543434915E-0001	
 2.37850000000000E+0003	 1.42658069075622E-0001	
 2.38050000000000E+0003	 1.41461594716328E-0001	
 2.38250000000000E+0003	 1.40531620357034E-0001	
 2.38450000000000E+0003	 1.40285145997740E-0001	
 2.38650000000000E+0003	 1.40499671638446E-0001	
 2.38850000000000E+0003	 1.40851697279152E-0001	
 2.39050000000000E+0003	 1.41178222919858E-0001	
 2.39250000000000E+0003	 1.41455248560564E-0001	
 2.39450000000000E+0003	 1.41703274201271E-0001	
 2.39650000000000E+0003	 1.41943799841977E-0001	
 2.39850000000000E+0003	 1.42181325482683E-0001	
 2.40050000000000E+0003	 1.42429851123389E-0001	
 2.40250000000000E+0003	 1.42685376764095E-0001	
 2.40450000000000E+0003	 1.42942402404801E-0001	
 2.40650000000000E+0003	 1.43198928045507E-0001	
 2.40850000000000E+0003	 1.43463453686213E-0001	
 2.41050000000000E+0003	 1.43731479326920E-0001	
 2.41250000000000E+0003	 1.44004504967626E-0001	
 2.41450000000000E+0003	 1.44283030608332E-0001	
 2.41650000000000E+0003	 1.44572056249038E-0001	
 2.41850000000000E+0003	 1.44858581889744E-0001	
 2.42050000000000E+0003	 1.45145107530450E-0001	
 2.42250000000000E+0003	 1.45433633171156E-0001	
 2.42450000000000E+0003	 1.45734658811862E-0001	
 2.42650000000000E+0003	 1.46039184452569E-0001	
 2.42850000000000E+0003	 1.46346210093275E-0001	
 2.43050000000000E+0003	 1.46651735733981E-0001	
 2.43250000000000E+0003	 1.46965261374687E-0001	
 2.43450000000000E+0003	 1.47281787015393E-0001	
 2.43650000000000E+0003	 1.47600312656099E-0001	
 2.43850000000000E+0003	 1.47919338296805E-0001	
 2.44050000000000E+0003	 1.48239863937511E-0001	
 2.44250000000000E+0003	 1.48556889578218E-0001	
 2.44450000000000E+0003	 1.48881915218924E-0001	
 2.44650000000000E+0003	 1.49208440859630E-0001	
 2.44850000000000E+0003	 1.49537466500336E-0001	
 2.45050000000000E+0003	 1.49862492141042E-0001	
 2.45250000000000E+0003	 1.50196517781748E-0001	
 2.45450000000000E+0003	 1.50532543422454E-0001	
 2.45650000000000E+0003	 1.50877069063160E-0001	
 2.45850000000000E+0003	 1.51224094703867E-0001	
 2.46050000000000E+0003	 1.51581120344573E-0001	
 2.46250000000000E+0003	 1.51940645985279E-0001	
 2.46450000000000E+0003	 1.52304171625985E-0001	
 2.46650000000000E+0003	 1.52661697266691E-0001	
 2.46850000000000E+0003	 1.53027722907397E-0001	
 2.47050000000000E+0003	 1.53399748548103E-0001	
 2.47250000000000E+0003	 1.53774274188809E-0001	
 2.47450000000000E+0003	 1.54148299829516E-0001	
 2.47650000000000E+0003	 1.54532825470222E-0001	
 2.47850000000000E+0003	 1.54913851110928E-0001	
 2.48050000000000E+0003	 1.55295376751634E-0001	
 2.48250000000000E+0003	 1.55676402392340E-0001	
 2.48450000000000E+0003	 1.56063928033046E-0001	
 2.48650000000000E+0003	 1.56445453673752E-0001	
 2.48850000000000E+0003	 1.56825479314458E-0001	
 2.49050000000000E+0003	 1.57205504955165E-0001	
 2.49250000000000E+0003	 1.57594030595871E-0001	
 2.49450000000000E+0003	 1.57979556236577E-0001	
 2.49650000000000E+0003	 1.58368081877283E-0001	
 2.49850000000000E+0003	 1.58752607517989E-0001	
 2.50050000000000E+0003	 1.59133633158695E-0001	
 2.50250000000000E+0003	 1.59507158799401E-0001	
 2.50450000000000E+0003	 1.59887684440108E-0001	
 2.50650000000000E+0003	 1.60270210080814E-0001	
 2.50850000000000E+0003	 1.60650235721520E-0001	
 2.51050000000000E+0003	 1.61016761362226E-0001	
 2.51250000000000E+0003	 1.61375787002932E-0001	
 2.51450000000000E+0003	 1.61731312643638E-0001	
 2.51650000000000E+0003	 1.62086338284344E-0001	
 2.51850000000000E+0003	 1.62431363925050E-0001	
 2.52050000000000E+0003	 1.62776389565757E-0001	
 2.52250000000000E+0003	 1.63113915206463E-0001	
 2.52450000000000E+0003	 1.63453940847169E-0001	
 2.52650000000000E+0003	 1.63790966487875E-0001	
 2.52850000000000E+0003	 1.64125492128581E-0001	
 2.53050000000000E+0003	 1.64456017769287E-0001	
 2.53250000000000E+0003	 1.64784043409993E-0001	
 2.53450000000000E+0003	 1.65103069050699E-0001	
 2.53650000000000E+0003	 1.65428094691406E-0001	
 2.53850000000000E+0003	 1.65753120332112E-0001	
 2.54050000000000E+0003	 1.66078145972818E-0001	
 2.54250000000000E+0003	 1.66398671613524E-0001	
 2.54450000000000E+0003	 1.66720697254230E-0001	
 2.54650000000000E+0003	 1.67042722894936E-0001	
 2.54850000000000E+0003	 1.67368748535642E-0001	
 2.55050000000000E+0003	 1.67691274176348E-0001	
 2.55250000000000E+0003	 1.68019299817055E-0001	
 2.55450000000000E+0003	 1.68345325457761E-0001	
 2.55650000000000E+0003	 1.68665351098467E-0001	
 2.55850000000000E+0003	 1.68984876739173E-0001	
 2.56050000000000E+0003	 1.69313402379879E-0001	
 2.56250000000000E+0003	 1.69636928020585E-0001	
 2.56450000000000E+0003	 1.69960453661291E-0001	
 2.56650000000000E+0003	 1.70284479301997E-0001	
 2.56850000000000E+0003	 1.70610504942704E-0001	
 2.57050000000000E+0003	 1.70940530583410E-0001	
 2.57250000000000E+0003	 1.71280056224116E-0001	
 2.57450000000000E+0003	 1.71623081864822E-0001	
 2.57650000000000E+0003	 1.71974107505528E-0001	
 2.57850000000000E+0003	 1.72331633146234E-0001	
 2.58050000000000E+0003	 1.72704658786940E-0001	
 2.58250000000000E+0003	 1.73086684427646E-0001	
 2.58450000000000E+0003	 1.73477210068353E-0001	
 2.58650000000000E+0003	 1.73870235709059E-0001	
 2.58850000000000E+0003	 1.74268261349765E-0001	
 2.59050000000000E+0003	 1.74664786990471E-0001	
 2.59250000000000E+0003	 1.75066312631177E-0001	
 2.59450000000000E+0003	 1.75472838271883E-0001	
 2.59650000000000E+0003	 1.75888363912589E-0001	
 2.59850000000000E+0003	 1.76303889553295E-0001	
 2.60050000000000E+0003	 1.76723915194002E-0001	
 2.60250000000000E+0003	 1.77147440834708E-0001	
 2.60450000000000E+0003	 1.77570466475414E-0001	
 2.60650000000000E+0003	 1.77986992116120E-0001	
 2.60850000000000E+0003	 1.78401017756826E-0001	
 2.61050000000000E+0003	 1.78804543397532E-0001	
 2.61250000000000E+0003	 1.79203069038238E-0001	
 2.61450000000000E+0003	 1.79596594678944E-0001	
 2.61650000000000E+0003	 1.79990120319651E-0001	
 2.61850000000000E+0003	 1.80374145960357E-0001	
 2.62050000000000E+0003	 1.80751171601063E-0001	
 2.62250000000000E+0003	 1.81123197241769E-0001	
 2.62450000000000E+0003	 1.81496722882475E-0001	
 2.62650000000000E+0003	 1.81863748523181E-0001	
 2.62850000000000E+0003	 1.82228774163887E-0001	
 2.63050000000000E+0003	 1.82582299804593E-0001	
 2.63250000000000E+0003	 1.82926825445300E-0001	
 2.63450000000000E+0003	 1.83266851086006E-0001	
 2.63650000000000E+0003	 1.83613876726712E-0001	
 2.63850000000000E+0003	 1.83961902367418E-0001	
 2.64050000000000E+0003	 1.84302928008124E-0001	
 2.64250000000000E+0003	 1.84636453648830E-0001	
 2.64450000000000E+0003	 1.84979479289536E-0001	
 2.64650000000000E+0003	 1.85322504930243E-0001	
 2.64850000000000E+0003	 1.85663530570949E-0001	
 2.65050000000000E+0003	 1.86003556211655E-0001	
 2.65250000000000E+0003	 1.86345581852361E-0001	
 2.65450000000000E+0003	 1.86689107493067E-0001	
 2.65650000000000E+0003	 1.87043633133773E-0001	
 2.65850000000000E+0003	 1.87402658774479E-0001	
 2.66050000000000E+0003	 1.87765184415185E-0001	
 2.66250000000000E+0003	 1.88130710055892E-0001	
 2.66450000000000E+0003	 1.88507735696598E-0001	
 2.66650000000000E+0003	 1.88885261337304E-0001	
 2.66850000000000E+0003	 1.89269286978010E-0001	
 2.67050000000000E+0003	 1.89655312618716E-0001	
 2.67250000000000E+0003	 1.90045838259422E-0001	
 2.67450000000000E+0003	 1.90441363900128E-0001	
 2.67650000000000E+0003	 1.90841389540834E-0001	
 2.67850000000000E+0003	 1.91240915181541E-0001	
 2.68050000000000E+0003	 1.91645940822247E-0001	
 2.68250000000000E+0003	 1.92050466462953E-0001	
 2.68450000000000E+0003	 1.92454492103659E-0001	
 2.68650000000000E+0003	 1.92859517744365E-0001	
 2.68850000000000E+0003	 1.93271043385071E-0001	
 2.69050000000000E+0003	 1.93685569025777E-0001	
 2.69250000000000E+0003	 1.94108594666483E-0001	
 2.69450000000000E+0003	 1.94532620307190E-0001	
 2.69650000000000E+0003	 1.94971645947896E-0001	
 2.69850000000000E+0003	 1.95426171588602E-0001	
 2.70050000000000E+0003	 1.95898697229308E-0001	
 2.70250000000000E+0003	 1.96381222870014E-0001	
 2.70450000000000E+0003	 1.96880748510720E-0001	
 2.70650000000000E+0003	 1.97398274151426E-0001	
 2.70850000000000E+0003	 1.97943799792132E-0001	
 2.71050000000000E+0003	 1.98512825432839E-0001	
 2.71250000000000E+0003	 1.99103351073545E-0001	
 2.71450000000000E+0003	 1.99707376714251E-0001	
 2.71650000000000E+0003	 2.00331402354957E-0001	
 2.71850000000000E+0003	 2.00964927995663E-0001	
 2.72050000000000E+0003	 2.01604953636369E-0001	
 2.72250000000000E+0003	 2.02249979277075E-0001	
 2.72450000000000E+0003	 2.02900004917781E-0001	
 2.72650000000000E+0003	 2.03551030558488E-0001	
 2.72850000000000E+0003	 2.04196556199194E-0001	
 2.73050000000000E+0003	 2.04825081839900E-0001	
 2.73250000000000E+0003	 2.05447607480606E-0001	
 2.73450000000000E+0003	 2.06055133121312E-0001	
 2.73650000000000E+0003	 2.06651658762018E-0001	
 2.73850000000000E+0003	 2.07240184402724E-0001	
 2.74050000000000E+0003	 2.07823710043430E-0001	
 2.74250000000000E+0003	 2.08388735684137E-0001	
 2.74450000000000E+0003	 2.08940761324843E-0001	
 2.74650000000000E+0003	 2.09484286965549E-0001	
 2.74850000000000E+0003	 2.10039812606255E-0001	
 2.75050000000000E+0003	 2.10595838246961E-0001	
 2.75250000000000E+0003	 2.11150363887667E-0001	
 2.75450000000000E+0003	 2.11709889528373E-0001	
 2.75650000000000E+0003	 2.12288415169079E-0001	
 2.75850000000000E+0003	 2.12871940809786E-0001	
 2.76050000000000E+0003	 2.13462466450492E-0001	
 2.76250000000000E+0003	 2.14056992091198E-0001	
 2.76450000000000E+0003	 2.14656017731904E-0001	
 2.76650000000000E+0003	 2.15257543372610E-0001	
 2.76850000000000E+0003	 2.15868569013316E-0001	
 2.77050000000000E+0003	 2.16482094654022E-0001	
 2.77250000000000E+0003	 2.17101620294728E-0001	
 2.77450000000000E+0003	 2.17738645935435E-0001	
 2.77650000000000E+0003	 2.18399171576141E-0001	
 2.77850000000000E+0003	 2.19061697216847E-0001	
 2.78050000000000E+0003	 2.19733722857553E-0001	
 2.78250000000000E+0003	 2.20419248498259E-0001	
 2.78450000000000E+0003	 2.21119274138965E-0001	
 2.78650000000000E+0003	 2.21818799779671E-0001	
 2.78850000000000E+0003	 2.22540325420377E-0001	
 2.79050000000000E+0003	 2.23283851061084E-0001	
 2.79250000000000E+0003	 2.24035376701790E-0001	
 2.79450000000000E+0003	 2.24784902342496E-0001	
 2.79650000000000E+0003	 2.25549427983202E-0001	
 2.79850000000000E+0003	 2.26340453623908E-0001	
 2.80050000000000E+0003	 2.27151479264614E-0001	
 2.80250000000000E+0003	 2.27965004905320E-0001	
 2.80450000000000E+0003	 2.28786030546027E-0001	
 2.80650000000000E+0003	 2.29613056186733E-0001	
 2.80850000000000E+0003	 2.30455081827439E-0001	
 2.81050000000000E+0003	 2.31319607468145E-0001	
 2.81250000000000E+0003	 2.32202133108851E-0001	
 2.81450000000000E+0003	 2.33086658749557E-0001	
 2.81650000000000E+0003	 2.33982184390263E-0001	
 2.81850000000000E+0003	 2.34899710030969E-0001	
 2.82050000000000E+0003	 2.35846735671676E-0001	
 2.82250000000000E+0003	 2.36817261312382E-0001	
 2.82450000000000E+0003	 2.37827786953088E-0001	
 2.82650000000000E+0003	 2.38888312593794E-0001	
 2.82850000000000E+0003	 2.40009838234500E-0001	
 2.83050000000000E+0003	 2.41202363875206E-0001	
 2.83250000000000E+0003	 2.42497389515912E-0001	
 2.83450000000000E+0003	 2.43932415156618E-0001	
 2.83650000000000E+0003	 2.45577440797325E-0001	
 2.83850000000000E+0003	 2.47558466438031E-0001	
 2.84050000000000E+0003	 2.50028992078737E-0001	
 2.84250000000000E+0003	 2.53189517719443E-0001	
 2.84450000000000E+0003	 2.57328043360149E-0001	
 2.84650000000000E+0003	 2.62520569000855E-0001	
 2.84850000000000E+0003	 2.68149594641561E-0001	
 2.85050000000000E+0003	 2.72909120282267E-0001	
 2.85250000000000E+0003	 2.75916145922974E-0001	
 2.85450000000000E+0003	 2.77236671563680E-0001	
 2.85650000000000E+0003	 2.77381197204386E-0001	
 2.85850000000000E+0003	 2.76942722845092E-0001	
 2.86050000000000E+0003	 2.76499248485798E-0001	
 2.86250000000000E+0003	 2.76486274126504E-0001	
 2.86450000000000E+0003	 2.77156799767210E-0001	
 2.86650000000000E+0003	 2.78497325407916E-0001	
 2.86850000000000E+0003	 2.80287851048623E-0001	
 2.87050000000000E+0003	 2.82172376689329E-0001	
 2.87250000000000E+0003	 2.83754902330035E-0001	
 2.87450000000000E+0003	 2.84694927970741E-0001	
 2.87650000000000E+0003	 2.84949953611447E-0001	
 2.87850000000000E+0003	 2.84780979252153E-0001	
 2.88050000000000E+0003	 2.84494504892859E-0001	
 2.88250000000000E+0003	 2.84315530533565E-0001	
 2.88450000000000E+0003	 2.84419556174272E-0001	
 2.88650000000000E+0003	 2.84887581814978E-0001	
 2.88850000000000E+0003	 2.85734607455684E-0001	
 2.89050000000000E+0003	 2.86915633096390E-0001	
 2.89250000000000E+0003	 2.88375158737096E-0001	
 2.89450000000000E+0003	 2.90053684377802E-0001	
 2.89650000000000E+0003	 2.91896210018508E-0001	
 2.89850000000000E+0003	 2.93851735659214E-0001	
 2.90050000000000E+0003	 2.95940261299921E-0001	
 2.90250000000000E+0003	 2.98211786940627E-0001	
 2.90450000000000E+0003	 3.00745812581333E-0001	
 2.90650000000000E+0003	 3.03630338222039E-0001	
 2.90850000000000E+0003	 3.07005363862745E-0001	
 2.91050000000000E+0003	 3.11062889503451E-0001	
 2.91250000000000E+0003	 3.15972915144157E-0001	
 2.91450000000000E+0003	 3.21566940784863E-0001	
 2.91650000000000E+0003	 3.27216466425570E-0001	
 2.91850000000000E+0003	 3.32197492066276E-0001	
 2.92050000000000E+0003	 3.36124517706982E-0001	
 2.92250000000000E+0003	 3.38944543347688E-0001	
 2.92450000000000E+0003	 3.40711068988394E-0001	
 2.92650000000000E+0003	 3.41498594629100E-0001	
 2.92850000000000E+0003	 3.41462620269806E-0001	
 2.93050000000000E+0003	 3.40716645910512E-0001	
 2.93250000000000E+0003	 3.39339171551219E-0001	
 2.93450000000000E+0003	 3.37444197191925E-0001	
 2.93650000000000E+0003	 3.35143222832631E-0001	
 2.93850000000000E+0003	 3.32535748473337E-0001	
 2.94050000000000E+0003	 3.29810774114043E-0001	
 2.94250000000000E+0003	 3.27235299754749E-0001	
 2.94450000000000E+0003	 3.25093825395455E-0001	
 2.94650000000000E+0003	 3.23616851036162E-0001	
 2.94850000000000E+0003	 3.22966376676868E-0001	
 2.95050000000000E+0003	 3.23194902317574E-0001	
 2.95250000000000E+0003	 3.24185927958280E-0001	
 2.95450000000000E+0003	 3.25551453598986E-0001	
 2.95650000000000E+0003	 3.26860479239692E-0001	
 2.95850000000000E+0003	 3.27755004880398E-0001	
 2.96050000000000E+0003	 3.27997030521104E-0001	
 2.96250000000000E+0003	 3.27478556161811E-0001	
 2.96450000000000E+0003	 3.26222081802517E-0001	
 2.96650000000000E+0003	 3.24360607443223E-0001	
 2.96850000000000E+0003	 3.22089633083929E-0001	
 2.97050000000000E+0003	 3.19520158724635E-0001	
 2.97250000000000E+0003	 3.16768184365341E-0001	
 2.97450000000000E+0003	 3.14014210006047E-0001	
 2.97650000000000E+0003	 3.11374735646753E-0001	
 2.97850000000000E+0003	 3.08866761287460E-0001	
 2.98050000000000E+0003	 3.06490786928166E-0001	
 2.98250000000000E+0003	 3.04218812568872E-0001	
 2.98450000000000E+0003	 3.02060838209578E-0001	
 2.98650000000000E+0003	 3.00044863850284E-0001	
 2.98850000000000E+0003	 2.98201389490990E-0001	
 2.99050000000000E+0003	 2.96553415131696E-0001	
 2.99250000000000E+0003	 2.95137440772402E-0001	
 2.99450000000000E+0003	 2.93943466413109E-0001	
 2.99650000000000E+0003	 2.93000992053815E-0001	
 2.99850000000000E+0003	 2.92333517694521E-0001	
 3.00050000000000E+0003	 2.91903543335227E-0001	
 3.00250000000000E+0003	 2.91681068975933E-0001	
 3.00450000000000E+0003	 2.91643594616639E-0001	
 3.00650000000000E+0003	 2.91734120257345E-0001	
 3.00850000000000E+0003	 2.91917145898051E-0001	
 3.01050000000000E+0003	 2.92210671538758E-0001	
 3.01250000000000E+0003	 2.92648697179464E-0001	
 3.01450000000000E+0003	 2.93205222820170E-0001	
 3.01650000000000E+0003	 2.93848748460876E-0001	
 3.01850000000000E+0003	 2.94593774101582E-0001	
 3.02050000000000E+0003	 2.95456799742288E-0001	
 3.02250000000000E+0003	 2.96405325382994E-0001	
 3.02450000000000E+0003	 2.97441851023700E-0001	
 3.02650000000000E+0003	 2.98517876664407E-0001	
 3.02850000000000E+0003	 2.99558402305113E-0001	
 3.03050000000000E+0003	 3.00558427945819E-0001	
 3.03250000000000E+0003	 3.01538453586525E-0001	
 3.03450000000000E+0003	 3.02535979227231E-0001	
 3.03650000000000E+0003	 3.03551504867937E-0001	
 3.03850000000000E+0003	 3.04551030508643E-0001	
 3.04050000000000E+0003	 3.05576056149349E-0001	
 3.04250000000000E+0003	 3.06654581790056E-0001	
 3.04450000000000E+0003	 3.07759107430762E-0001	
 3.04650000000000E+0003	 3.08860633071468E-0001	
 3.04850000000000E+0003	 3.09946158712174E-0001	
 3.05050000000000E+0003	 3.11041184352880E-0001	
 3.05250000000000E+0003	 3.12143209993586E-0001	
 3.05450000000000E+0003	 3.13206735634292E-0001	
 3.05650000000000E+0003	 3.14237761274998E-0001	
 3.05850000000000E+0003	 3.15212786915705E-0001	
 3.06050000000000E+0003	 3.16091312556411E-0001	
 3.06250000000000E+0003	 3.16859838197117E-0001	
 3.06450000000000E+0003	 3.17527863837823E-0001	
 3.06650000000000E+0003	 3.18126889478529E-0001	
 3.06850000000000E+0003	 3.18700415119235E-0001	
 3.07050000000000E+0003	 3.19204440759941E-0001	
 3.07250000000000E+0003	 3.19616966400647E-0001	
 3.07450000000000E+0003	 3.19930492041354E-0001	
 3.07650000000000E+0003	 3.20177517682060E-0001	
 3.07850000000000E+0003	 3.20431043322766E-0001	
 3.08050000000000E+0003	 3.20698068963472E-0001	
 3.08250000000000E+0003	 3.20932094604178E-0001	
 3.08450000000000E+0003	 3.21153120244884E-0001	
 3.08650000000000E+0003	 3.21352145885590E-0001	
 3.08850000000000E+0003	 3.21511171526297E-0001	
 3.09050000000000E+0003	 3.21653197167003E-0001	
 3.09250000000000E+0003	 3.21780722807709E-0001	
 3.09450000000000E+0003	 3.21869248448415E-0001	
 3.09650000000000E+0003	 3.21949274089121E-0001	
 3.09850000000000E+0003	 3.22050299729827E-0001	
 3.10050000000000E+0003	 3.22212325370533E-0001	
 3.10250000000000E+0003	 3.22422351011239E-0001	
 3.10450000000000E+0003	 3.22650376651946E-0001	
 3.10650000000000E+0003	 3.22900902292652E-0001	
 3.10850000000000E+0003	 3.23223927933358E-0001	
 3.11050000000000E+0003	 3.23603953574064E-0001	
 3.11250000000000E+0003	 3.23979479214770E-0001	
 3.11450000000000E+0003	 3.24386504855476E-0001	
 3.11650000000000E+0003	 3.24896530496182E-0001	
 3.11850000000000E+0003	 3.25486556136888E-0001	
 3.12050000000000E+0003	 3.26149581777595E-0001	
 3.12250000000000E+0003	 3.26863607418301E-0001	
 3.12450000000000E+0003	 3.27617633059007E-0001	
 3.12650000000000E+0003	 3.28412158699713E-0001	
 3.12850000000000E+0003	 3.29248184340419E-0001	
 3.13050000000000E+0003	 3.30139709981125E-0001	
 3.13250000000000E+0003	 3.31077235621831E-0001	
 3.13450000000000E+0003	 3.32047761262537E-0001	
 3.13650000000000E+0003	 3.33050286903244E-0001	
 3.13850000000000E+0003	 3.34106812543950E-0001	
 3.14050000000000E+0003	 3.35223338184656E-0001	
 3.14250000000000E+0003	 3.36357863825362E-0001	
 3.14450000000000E+0003	 3.37517889466068E-0001	
 3.14650000000000E+0003	 3.38710415106774E-0001	
 3.14850000000000E+0003	 3.39931440747480E-0001	
 3.15050000000000E+0003	 3.41190466388186E-0001	
 3.15250000000000E+0003	 3.42514492028893E-0001	
 3.15450000000000E+0003	 3.43858017669599E-0001	
 3.15650000000000E+0003	 3.45207543310305E-0001	
 3.15850000000000E+0003	 3.46588568951011E-0001	
 3.16050000000000E+0003	 3.48000094591717E-0001	
 3.16250000000000E+0003	 3.49428120232423E-0001	
 3.16450000000000E+0003	 3.50878145873129E-0001	
 3.16650000000000E+0003	 3.52345671513835E-0001	
 3.16850000000000E+0003	 3.53828697154542E-0001	
 3.17050000000000E+0003	 3.55323222795248E-0001	
 3.17250000000000E+0003	 3.56825248435954E-0001	
 3.17450000000000E+0003	 3.58320774076660E-0001	
 3.17650000000000E+0003	 3.59813299717366E-0001	
 3.17850000000000E+0003	 3.61307825358072E-0001	
 3.18050000000000E+0003	 3.62799850998778E-0001	
 3.18250000000000E+0003	 3.64274876639484E-0001	
 3.18450000000000E+0003	 3.65740402280191E-0001	
 3.18650000000000E+0003	 3.67192927920897E-0001	
 3.18850000000000E+0003	 3.68625453561603E-0001	
 3.19050000000000E+0003	 3.70033479202309E-0001	
 3.19250000000000E+0003	 3.71422004843015E-0001	
 3.19450000000000E+0003	 3.72780030483721E-0001	
 3.19650000000000E+0003	 3.74112556124427E-0001	
 3.19850000000000E+0003	 3.75421081765133E-0001	
 3.20050000000000E+0003	 3.76712107405840E-0001	
 3.20250000000000E+0003	 3.77970133046546E-0001	
 3.20450000000000E+0003	 3.79194158687252E-0001	
 3.20650000000000E+0003	 3.80386684327958E-0001	
 3.20850000000000E+0003	 3.81562709968664E-0001	
 3.21050000000000E+0003	 3.82721235609370E-0001	
 3.21250000000000E+0003	 3.83871761250076E-0001	
 3.21450000000000E+0003	 3.85022286890782E-0001	
 3.21650000000000E+0003	 3.86182812531489E-0001	
 3.21850000000000E+0003	 3.87353838172195E-0001	
 3.22050000000000E+0003	 3.88551363812901E-0001	
 3.22250000000000E+0003	 3.89770889453607E-0001	
 3.22450000000000E+0003	 3.91012415094313E-0001	
 3.22650000000000E+0003	 3.92280440735019E-0001	
 3.22850000000000E+0003	 3.93582966375725E-0001	
 3.23050000000000E+0003	 3.94921992016431E-0001	
 3.23250000000000E+0003	 3.96334017657138E-0001	
 3.23450000000000E+0003	 3.97815043297844E-0001	
 3.23650000000000E+0003	 3.99325068938550E-0001	
 3.23850000000000E+0003	 4.00879094579256E-0001	
 3.24050000000000E+0003	 4.02508620219962E-0001	
 3.24250000000000E+0003	 4.04198645860668E-0001	
 3.24450000000000E+0003	 4.05940671501374E-0001	
 3.24650000000000E+0003	 4.07766197142081E-0001	
 3.24850000000000E+0003	 4.09680722782787E-0001	
 3.25050000000000E+0003	 4.11628248423493E-0001	
 3.25250000000000E+0003	 4.13607274064199E-0001	
 3.25450000000000E+0003	 4.15636299704905E-0001	
 3.25650000000000E+0003	 4.17728325345611E-0001	
 3.25850000000000E+0003	 4.19847350986317E-0001	
 3.26050000000000E+0003	 4.21981876627023E-0001	
 3.26250000000000E+0003	 4.24119402267730E-0001	
 3.26450000000000E+0003	 4.26248927908436E-0001	
 3.26650000000000E+0003	 4.28330953549142E-0001	
 3.26850000000000E+0003	 4.30355979189848E-0001	
 3.27050000000000E+0003	 4.32359504830554E-0001	
 3.27250000000000E+0003	 4.34324530471260E-0001	
 3.27450000000000E+0003	 4.36196556111966E-0001	
 3.27650000000000E+0003	 4.38002081752672E-0001	
 3.27850000000000E+0003	 4.39718107393379E-0001	
 3.28050000000000E+0003	 4.41331633034085E-0001	
 3.28250000000000E+0003	 4.42846158674791E-0001	
 3.28450000000000E+0003	 4.44265684315497E-0001	
 3.28650000000000E+0003	 4.45577709956203E-0001	
 3.28850000000000E+0003	 4.46778235596909E-0001	
 3.29050000000000E+0003	 4.47877761237615E-0001	
 3.29250000000000E+0003	 4.48911786878321E-0001	
 3.29450000000000E+0003	 4.49861812519028E-0001	
 3.29650000000000E+0003	 4.50727838159734E-0001	
 3.29850000000000E+0003	 4.51507363800440E-0001	
 3.30050000000000E+0003	 4.52191889441146E-0001	
 3.30250000000000E+0003	 4.52764415081852E-0001	
 3.30450000000000E+0003	 4.53267940722558E-0001	
 3.30650000000000E+0003	 4.53742966363264E-0001	
 3.30850000000000E+0003	 4.54186992003970E-0001	
 3.31050000000000E+0003	 4.54582517644677E-0001	
 3.31250000000000E+0003	 4.54923543285383E-0001	
 3.31450000000000E+0003	 4.55214068926089E-0001	
 3.31650000000000E+0003	 4.55481094566795E-0001	
 3.31850000000000E+0003	 4.55727620207501E-0001	
 3.32050000000000E+0003	 4.55960645848207E-0001	
 3.32250000000000E+0003	 4.56171171488913E-0001	
 3.32450000000000E+0003	 4.56387697129619E-0001	
 3.32650000000000E+0003	 4.56643222770326E-0001	
 3.32850000000000E+0003	 4.56911248411032E-0001	
 3.33050000000000E+0003	 4.57164774051738E-0001	
 3.33250000000000E+0003	 4.57431299692444E-0001	
 3.33450000000000E+0003	 4.57712325333150E-0001	
 3.33650000000000E+0003	 4.58025850973856E-0001	
 3.33850000000000E+0003	 4.58390376614562E-0001	
 3.34050000000000E+0003	 4.58793402255268E-0001	
 3.34250000000000E+0003	 4.59213427895975E-0001	
 3.34450000000000E+0003	 4.59675453536681E-0001	
 3.34650000000000E+0003	 4.60157479177387E-0001	
 3.34850000000000E+0003	 4.60665504818093E-0001	
 3.35050000000000E+0003	 4.61231030458799E-0001	
 3.35250000000000E+0003	 4.61850556099505E-0001	
 3.35450000000000E+0003	 4.62481581740211E-0001	
 3.35650000000000E+0003	 4.63134107380917E-0001	
 3.35850000000000E+0003	 4.63807633021624E-0001	
 3.36050000000000E+0003	 4.64523158662330E-0001	
 3.36250000000000E+0003	 4.65257184303036E-0001	
 3.36450000000000E+0003	 4.65998209943742E-0001	
 3.36650000000000E+0003	 4.66761235584448E-0001	
 3.36850000000000E+0003	 4.67552761225154E-0001	
 3.37050000000000E+0003	 4.68318286865860E-0001	
 3.37250000000000E+0003	 4.69027312506566E-0001	
 3.37450000000000E+0003	 4.69692338147273E-0001	
 3.37650000000000E+0003	 4.70344363787979E-0001	
 3.37850000000000E+0003	 4.70953389428685E-0001	
 3.38050000000000E+0003	 4.71517915069391E-0001	
 3.38250000000000E+0003	 4.72030940710097E-0001	
 3.38450000000000E+0003	 4.72504466350803E-0001	
 3.38650000000000E+0003	 4.72943491991509E-0001	
 3.38850000000000E+0003	 4.73359017632216E-0001	
 3.39050000000000E+0003	 4.73763043272922E-0001	
 3.39250000000000E+0003	 4.74134068913628E-0001	
 3.39450000000000E+0003	 4.74425594554334E-0001	
 3.39650000000000E+0003	 4.74707120195040E-0001	
 3.39850000000000E+0003	 4.75023645835746E-0001	
 3.40050000000000E+0003	 4.75334671476452E-0001	
 3.40250000000000E+0003	 4.75538697117158E-0001	
 3.40450000000000E+0003	 4.75678722757865E-0001	
 3.40650000000000E+0003	 4.75833748398571E-0001	
 3.40850000000000E+0003	 4.76001274039277E-0001	
 3.41050000000000E+0003	 4.76128299679983E-0001	
 3.41250000000000E+0003	 4.76211325320689E-0001	
 3.41450000000000E+0003	 4.76231350961395E-0001	
 3.41650000000000E+0003	 4.76194876602101E-0001	
 3.41850000000000E+0003	 4.76117402242807E-0001	
 3.42050000000000E+0003	 4.76000427883514E-0001	
 3.42250000000000E+0003	 4.75814453524220E-0001	
 3.42450000000000E+0003	 4.75583979164926E-0001	
 3.42650000000000E+0003	 4.75311504805632E-0001	
 3.42850000000000E+0003	 4.74992530446338E-0001	
 3.43050000000000E+0003	 4.74585056087044E-0001	
 3.43250000000000E+0003	 4.74104081727750E-0001	
 3.43450000000000E+0003	 4.73575607368456E-0001	
 3.43650000000000E+0003	 4.72943133009163E-0001	
 3.43850000000000E+0003	 4.72155658649869E-0001	
 3.44050000000000E+0003	 4.71298184290575E-0001	
 3.44250000000000E+0003	 4.70406209931281E-0001	
 3.44450000000000E+0003	 4.69482235571987E-0001	
 3.44650000000000E+0003	 4.68512761212693E-0001	
 3.44850000000000E+0003	 4.67463286853399E-0001	
 3.45050000000000E+0003	 4.66355812494105E-0001	
 3.45250000000000E+0003	 4.65216338134812E-0001	
 3.45450000000000E+0003	 4.64017863775518E-0001	
 3.45650000000000E+0003	 4.62778889416224E-0001	
 3.45850000000000E+0003	 4.61519915056930E-0001	
 3.46050000000000E+0003	 4.60225940697636E-0001	
 3.46250000000000E+0003	 4.58850466338342E-0001	
 3.46450000000000E+0003	 4.57481991979048E-0001	
 3.46650000000000E+0003	 4.56163517619754E-0001	
 3.46850000000000E+0003	 4.54768043260461E-0001	
 3.47050000000000E+0003	 4.53191568901167E-0001	
 3.47250000000000E+0003	 4.51552094541873E-0001	
 3.47450000000000E+0003	 4.49954120182579E-0001	
 3.47650000000000E+0003	 4.48393145823285E-0001	
 3.47850000000000E+0003	 4.46850671463991E-0001	
 3.48050000000000E+0003	 4.45244197104697E-0001	
 3.48250000000000E+0003	 4.43532222745403E-0001	
 3.48450000000000E+0003	 4.41852248386110E-0001	
 3.48650000000000E+0003	 4.40208774026816E-0001	
 3.48850000000000E+0003	 4.38508299667522E-0001	
 3.49050000000000E+0003	 4.36770325308228E-0001	
 3.49250000000000E+0003	 4.35049350948934E-0001	
 3.49450000000000E+0003	 4.33335876589640E-0001	
 3.49650000000000E+0003	 4.31608402230346E-0001	
 3.49850000000000E+0003	 4.29834427871052E-0001	
 3.50050000000000E+0003	 4.28065953511759E-0001	
 3.50250000000000E+0003	 4.26283479152465E-0001	
 3.50450000000000E+0003	 4.24399504793171E-0001	
 3.50650000000000E+0003	 4.22502530433877E-0001	
 3.50850000000000E+0003	 4.20662556074583E-0001	
 3.51050000000000E+0003	 4.18827581715289E-0001	
 3.51250000000000E+0003	 4.17026107355995E-0001	
 3.51450000000000E+0003	 4.15183132996701E-0001	
 3.51650000000000E+0003	 4.13257658637408E-0001	
 3.51850000000000E+0003	 4.11312184278114E-0001	
 3.52050000000000E+0003	 4.09393709918820E-0001	
 3.52250000000000E+0003	 4.07490235559526E-0001	
 3.52450000000000E+0003	 4.05507261200232E-0001	
 3.52650000000000E+0003	 4.03462786840938E-0001	
 3.52850000000000E+0003	 4.01456312481644E-0001	
 3.53050000000000E+0003	 3.99459338122350E-0001	
 3.53250000000000E+0003	 3.97464863763057E-0001	
 3.53450000000000E+0003	 3.95495389403763E-0001	
 3.53650000000000E+0003	 3.93477915044469E-0001	
 3.53850000000000E+0003	 3.91339940685175E-0001	
 3.54050000000000E+0003	 3.89209966325881E-0001	
 3.54250000000000E+0003	 3.87124991966587E-0001	
 3.54450000000000E+0003	 3.84975517607293E-0001	
 3.54650000000000E+0003	 3.82672543248000E-0001	
 3.54850000000000E+0003	 3.80343568888706E-0001	
 3.55050000000000E+0003	 3.78119094529412E-0001	
 3.55250000000000E+0003	 3.75868120170118E-0001	
 3.55450000000000E+0003	 3.73541645810824E-0001	
 3.55650000000000E+0003	 3.71233171451530E-0001	
 3.55850000000000E+0003	 3.68913697092236E-0001	
 3.56050000000000E+0003	 3.66527222732942E-0001	
 3.56250000000000E+0003	 3.64032748373649E-0001	
 3.56450000000000E+0003	 3.61476774014355E-0001	
 3.56650000000000E+0003	 3.58876799655061E-0001	
 3.56850000000000E+0003	 3.56303325295767E-0001	
 3.57050000000000E+0003	 3.53836850936473E-0001	
 3.57250000000000E+0003	 3.51339376577179E-0001	
 3.57450000000000E+0003	 3.48713902217885E-0001	
 3.57650000000000E+0003	 3.46041427858591E-0001	
 3.57850000000000E+0003	 3.43351953499298E-0001	
 3.58050000000000E+0003	 3.40634979140004E-0001	
 3.58250000000000E+0003	 3.37902004780710E-0001	
 3.58450000000000E+0003	 3.35189030421416E-0001	
 3.58650000000000E+0003	 3.32357056062122E-0001	
 3.58850000000000E+0003	 3.29292581702828E-0001	
 3.59050000000000E+0003	 3.26334107343534E-0001	
 3.59250000000000E+0003	 3.23591632984240E-0001	
 3.59450000000000E+0003	 3.20790658624947E-0001	
 3.59650000000000E+0003	 3.17939684265653E-0001	
 3.59850000000000E+0003	 3.15125209906359E-0001	
 3.60050000000000E+0003	 3.12287735547065E-0001	
 3.60250000000000E+0003	 3.09431261187771E-0001	
 3.60450000000000E+0003	 3.06584286828477E-0001	
 3.60650000000000E+0003	 3.03695812469183E-0001	
 3.60850000000000E+0003	 3.00743838109889E-0001	
 3.61050000000000E+0003	 2.97861363750596E-0001	
 3.61250000000000E+0003	 2.95140889391302E-0001	
 3.61450000000000E+0003	 2.92486915032008E-0001	
 3.61650000000000E+0003	 2.89974440672714E-0001	
 3.61850000000000E+0003	 2.87554466313420E-0001	
 3.62050000000000E+0003	 2.84851491954126E-0001	
 3.62250000000000E+0003	 2.81961017594832E-0001	
 3.62450000000000E+0003	 2.79219043235538E-0001	
 3.62650000000000E+0003	 2.76648068876245E-0001	
 3.62850000000000E+0003	 2.74048594516951E-0001	
 3.63050000000000E+0003	 2.71329620157657E-0001	
 3.63250000000000E+0003	 2.68883645798363E-0001	
 3.63450000000000E+0003	 2.66595671439069E-0001	
 3.63650000000000E+0003	 2.64269197079775E-0001	
 3.63850000000000E+0003	 2.61964222720481E-0001	
 3.64050000000000E+0003	 2.59670248361187E-0001	
 3.64250000000000E+0003	 2.57376774001894E-0001	
 3.64450000000000E+0003	 2.55111799642600E-0001	
 3.64650000000000E+0003	 2.52920825283306E-0001	
 3.64850000000000E+0003	 2.50812850924012E-0001	
 3.65050000000000E+0003	 2.48771376564718E-0001	
 3.65250000000000E+0003	 2.46772902205424E-0001	
 3.65450000000000E+0003	 2.44938927846130E-0001	
 3.65650000000000E+0003	 2.43127453486836E-0001	
 3.65850000000000E+0003	 2.41319479127543E-0001	
 3.66050000000000E+0003	 2.39609004768249E-0001	
 3.66250000000000E+0003	 2.37870530408955E-0001	
 3.66450000000000E+0003	 2.36142056049661E-0001	
 3.66650000000000E+0003	 2.34523081690367E-0001	
 3.66850000000000E+0003	 2.32997607331073E-0001	
 3.67050000000000E+0003	 2.31423632971779E-0001	
 3.67250000000000E+0003	 2.29912658612485E-0001	
 3.67450000000000E+0003	 2.28608684253192E-0001	
 3.67650000000000E+0003	 2.27269709893898E-0001	
 3.67850000000000E+0003	 2.26047735534604E-0001	
 3.68050000000000E+0003	 2.24953261175310E-0001	
 3.68250000000000E+0003	 2.23816786816016E-0001	
 3.68450000000000E+0003	 2.22727312456722E-0001	
 3.68650000000000E+0003	 2.21733838097428E-0001	
 3.68850000000000E+0003	 2.20807863738135E-0001	
 3.69050000000000E+0003	 2.19790889378841E-0001	
 3.69250000000000E+0003	 2.18753915019547E-0001	
 3.69450000000000E+0003	 2.17894940660253E-0001	
 3.69650000000000E+0003	 2.17124466300959E-0001	
 3.69850000000000E+0003	 2.16363491941665E-0001	
 3.70050000000000E+0003	 2.15663517582371E-0001	
 3.70250000000000E+0003	 2.14966043223077E-0001	
 3.70450000000000E+0003	 2.14223568863784E-0001	
 3.70650000000000E+0003	 2.13481594504490E-0001	
 3.70850000000000E+0003	 2.12729120145196E-0001	
 3.71050000000000E+0003	 2.12057645785902E-0001	
 3.71250000000000E+0003	 2.11546171426608E-0001	
 3.71450000000000E+0003	 2.11160197067314E-0001	
 3.71650000000000E+0003	 2.10872222708020E-0001	
 3.71850000000000E+0003	 2.10492248348726E-0001	
 3.72050000000000E+0003	 2.09983773989433E-0001	
 3.72250000000000E+0003	 2.09468799630139E-0001	
 3.72450000000000E+0003	 2.09000325270845E-0001	
 3.72650000000000E+0003	 2.08580350911551E-0001	
 3.72850000000000E+0003	 2.08206876552257E-0001	
 3.73050000000000E+0003	 2.07855402192963E-0001	
 3.73250000000000E+0003	 2.07471927833669E-0001	
 3.73450000000000E+0003	 2.07033953474375E-0001	
 3.73650000000000E+0003	 2.06596979115082E-0001	
 3.73850000000000E+0003	 2.06217004755788E-0001	
 3.74050000000000E+0003	 2.05895030396494E-0001	
 3.74250000000000E+0003	 2.05523556037200E-0001	
 3.74450000000000E+0003	 2.05177081677906E-0001	
 3.74650000000000E+0003	 2.04868107318612E-0001	
 3.74850000000000E+0003	 2.04547132959318E-0001	
 3.75050000000000E+0003	 2.04294658600024E-0001	
 3.75250000000000E+0003	 2.04175684240731E-0001	
 3.75450000000000E+0003	 2.04065209881437E-0001	
 3.75650000000000E+0003	 2.03920235522143E-0001	
 3.75850000000000E+0003	 2.03727761162849E-0001	
 3.76050000000000E+0003	 2.03528286803555E-0001	
 3.76250000000000E+0003	 2.03304312444261E-0001	
 3.76450000000000E+0003	 2.03081338084967E-0001	
 3.76650000000000E+0003	 2.02855363725673E-0001	
 3.76850000000000E+0003	 2.02631889366380E-0001	
 3.77050000000000E+0003	 2.02455915007086E-0001	
 3.77250000000000E+0003	 2.02287440647792E-0001	
 3.77450000000000E+0003	 2.02086466288498E-0001	
 3.77650000000000E+0003	 2.01855491929204E-0001	
 3.77850000000000E+0003	 2.01665017569910E-0001	
 3.78050000000000E+0003	 2.01507543210616E-0001	
 3.78250000000000E+0003	 2.01319068851322E-0001	
 3.78450000000000E+0003	 2.01149094492029E-0001	
 3.78650000000000E+0003	 2.00999120132735E-0001	
 3.78850000000000E+0003	 2.00856145773441E-0001	
 3.79050000000000E+0003	 2.00696171414147E-0001	
 3.79250000000000E+0003	 2.00490197054853E-0001	
 3.79450000000000E+0003	 2.00248722695559E-0001	
 3.79650000000000E+0003	 2.00042748336265E-0001	
 3.79850000000000E+0003	 1.99874773976971E-0001	
 3.80050000000000E+0003	 1.99682799617678E-0001	
 3.80250000000000E+0003	 1.99506825258384E-0001	
 3.80450000000000E+0003	 1.99397850899090E-0001	
 3.80650000000000E+0003	 1.99335876539796E-0001	
 3.80850000000000E+0003	 1.99267902180502E-0001	
 3.81050000000000E+0003	 1.99174927821208E-0001	
 3.81250000000000E+0003	 1.99029453461914E-0001	
 3.81450000000000E+0003	 1.98819979102620E-0001	
 3.81650000000000E+0003	 1.98623004743327E-0001	
 3.81850000000000E+0003	 1.98523030384033E-0001	
 3.82050000000000E+0003	 1.98518056024739E-0001	
 3.82250000000000E+0003	 1.98450081665445E-0001	
 3.82450000000000E+0003	 1.98324607306151E-0001	
 3.82650000000000E+0003	 1.98239632946857E-0001	
 3.82850000000000E+0003	 1.98137158587563E-0001	
 3.83050000000000E+0003	 1.98033184228270E-0001	
 3.83250000000000E+0003	 1.97955709868976E-0001	
 3.83450000000000E+0003	 1.97909735509682E-0001	
 3.83650000000000E+0003	 1.97814761150388E-0001	
 3.83850000000000E+0003	 1.97641786791094E-0001	
 3.84050000000000E+0003	 1.97542312431800E-0001	
 3.84250000000000E+0003	 1.97515838072506E-0001	
 3.84450000000000E+0003	 1.97490363713212E-0001	
 3.84650000000000E+0003	 1.97388889353919E-0001	
 3.84850000000000E+0003	 1.97230414994625E-0001	
 3.85050000000000E+0003	 1.97076940635331E-0001	
 3.85250000000000E+0003	 1.97088966276037E-0001	
 3.85450000000000E+0003	 1.97202991916743E-0001	
 3.85650000000000E+0003	 1.97104517557449E-0001	
 3.85850000000000E+0003	 1.96982543198155E-0001	
 3.86050000000000E+0003	 1.96888068838861E-0001	
 3.86250000000000E+0003	 1.96870094479568E-0001	
 3.86450000000000E+0003	 1.96860120120274E-0001	
 3.86650000000000E+0003	 1.96786145760980E-0001	
 3.86850000000000E+0003	 1.96710671401686E-0001	
 3.87050000000000E+0003	 1.96688697042392E-0001	
 3.87250000000000E+0003	 1.96679722683098E-0001	
 3.87450000000000E+0003	 1.96687748323804E-0001	
 3.87650000000000E+0003	 1.96609273964510E-0001	
 3.87850000000000E+0003	 1.96533299605217E-0001	
 3.88050000000000E+0003	 1.96526825245923E-0001	
 3.88250000000000E+0003	 1.96502350886629E-0001	
 3.88450000000000E+0003	 1.96474376527335E-0001	
 3.88650000000000E+0003	 1.96459402168041E-0001	
 3.88850000000000E+0003	 1.96443927808747E-0001	
 3.89050000000000E+0003	 1.96525453449453E-0001	
 3.89250000000000E+0003	 1.96560979090159E-0001	
 3.89450000000000E+0003	 1.96457004730866E-0001	
 3.89650000000000E+0003	 1.96353030371572E-0001	
 3.89850000000000E+0003	 1.96299556012278E-0001	
 3.90050000000000E+0003	 1.96230581652984E-0001	
 3.90250000000000E+0003	 1.96263607293690E-0001	
 3.90450000000000E+0003	 1.96448632934396E-0001	
 3.90650000000000E+0003	 1.96507158575102E-0001	
 3.90850000000000E+0003	 1.96446184215808E-0001	
 3.91050000000000E+0003	 1.96413709856515E-0001	
 3.91250000000000E+0003	 1.96387735497221E-0001	
 3.91450000000000E+0003	 1.96334761137927E-0001	
 3.91650000000000E+0003	 1.96305786778633E-0001	
 3.91850000000000E+0003	 1.96329812419339E-0001	
 3.92050000000000E+0003	 1.96370338060045E-0001	
 3.92250000000000E+0003	 1.96393863700751E-0001	
 3.92450000000000E+0003	 1.96442889341457E-0001	
 3.92650000000000E+0003	 1.96451414982164E-0001	
 3.92850000000000E+0003	 1.96386940622870E-0001	
 3.93050000000000E+0003	 1.96340466263576E-0001	
 3.93250000000000E+0003	 1.96348991904282E-0001	
 3.93450000000000E+0003	 1.96389517544988E-0001	
 3.93650000000000E+0003	 1.96412543185694E-0001	
 3.93850000000000E+0003	 1.96405568826400E-0001	
 3.94050000000000E+0003	 1.96388094467106E-0001	
 3.94250000000000E+0003	 1.96406620107813E-0001	
 3.94450000000000E+0003	 1.96382645748519E-0001	
 3.94650000000000E+0003	 1.96322671389225E-0001	
 3.94850000000000E+0003	 1.96334697029931E-0001	
 3.95050000000000E+0003	 1.96389722670637E-0001	
 3.95250000000000E+0003	 1.96400248311343E-0001	
 3.95450000000000E+0003	 1.96376773952049E-0001	
 3.95650000000000E+0003	 1.96358299592755E-0001	
 3.95850000000000E+0003	 1.96347825233462E-0001	
 3.96050000000000E+0003	 1.96336350874168E-0001	
 3.96250000000000E+0003	 1.96339376514874E-0001	
 3.96450000000000E+0003	 1.96349902155580E-0001	
 3.96650000000000E+0003	 1.96353927796286E-0001	
 3.96850000000000E+0003	 1.96349453436992E-0001	
 3.97050000000000E+0003	 1.96348979077698E-0001	
 3.97250000000000E+0003	 1.96343004718404E-0001	
 3.97450000000000E+0003	 1.96336530359111E-0001	
 3.97650000000000E+0003	 1.96336055999817E-0001	
 3.97850000000000E+0003	 1.96338581640523E-0001	
 3.98050000000000E+0003	 1.96338107281229E-0001	
 3.98250000000000E+0003	 1.96342632921935E-0001	
 3.98450000000000E+0003	 1.96345158562641E-0001	
 3.98650000000000E+0003	 1.96332184203347E-0001	
 3.98850000000000E+0003	 1.96313709844054E-0001	
 3.99050000000000E+0003	 1.96307735484760E-0001	
 3.99250000000000E+0003	 1.96303261125466E-0001	
 3.99450000000000E+0003	 1.96306286766172E-0001	
 3.99650000000000E+0003	 1.96309812406878E-0001	
 3.99850000000000E+0003	 1.96304838047584E-0001	

>1	DATALINE
