*CPCWIN*

>1	DATALINE
DATALINE
1
Operator:

Description:

Remarks:





15.9.2008
11:10


_x	_y
	
	
UNIT	UNIT
 4.50500000000000E+0002	 3.10574802037463E-0001	
 4.52500000000000E+0002	 3.12790783601709E-0001	
 4.54500000000000E+0002	 3.15810765165955E-0001	
 4.56500000000000E+0002	 3.18074246730200E-0001	
 4.58500000000000E+0002	 3.20190228294446E-0001	
 4.60500000000000E+0002	 3.22339209858692E-0001	
 4.62500000000000E+0002	 3.25125191422938E-0001	
 4.64500000000000E+0002	 3.29449672987184E-0001	
 4.66500000000000E+0002	 3.32269154551430E-0001	
 4.68500000000000E+0002	 3.34714136115675E-0001	
 4.70500000000000E+0002	 3.37374617679921E-0001	
 4.72500000000000E+0002	 3.40174099244167E-0001	
 4.74500000000000E+0002	 3.42580080808413E-0001	
 4.76500000000000E+0002	 3.44763562372659E-0001	
 4.78500000000000E+0002	 3.47055043936904E-0001	
 4.80500000000000E+0002	 3.49273525501150E-0001	
 4.82500000000000E+0002	 3.51286507065396E-0001	
 4.84500000000000E+0002	 3.53419488629642E-0001	
 4.86500000000000E+0002	 3.55560970193888E-0001	
 4.88500000000000E+0002	 3.57809451758133E-0001	
 4.90500000000000E+0002	 3.59794433322379E-0001	
 4.92500000000000E+0002	 3.61930914886625E-0001	
 4.94500000000000E+0002	 3.64309396450871E-0001	
 4.96500000000000E+0002	 3.66719378015117E-0001	
 4.98500000000000E+0002	 3.69013859579362E-0001	
 5.00500000000000E+0002	 3.71165841143608E-0001	
 5.02500000000000E+0002	 3.73718322707854E-0001	
 5.04500000000000E+0002	 3.76624304272100E-0001	
 5.06500000000000E+0002	 3.79431785836346E-0001	
 5.08500000000000E+0002	 3.82643267400592E-0001	
 5.10500000000000E+0002	 3.86115748964837E-0001	
 5.12500000000000E+0002	 3.89637230529083E-0001	
 5.14500000000000E+0002	 3.93052212093329E-0001	
 5.16500000000000E+0002	 3.96462693657575E-0001	
 5.18500000000000E+0002	 3.99605675221821E-0001	
 5.20500000000000E+0002	 4.02347656786066E-0001	
 5.22500000000000E+0002	 4.04798138350312E-0001	
 5.24500000000000E+0002	 4.06228619914558E-0001	
 5.26500000000000E+0002	 4.08037101478804E-0001	
 5.28500000000000E+0002	 4.10794583043050E-0001	
 5.30500000000000E+0002	 4.13050564607295E-0001	
 5.32500000000000E+0002	 4.14684046171541E-0001	
 5.34500000000000E+0002	 4.15897527735787E-0001	
 5.36500000000000E+0002	 4.16582009300033E-0001	
 5.38500000000000E+0002	 4.16662490864279E-0001	
 5.40500000000000E+0002	 4.16278472428524E-0001	
 5.42500000000000E+0002	 4.15566453992770E-0001	
 5.44500000000000E+0002	 4.14336435557016E-0001	
 5.46500000000000E+0002	 4.12739417121262E-0001	
 5.48500000000000E+0002	 4.11042398685508E-0001	
 5.50500000000000E+0002	 4.09669880249754E-0001	
 5.52500000000000E+0002	 4.08535861813999E-0001	
 5.54500000000000E+0002	 4.07123843378245E-0001	
 5.56500000000000E+0002	 4.05527824942491E-0001	
 5.58500000000000E+0002	 4.03969306506737E-0001	
 5.60500000000000E+0002	 4.02403288070983E-0001	
 5.62500000000000E+0002	 4.00728269635228E-0001	
 5.64500000000000E+0002	 3.99136251199474E-0001	
 5.66500000000000E+0002	 3.97764732763720E-0001	
 5.68500000000000E+0002	 3.96504714327966E-0001	
 5.70500000000000E+0002	 3.95166695892212E-0001	
 5.72500000000000E+0002	 3.93880677456457E-0001	
 5.74500000000000E+0002	 3.92404659020703E-0001	
 5.76500000000000E+0002	 3.91085140584949E-0001	
 5.78500000000000E+0002	 3.90064622149195E-0001	
 5.80500000000000E+0002	 3.88750603713441E-0001	
 5.82500000000000E+0002	 3.87767085277686E-0001	
 5.84500000000000E+0002	 3.86799566841932E-0001	
 5.86500000000000E+0002	 3.86035548406178E-0001	
 5.88500000000000E+0002	 3.85495029970424E-0001	
 5.90500000000000E+0002	 3.84623511534670E-0001	
 5.92500000000000E+0002	 3.84371493098916E-0001	
 5.94500000000000E+0002	 3.85005474663161E-0001	
 5.96500000000000E+0002	 3.85503456227407E-0001	
 5.98500000000000E+0002	 3.85262937791653E-0001	
 6.00500000000000E+0002	 3.84852419355899E-0001	
 6.02500000000000E+0002	 3.84849400920145E-0001	
 6.04500000000000E+0002	 3.84572382484390E-0001	
 6.06500000000000E+0002	 3.84264864048636E-0001	
 6.08500000000000E+0002	 3.84062845612882E-0001	
 6.10500000000000E+0002	 3.83872327177128E-0001	
 6.12500000000000E+0002	 3.83727808741374E-0001	
 6.14500000000000E+0002	 3.83432290305619E-0001	
 6.16500000000000E+0002	 3.83087771869865E-0001	
 6.18500000000000E+0002	 3.82737253434111E-0001	
 6.20500000000000E+0002	 3.82125734998357E-0001	
 6.22500000000000E+0002	 3.81438716562603E-0001	
 6.24500000000000E+0002	 3.80574698126849E-0001	
 6.26500000000000E+0002	 3.79781679691094E-0001	
 6.28500000000000E+0002	 3.79065661255340E-0001	
 6.30500000000000E+0002	 3.77929142819586E-0001	
 6.32500000000000E+0002	 3.76521124383832E-0001	
 6.34500000000000E+0002	 3.75206105948078E-0001	
 6.36500000000000E+0002	 3.74519587512323E-0001	
 6.38500000000000E+0002	 3.74120569076569E-0001	
 6.40500000000000E+0002	 3.73837050640815E-0001	
 6.42500000000000E+0002	 3.73616532205061E-0001	
 6.44500000000000E+0002	 3.73008513769307E-0001	
 6.46500000000000E+0002	 3.72320495333552E-0001	
 6.48500000000000E+0002	 3.71714476897798E-0001	
 6.50500000000000E+0002	 3.70938458462044E-0001	
 6.52500000000000E+0002	 3.70146440026290E-0001	
 6.54500000000000E+0002	 3.69422421590536E-0001	
 6.56500000000000E+0002	 3.68675903154781E-0001	
 6.58500000000000E+0002	 3.67793884719027E-0001	
 6.60500000000000E+0002	 3.66866366283273E-0001	
 6.62500000000000E+0002	 3.65821847847519E-0001	
 6.64500000000000E+0002	 3.64905829411765E-0001	
 6.66500000000000E+0002	 3.64262310976011E-0001	
 6.68500000000000E+0002	 3.62466292540256E-0001	
 6.70500000000000E+0002	 3.60166774104502E-0001	
 6.72500000000000E+0002	 3.58672255668748E-0001	
 6.74500000000000E+0002	 3.57103237232994E-0001	
 6.76500000000000E+0002	 3.55437218797240E-0001	
 6.78500000000000E+0002	 3.53719200361485E-0001	
 6.80500000000000E+0002	 3.52067681925731E-0001	
 6.82500000000000E+0002	 3.50523663489977E-0001	
 6.84500000000000E+0002	 3.49092145054223E-0001	
 6.86500000000000E+0002	 3.47552126618469E-0001	
 6.88500000000000E+0002	 3.46009608182714E-0001	
 6.90500000000000E+0002	 3.45071589746960E-0001	
 6.92500000000000E+0002	 3.44713071311206E-0001	
 6.94500000000000E+0002	 3.44564052875452E-0001	
 6.96500000000000E+0002	 3.44608034439698E-0001	
 6.98500000000000E+0002	 3.44550016003943E-0001	
 7.00500000000000E+0002	 3.43819497568189E-0001	
 7.02500000000000E+0002	 3.41863979132435E-0001	
 7.04500000000000E+0002	 3.39128960696681E-0001	
 7.06500000000000E+0002	 3.36234942260927E-0001	
 7.08500000000000E+0002	 3.33390423825173E-0001	
 7.10500000000000E+0002	 3.30782405389418E-0001	
 7.12500000000000E+0002	 3.28543886953664E-0001	
 7.14500000000000E+0002	 3.26570868517910E-0001	
 7.16500000000000E+0002	 3.24805850082156E-0001	
 7.18500000000000E+0002	 3.23140831646402E-0001	
 7.20500000000000E+0002	 3.21341813210647E-0001	
 7.22500000000000E+0002	 3.19194794774893E-0001	
 7.24500000000000E+0002	 3.16604276339139E-0001	
 7.26500000000000E+0002	 3.13560757903385E-0001	
 7.28500000000000E+0002	 3.10417739467631E-0001	
 7.30500000000000E+0002	 3.07506721031876E-0001	
 7.32500000000000E+0002	 3.04932202596122E-0001	
 7.34500000000000E+0002	 3.02739184160368E-0001	
 7.36500000000000E+0002	 3.01109165724614E-0001	
 7.38500000000000E+0002	 2.99759647288860E-0001	
 7.40500000000000E+0002	 2.98419628853105E-0001	
 7.42500000000000E+0002	 2.97137610417351E-0001	
 7.44500000000000E+0002	 2.95869091981597E-0001	
 7.46500000000000E+0002	 2.94513573545843E-0001	
 7.48500000000000E+0002	 2.93044055110089E-0001	
 7.50500000000000E+0002	 2.91424036674335E-0001	
 7.52500000000000E+0002	 2.89734518238580E-0001	
 7.54500000000000E+0002	 2.88059499802826E-0001	
 7.56500000000000E+0002	 2.86472481367072E-0001	
 7.58500000000000E+0002	 2.84974462931318E-0001	
 7.60500000000000E+0002	 2.83692444495564E-0001	
 7.62500000000000E+0002	 2.82801426059809E-0001	
 7.64500000000000E+0002	 2.82220907624055E-0001	
 7.66500000000000E+0002	 2.81414889188301E-0001	
 7.68500000000000E+0002	 2.80233370752547E-0001	
 7.70500000000000E+0002	 2.79041852316793E-0001	
 7.72500000000000E+0002	 2.78222833881038E-0001	
 7.74500000000000E+0002	 2.78107315445284E-0001	
 7.76500000000000E+0002	 2.79184797009530E-0001	
 7.78500000000000E+0002	 2.80751778573776E-0001	
 7.80500000000000E+0002	 2.80923760138022E-0001	
 7.82500000000000E+0002	 2.78941741702267E-0001	
 7.84500000000000E+0002	 2.76123723266513E-0001	
 7.86500000000000E+0002	 2.73556704830759E-0001	
 7.88500000000000E+0002	 2.71362186395005E-0001	
 7.90500000000000E+0002	 2.69510167959251E-0001	
 7.92500000000000E+0002	 2.68414649523497E-0001	
 7.94500000000000E+0002	 2.68208631087742E-0001	
 7.96500000000000E+0002	 2.68106112651988E-0001	
 7.98500000000000E+0002	 2.67217594216234E-0001	
 8.00500000000000E+0002	 2.65828075780480E-0001	
 8.02500000000000E+0002	 2.64733057344726E-0001	
 8.04500000000000E+0002	 2.64386038908971E-0001	
 8.06500000000000E+0002	 2.64460520473217E-0001	
 8.08500000000000E+0002	 2.64667502037463E-0001	
 8.10500000000000E+0002	 2.64635983601709E-0001	
 8.12500000000000E+0002	 2.64206465165955E-0001	
 8.14500000000000E+0002	 2.63468946730200E-0001	
 8.16500000000000E+0002	 2.62484428294446E-0001	
 8.18500000000000E+0002	 2.61216909858692E-0001	
 8.20500000000000E+0002	 2.60028391422938E-0001	
 8.22500000000000E+0002	 2.58959872987184E-0001	
 8.24500000000000E+0002	 2.58025354551430E-0001	
 8.26500000000000E+0002	 2.57191836115675E-0001	
 8.28500000000000E+0002	 2.56501817679921E-0001	
 8.30500000000000E+0002	 2.55839799244167E-0001	
 8.32500000000000E+0002	 2.55152280808413E-0001	
 8.34500000000000E+0002	 2.54430762372659E-0001	
 8.36500000000000E+0002	 2.53752743936904E-0001	
 8.38500000000000E+0002	 2.53212725501150E-0001	
 8.40500000000000E+0002	 2.53016707065396E-0001	
 8.42500000000000E+0002	 2.53096188629642E-0001	
 8.44500000000000E+0002	 2.53537670193888E-0001	
 8.46500000000000E+0002	 2.54404151758133E-0001	
 8.48500000000000E+0002	 2.55730133322379E-0001	
 8.50500000000000E+0002	 2.57372614886625E-0001	
 8.52500000000000E+0002	 2.59265596450871E-0001	
 8.54500000000000E+0002	 2.61257078015117E-0001	
 8.56500000000000E+0002	 2.63240059579362E-0001	
 8.58500000000000E+0002	 2.64979541143608E-0001	
 8.60500000000000E+0002	 2.66489022707854E-0001	
 8.62500000000000E+0002	 2.67659004272100E-0001	
 8.64500000000000E+0002	 2.68575985836346E-0001	
 8.66500000000000E+0002	 2.69348967400592E-0001	
 8.68500000000000E+0002	 2.70269448964837E-0001	
 8.70500000000000E+0002	 2.71567430529083E-0001	
 8.72500000000000E+0002	 2.72785912093329E-0001	
 8.74500000000000E+0002	 2.72922393657575E-0001	
 8.76500000000000E+0002	 2.72164875221821E-0001	
 8.78500000000000E+0002	 2.70846356786066E-0001	
 8.80500000000000E+0002	 2.69034338350312E-0001	
 8.82500000000000E+0002	 2.66613319914558E-0001	
 8.84500000000000E+0002	 2.63698301478804E-0001	
 8.86500000000000E+0002	 2.60518283043050E-0001	
 8.88500000000000E+0002	 2.57424264607295E-0001	
 8.90500000000000E+0002	 2.54597746171541E-0001	
 8.92500000000000E+0002	 2.52274227735787E-0001	
 8.94500000000000E+0002	 2.50443209300033E-0001	
 8.96500000000000E+0002	 2.49173690864279E-0001	
 8.98500000000000E+0002	 2.48440672428524E-0001	
 9.00500000000000E+0002	 2.48396153992770E-0001	
 9.02500000000000E+0002	 2.49115135557016E-0001	
 9.04500000000000E+0002	 2.50689117121262E-0001	
 9.06500000000000E+0002	 2.52891598685508E-0001	
 9.08500000000000E+0002	 2.55420580249754E-0001	
 9.10500000000000E+0002	 2.57719061813999E-0001	
 9.12500000000000E+0002	 2.59435543378245E-0001	
 9.14500000000000E+0002	 2.60177524942491E-0001	
 9.16500000000000E+0002	 2.59913006506737E-0001	
 9.18500000000000E+0002	 2.58815988070983E-0001	
 9.20500000000000E+0002	 2.57260469635228E-0001	
 9.22500000000000E+0002	 2.55640951199474E-0001	
 9.24500000000000E+0002	 2.54453932763720E-0001	
 9.26500000000000E+0002	 2.53832414327966E-0001	
 9.28500000000000E+0002	 2.53789895892212E-0001	
 9.30500000000000E+0002	 2.54145877456457E-0001	
 9.32500000000000E+0002	 2.54784859020703E-0001	
 9.34500000000000E+0002	 2.55634840584949E-0001	
 9.36500000000000E+0002	 2.56763322149195E-0001	
 9.38500000000000E+0002	 2.58205303713441E-0001	
 9.40500000000000E+0002	 2.60095285277686E-0001	
 9.42500000000000E+0002	 2.62421766841932E-0001	
 9.44500000000000E+0002	 2.65223248406178E-0001	
 9.46500000000000E+0002	 2.68398229970424E-0001	
 9.48500000000000E+0002	 2.71942211534670E-0001	
 9.50500000000000E+0002	 2.75815193098916E-0001	
 9.52500000000000E+0002	 2.80071174663161E-0001	
 9.54500000000000E+0002	 2.84751156227407E-0001	
 9.56500000000000E+0002	 2.89838137791653E-0001	
 9.58500000000000E+0002	 2.94977119355899E-0001	
 9.60500000000000E+0002	 2.99903600920145E-0001	
 9.62500000000000E+0002	 3.04315582484390E-0001	
 9.64500000000000E+0002	 3.08007564048636E-0001	
 9.66500000000000E+0002	 3.10911045612882E-0001	
 9.68500000000000E+0002	 3.13361527177128E-0001	
 9.70500000000000E+0002	 3.15588508741374E-0001	
 9.72500000000000E+0002	 3.17918490305619E-0001	
 9.74500000000000E+0002	 3.20707971869865E-0001	
 9.76500000000000E+0002	 3.24183953434111E-0001	
 9.78500000000000E+0002	 3.28381434998357E-0001	
 9.80500000000000E+0002	 3.33305416562603E-0001	
 9.82500000000000E+0002	 3.38792898126849E-0001	
 9.84500000000000E+0002	 3.44571379691094E-0001	
 9.86500000000000E+0002	 3.50339361255340E-0001	
 9.88500000000000E+0002	 3.55949842819586E-0001	
 9.90500000000000E+0002	 3.61129324383832E-0001	
 9.92500000000000E+0002	 3.65760305948078E-0001	
 9.94500000000000E+0002	 3.69930287512323E-0001	
 9.96500000000000E+0002	 3.73925769076569E-0001	
 9.98500000000000E+0002	 3.78118750640815E-0001	
 1.00050000000000E+0003	 3.82982232205061E-0001	
 1.00250000000000E+0003	 3.88783713769307E-0001	
 1.00450000000000E+0003	 3.95643195333552E-0001	
 1.00650000000000E+0003	 4.03463676897798E-0001	
 1.00850000000000E+0003	 4.11977658462044E-0001	
 1.01050000000000E+0003	 4.20820640026290E-0001	
 1.01250000000000E+0003	 4.29916121590536E-0001	
 1.01450000000000E+0003	 4.39171603154781E-0001	
 1.01650000000000E+0003	 4.48553584719027E-0001	
 1.01850000000000E+0003	 4.58040066283273E-0001	
 1.02050000000000E+0003	 4.67498047847519E-0001	
 1.02250000000000E+0003	 4.76680529411765E-0001	
 1.02450000000000E+0003	 4.85591510976011E-0001	
 1.02650000000000E+0003	 4.94219992540256E-0001	
 1.02850000000000E+0003	 5.02446474104502E-0001	
 1.03050000000000E+0003	 5.10114455668748E-0001	
 1.03250000000000E+0003	 5.17133437232994E-0001	
 1.03450000000000E+0003	 5.23587418797240E-0001	
 1.03650000000000E+0003	 5.29434900361485E-0001	
 1.03850000000000E+0003	 5.34391881925731E-0001	
 1.04050000000000E+0003	 5.38284363489977E-0001	
 1.04250000000000E+0003	 5.41206845054223E-0001	
 1.04450000000000E+0003	 5.43582826618469E-0001	
 1.04650000000000E+0003	 5.45907808182714E-0001	
 1.04850000000000E+0003	 5.48616789746960E-0001	
 1.05050000000000E+0003	 5.51849271311206E-0001	
 1.05250000000000E+0003	 5.55395752875452E-0001	
 1.05450000000000E+0003	 5.58821234439698E-0001	
 1.05650000000000E+0003	 5.61853716003943E-0001	
 1.05850000000000E+0003	 5.64256197568189E-0001	
 1.06050000000000E+0003	 5.66035179132435E-0001	
 1.06250000000000E+0003	 5.67503160696681E-0001	
 1.06450000000000E+0003	 5.68987142260927E-0001	
 1.06650000000000E+0003	 5.70746123825173E-0001	
 1.06850000000000E+0003	 5.72927105389418E-0001	
 1.07050000000000E+0003	 5.75387086953664E-0001	
 1.07250000000000E+0003	 5.77899068517910E-0001	
 1.07450000000000E+0003	 5.80180550082156E-0001	
 1.07650000000000E+0003	 5.81974031646402E-0001	
 1.07850000000000E+0003	 5.82982013210647E-0001	
 1.08050000000000E+0003	 5.82953994774893E-0001	
 1.08250000000000E+0003	 5.81720476339139E-0001	
 1.08450000000000E+0003	 5.79093457903385E-0001	
 1.08650000000000E+0003	 5.74898939467631E-0001	
 1.08850000000000E+0003	 5.69275421031876E-0001	
 1.09050000000000E+0003	 5.62748402596122E-0001	
 1.09250000000000E+0003	 5.56181884160368E-0001	
 1.09450000000000E+0003	 5.50322365724614E-0001	
 1.09650000000000E+0003	 5.45317347288860E-0001	
 1.09850000000000E+0003	 5.40697328853105E-0001	
 1.10050000000000E+0003	 5.36006310417351E-0001	
 1.10250000000000E+0003	 5.30919291981597E-0001	
 1.10450000000000E+0003	 5.25377273545843E-0001	
 1.10650000000000E+0003	 5.19473755110089E-0001	
 1.10850000000000E+0003	 5.13501736674335E-0001	
 1.11050000000000E+0003	 5.07666218238580E-0001	
 1.11250000000000E+0003	 5.02056199802826E-0001	
 1.11450000000000E+0003	 4.96485181367072E-0001	
 1.11650000000000E+0003	 4.90675162931318E-0001	
 1.11850000000000E+0003	 4.84356644495564E-0001	
 1.12050000000000E+0003	 4.77471626059809E-0001	
 1.12250000000000E+0003	 4.70133107624055E-0001	
 1.12450000000000E+0003	 4.62467589188301E-0001	
 1.12650000000000E+0003	 4.54407570752547E-0001	
 1.12850000000000E+0003	 4.45961552316793E-0001	
 1.13050000000000E+0003	 4.37318033881038E-0001	
 1.13250000000000E+0003	 4.28921515445284E-0001	
 1.13450000000000E+0003	 4.21056997009530E-0001	
 1.13650000000000E+0003	 4.14135978573776E-0001	
 1.13850000000000E+0003	 4.08407960138022E-0001	
 1.14050000000000E+0003	 4.03965441702267E-0001	
 1.14250000000000E+0003	 4.00623423266513E-0001	
 1.14450000000000E+0003	 3.98064404830759E-0001	
 1.14650000000000E+0003	 3.95877886395005E-0001	
 1.14850000000000E+0003	 3.93631867959251E-0001	
 1.15050000000000E+0003	 3.90834349523497E-0001	
 1.15250000000000E+0003	 3.87199831087742E-0001	
 1.15450000000000E+0003	 3.82545812651988E-0001	
 1.15650000000000E+0003	 3.77049294216234E-0001	
 1.15850000000000E+0003	 3.70960275780480E-0001	
 1.16050000000000E+0003	 3.64669757344726E-0001	
 1.16250000000000E+0003	 3.58395238908971E-0001	
 1.16450000000000E+0003	 3.52435720473217E-0001	
 1.16650000000000E+0003	 3.46999202037463E-0001	
 1.16850000000000E+0003	 3.42195683601709E-0001	
 1.17050000000000E+0003	 3.37681165165955E-0001	
 1.17250000000000E+0003	 3.33015646730200E-0001	
 1.17450000000000E+0003	 3.27931628294446E-0001	
 1.17650000000000E+0003	 3.22868109858692E-0001	
 1.17850000000000E+0003	 3.18270591422938E-0001	
 1.18050000000000E+0003	 3.14636072987184E-0001	
 1.18250000000000E+0003	 3.12236554551430E-0001	
 1.18450000000000E+0003	 3.11212036115675E-0001	
 1.18650000000000E+0003	 3.11515517679921E-0001	
 1.18850000000000E+0003	 3.13260499244167E-0001	
 1.19050000000000E+0003	 3.16246480808413E-0001	
 1.19250000000000E+0003	 3.20393962372659E-0001	
 1.19450000000000E+0003	 3.25683443936904E-0001	
 1.19650000000000E+0003	 3.32039925501150E-0001	
 1.19850000000000E+0003	 3.39287407065396E-0001	
 1.20050000000000E+0003	 3.47366888629642E-0001	
 1.20250000000000E+0003	 3.55974870193888E-0001	
 1.20450000000000E+0003	 3.64887851758133E-0001	
 1.20650000000000E+0003	 3.73871333322379E-0001	
 1.20850000000000E+0003	 3.82865814886625E-0001	
 1.21050000000000E+0003	 3.91850796450871E-0001	
 1.21250000000000E+0003	 4.01048778015117E-0001	
 1.21450000000000E+0003	 4.10453759579362E-0001	
 1.21650000000000E+0003	 4.19799741143608E-0001	
 1.21850000000000E+0003	 4.28799722707854E-0001	
 1.22050000000000E+0003	 4.37293204272100E-0001	
 1.22250000000000E+0003	 4.45128185836346E-0001	
 1.22450000000000E+0003	 4.52412167400592E-0001	
 1.22650000000000E+0003	 4.59346648964837E-0001	
 1.22850000000000E+0003	 4.65988630529083E-0001	
 1.23050000000000E+0003	 4.72169112093329E-0001	
 1.23250000000000E+0003	 4.77861093657575E-0001	
 1.23450000000000E+0003	 4.82951075221821E-0001	
 1.23650000000000E+0003	 4.87306056786066E-0001	
 1.23850000000000E+0003	 4.90756538350312E-0001	
 1.24050000000000E+0003	 4.93239019914558E-0001	
 1.24250000000000E+0003	 4.94612001478804E-0001	
 1.24450000000000E+0003	 4.94875483043050E-0001	
 1.24650000000000E+0003	 4.94068964607295E-0001	
 1.24850000000000E+0003	 4.92162946171541E-0001	
 1.25050000000000E+0003	 4.89172927735787E-0001	
 1.25250000000000E+0003	 4.85189909300033E-0001	
 1.25450000000000E+0003	 4.80421890864279E-0001	
 1.25650000000000E+0003	 4.75128372428524E-0001	
 1.25850000000000E+0003	 4.69443853992770E-0001	
 1.26050000000000E+0003	 4.63554335557016E-0001	
 1.26250000000000E+0003	 4.57623817121262E-0001	
 1.26450000000000E+0003	 4.51679798685508E-0001	
 1.26650000000000E+0003	 4.45989780249754E-0001	
 1.26850000000000E+0003	 4.40929261813999E-0001	
 1.27050000000000E+0003	 4.36660243378245E-0001	
 1.27250000000000E+0003	 4.33351224942491E-0001	
 1.27450000000000E+0003	 4.30740206506737E-0001	
 1.27650000000000E+0003	 4.28564188070983E-0001	
 1.27850000000000E+0003	 4.26721169635228E-0001	
 1.28050000000000E+0003	 4.25192151199474E-0001	
 1.28250000000000E+0003	 4.23821132763720E-0001	
 1.28450000000000E+0003	 4.22275614327966E-0001	
 1.28650000000000E+0003	 4.20255095892212E-0001	
 1.28850000000000E+0003	 4.18273077456457E-0001	
 1.29050000000000E+0003	 4.16677059020703E-0001	
 1.29250000000000E+0003	 4.15069040584949E-0001	
 1.29450000000000E+0003	 4.13152022149195E-0001	
 1.29650000000000E+0003	 4.11194003713441E-0001	
 1.29850000000000E+0003	 4.09720485277686E-0001	
 1.30050000000000E+0003	 4.08631466841932E-0001	
 1.30250000000000E+0003	 4.07603448406178E-0001	
 1.30450000000000E+0003	 4.06590929970424E-0001	
 1.30650000000000E+0003	 4.05507411534670E-0001	
 1.30850000000000E+0003	 4.04427893098916E-0001	
 1.31050000000000E+0003	 4.02901374663161E-0001	
 1.31250000000000E+0003	 4.00635856227407E-0001	
 1.31450000000000E+0003	 3.98452337791653E-0001	
 1.31650000000000E+0003	 3.96245819355899E-0001	
 1.31850000000000E+0003	 3.93890800920145E-0001	
 1.32050000000000E+0003	 3.92013782484390E-0001	
 1.32250000000000E+0003	 3.90359764048636E-0001	
 1.32450000000000E+0003	 3.88804245612882E-0001	
 1.32650000000000E+0003	 3.87513227177128E-0001	
 1.32850000000000E+0003	 3.86691708741374E-0001	
 1.33050000000000E+0003	 3.86476690305619E-0001	
 1.33250000000000E+0003	 3.86860171869865E-0001	
 1.33450000000000E+0003	 3.87649153434111E-0001	
 1.33650000000000E+0003	 3.88578134998357E-0001	
 1.33850000000000E+0003	 3.89469116562603E-0001	
 1.34050000000000E+0003	 3.90281098126849E-0001	
 1.34250000000000E+0003	 3.90778079691094E-0001	
 1.34450000000000E+0003	 3.90658561255340E-0001	
 1.34650000000000E+0003	 3.89973542819586E-0001	
 1.34850000000000E+0003	 3.89042524383832E-0001	
 1.35050000000000E+0003	 3.88171005948078E-0001	
 1.35250000000000E+0003	 3.87323987512323E-0001	
 1.35450000000000E+0003	 3.86560969076569E-0001	
 1.35650000000000E+0003	 3.86458450640815E-0001	
 1.35850000000000E+0003	 3.86712432205061E-0001	
 1.36050000000000E+0003	 3.86981913769307E-0001	
 1.36250000000000E+0003	 3.89443395333552E-0001	
 1.36450000000000E+0003	 3.96668876897798E-0001	
 1.36650000000000E+0003	 4.05243358462044E-0001	
 1.36850000000000E+0003	 4.13139340026290E-0001	
 1.37050000000000E+0003	 4.20517321590536E-0001	
 1.37250000000000E+0003	 4.27327303154781E-0001	
 1.37450000000000E+0003	 4.34941784719027E-0001	
 1.37650000000000E+0003	 4.42893766283273E-0001	
 1.37850000000000E+0003	 4.50150247847519E-0001	
 1.38050000000000E+0003	 4.58382729411765E-0001	
 1.38250000000000E+0003	 4.67097710976011E-0001	
 1.38450000000000E+0003	 4.74874192540256E-0001	
 1.38650000000000E+0003	 4.81391174104502E-0001	
 1.38850000000000E+0003	 4.89566655668748E-0001	
 1.39050000000000E+0003	 4.97823137232994E-0001	
 1.39250000000000E+0003	 5.03765618797240E-0001	
 1.39450000000000E+0003	 5.08486600361485E-0001	
 1.39650000000000E+0003	 5.12371581925731E-0001	
 1.39850000000000E+0003	 5.15603063489977E-0001	
 1.40050000000000E+0003	 5.17419545054223E-0001	
 1.40250000000000E+0003	 5.16081026618469E-0001	
 1.40450000000000E+0003	 5.12607008182714E-0001	
 1.40650000000000E+0003	 5.08194989746960E-0001	
 1.40850000000000E+0003	 5.02800971311206E-0001	
 1.41050000000000E+0003	 4.96404952875452E-0001	
 1.41250000000000E+0003	 4.90065434439698E-0001	
 1.41450000000000E+0003	 4.83005916003943E-0001	
 1.41650000000000E+0003	 4.73915397568189E-0001	
 1.41850000000000E+0003	 4.64374879132435E-0001	
 1.42050000000000E+0003	 4.56250360696681E-0001	
 1.42250000000000E+0003	 4.49050842260927E-0001	
 1.42450000000000E+0003	 4.40696323825173E-0001	
 1.42650000000000E+0003	 4.33348805389418E-0001	
 1.42850000000000E+0003	 4.28424786953664E-0001	
 1.43050000000000E+0003	 4.25462768517910E-0001	
 1.43250000000000E+0003	 4.23792750082156E-0001	
 1.43450000000000E+0003	 4.23964231646402E-0001	
 1.43650000000000E+0003	 4.27335213210647E-0001	
 1.43850000000000E+0003	 4.32862694774893E-0001	
 1.44050000000000E+0003	 4.37448676339139E-0001	
 1.44250000000000E+0003	 4.40832157903385E-0001	
 1.44450000000000E+0003	 4.43545639467631E-0001	
 1.44650000000000E+0003	 4.46090621031876E-0001	
 1.44850000000000E+0003	 4.48374102596122E-0001	
 1.45050000000000E+0003	 4.49571084160368E-0001	
 1.45250000000000E+0003	 4.49728065724614E-0001	
 1.45450000000000E+0003	 4.47023047288860E-0001	
 1.45650000000000E+0003	 4.43322028853105E-0001	
 1.45850000000000E+0003	 4.41382010417351E-0001	
 1.46050000000000E+0003	 4.38241991981597E-0001	
 1.46250000000000E+0003	 4.34198473545843E-0001	
 1.46450000000000E+0003	 4.31737455110089E-0001	
 1.46650000000000E+0003	 4.28250936674335E-0001	
 1.46850000000000E+0003	 4.23906418238580E-0001	
 1.47050000000000E+0003	 4.19229399802826E-0001	
 1.47250000000000E+0003	 4.13016381367072E-0001	
 1.47450000000000E+0003	 4.06881362931318E-0001	
 1.47650000000000E+0003	 4.04043344495564E-0001	
 1.47850000000000E+0003	 4.03326826059809E-0001	
 1.48050000000000E+0003	 4.04686307624055E-0001	
 1.48250000000000E+0003	 4.08833289188301E-0001	
 1.48450000000000E+0003	 4.14952270752547E-0001	
 1.48650000000000E+0003	 4.23453752316793E-0001	
 1.48850000000000E+0003	 4.32946233881038E-0001	
 1.49050000000000E+0003	 4.45339715445284E-0001	
 1.49250000000000E+0003	 4.58365697009530E-0001	
 1.49450000000000E+0003	 4.69687678573776E-0001	
 1.49650000000000E+0003	 4.84954660138022E-0001	
 1.49850000000000E+0003	 5.02560641702267E-0001	
 1.50050000000000E+0003	 5.15903123266513E-0001	
 1.50250000000000E+0003	 5.27868604830759E-0001	
 1.50450000000000E+0003	 5.40657086395005E-0001	
 1.50650000000000E+0003	 5.58297567959251E-0001	
 1.50850000000000E+0003	 5.74633049523497E-0001	
 1.51050000000000E+0003	 5.91842531087742E-0001	
 1.51250000000000E+0003	 6.09995512651988E-0001	
 1.51450000000000E+0003	 6.26908494216234E-0001	
 1.51650000000000E+0003	 6.42473975780480E-0001	
 1.51850000000000E+0003	 6.52832957344726E-0001	
 1.52050000000000E+0003	 6.59357438908971E-0001	
 1.52250000000000E+0003	 6.71281420473217E-0001	
 1.52450000000000E+0003	 6.81655902037463E-0001	
 1.52650000000000E+0003	 6.91291883601709E-0001	
 1.52850000000000E+0003	 7.02640865165955E-0001	
 1.53050000000000E+0003	 7.12685346730200E-0001	
 1.53250000000000E+0003	 7.24207328294446E-0001	
 1.53450000000000E+0003	 7.35137809858692E-0001	
 1.53650000000000E+0003	 7.40152291422938E-0001	
 1.53850000000000E+0003	 7.47275272987184E-0001	
 1.54050000000000E+0003	 7.59163254551430E-0001	
 1.54250000000000E+0003	 7.61889736115675E-0001	
 1.54450000000000E+0003	 7.60379717679921E-0001	
 1.54650000000000E+0003	 7.59492699244167E-0001	
 1.54850000000000E+0003	 7.56150180808413E-0001	
 1.55050000000000E+0003	 7.49626662372659E-0001	
 1.55250000000000E+0003	 7.41825643936904E-0001	
 1.55450000000000E+0003	 7.32706625501150E-0001	
 1.55650000000000E+0003	 7.25508107065396E-0001	
 1.55850000000000E+0003	 7.18009588629642E-0001	
 1.56050000000000E+0003	 6.99611070193888E-0001	
 1.56250000000000E+0003	 6.87365551758133E-0001	
 1.56450000000000E+0003	 6.80647033322379E-0001	
 1.56650000000000E+0003	 6.71358514886625E-0001	
 1.56850000000000E+0003	 6.64431496450871E-0001	
 1.57050000000000E+0003	 6.55987978015117E-0001	
 1.57250000000000E+0003	 6.45067459579362E-0001	
 1.57450000000000E+0003	 6.35291441143608E-0001	
 1.57650000000000E+0003	 6.27057922707854E-0001	
 1.57850000000000E+0003	 6.20615904272100E-0001	
 1.58050000000000E+0003	 6.15748885836346E-0001	
 1.58250000000000E+0003	 6.10231867400592E-0001	
 1.58450000000000E+0003	 6.06108348964837E-0001	
 1.58650000000000E+0003	 6.03281830529083E-0001	
 1.58850000000000E+0003	 6.02031812093329E-0001	
 1.59050000000000E+0003	 6.02074293657575E-0001	
 1.59250000000000E+0003	 6.03767775221821E-0001	
 1.59450000000000E+0003	 6.06274256786066E-0001	
 1.59650000000000E+0003	 6.09484738350312E-0001	
 1.59850000000000E+0003	 6.13132219914558E-0001	
 1.60050000000000E+0003	 6.17885201478804E-0001	
 1.60250000000000E+0003	 6.23490683043050E-0001	
 1.60450000000000E+0003	 6.30401164607295E-0001	
 1.60650000000000E+0003	 6.38382646171541E-0001	
 1.60850000000000E+0003	 6.48532127735787E-0001	
 1.61050000000000E+0003	 6.60221109300033E-0001	
 1.61250000000000E+0003	 6.73289590864279E-0001	
 1.61450000000000E+0003	 6.86498072428524E-0001	
 1.61650000000000E+0003	 7.04002053992770E-0001	
 1.61850000000000E+0003	 7.23156035557016E-0001	
 1.62050000000000E+0003	 7.41685017121262E-0001	
 1.62250000000000E+0003	 7.64252498685508E-0001	
 1.62450000000000E+0003	 7.88541980249754E-0001	
 1.62650000000000E+0003	 8.10756461813999E-0001	
 1.62850000000000E+0003	 8.34756943378245E-0001	
 1.63050000000000E+0003	 8.56876924942491E-0001	
 1.63250000000000E+0003	 8.77937406506737E-0001	
 1.63450000000000E+0003	 9.01489388070983E-0001	
 1.63650000000000E+0003	 9.23539869635228E-0001	
 1.63850000000000E+0003	 9.35465351199474E-0001	
 1.64050000000000E+0003	 9.44095332763720E-0001	
 1.64250000000000E+0003	 9.51884314327966E-0001	
 1.64450000000000E+0003	 9.59094295892212E-0001	
 1.64650000000000E+0003	 9.70078277456457E-0001	
 1.64850000000000E+0003	 9.77844259020703E-0001	
 1.65050000000000E+0003	 9.77228740584949E-0001	
 1.65250000000000E+0003	 9.81699222149195E-0001	
 1.65450000000000E+0003	 9.87298203713441E-0001	
 1.65650000000000E+0003	 9.87123685277686E-0001	
 1.65850000000000E+0003	 9.84772166841932E-0001	
 1.66050000000000E+0003	 9.79918148406178E-0001	
 1.66250000000000E+0003	 9.73311629970424E-0001	
 1.66450000000000E+0003	 9.61370611534670E-0001	
 1.66650000000000E+0003	 9.48830093098916E-0001	
 1.66850000000000E+0003	 9.38724574663161E-0001	
 1.67050000000000E+0003	 9.26489056227407E-0001	
 1.67250000000000E+0003	 9.11902037791653E-0001	
 1.67450000000000E+0003	 8.99192019355899E-0001	
 1.67650000000000E+0003	 8.84311500920145E-0001	
 1.67850000000000E+0003	 8.68810482484390E-0001	
 1.68050000000000E+0003	 8.55288964048636E-0001	
 1.68250000000000E+0003	 8.43558445612882E-0001	
 1.68450000000000E+0003	 8.27492927177128E-0001	
 1.68650000000000E+0003	 8.08733908741374E-0001	
 1.68850000000000E+0003	 7.95507390305619E-0001	
 1.69050000000000E+0003	 7.79660371869865E-0001	
 1.69250000000000E+0003	 7.61204853434111E-0001	
 1.69450000000000E+0003	 7.39630334998357E-0001	
 1.69650000000000E+0003	 7.16611316562603E-0001	
 1.69850000000000E+0003	 7.00177298126849E-0001	
 1.70050000000000E+0003	 6.81475279691094E-0001	
 1.70250000000000E+0003	 6.57398261255340E-0001	
 1.70450000000000E+0003	 6.40915742819586E-0001	
 1.70650000000000E+0003	 6.23258224383832E-0001	
 1.70850000000000E+0003	 6.04021205948078E-0001	
 1.71050000000000E+0003	 5.87278687512323E-0001	
 1.71250000000000E+0003	 5.72534669076569E-0001	
 1.71450000000000E+0003	 5.57896650640815E-0001	
 1.71650000000000E+0003	 5.42072632205061E-0001	
 1.71850000000000E+0003	 5.29092113769307E-0001	
 1.72050000000000E+0003	 5.17002095333552E-0001	
 1.72250000000000E+0003	 5.04567076897798E-0001	
 1.72450000000000E+0003	 4.92617558462044E-0001	
 1.72650000000000E+0003	 4.82049540026290E-0001	
 1.72850000000000E+0003	 4.72140521590536E-0001	
 1.73050000000000E+0003	 4.62184503154781E-0001	
 1.73250000000000E+0003	 4.52124984719027E-0001	
 1.73450000000000E+0003	 4.46201966283273E-0001	
 1.73650000000000E+0003	 4.41983947847519E-0001	
 1.73850000000000E+0003	 4.39486929411765E-0001	
 1.74050000000000E+0003	 4.34585410976011E-0001	
 1.74250000000000E+0003	 4.26272892540256E-0001	
 1.74450000000000E+0003	 4.18984874104502E-0001	
 1.74650000000000E+0003	 4.13635355668748E-0001	
 1.74850000000000E+0003	 4.06729837232994E-0001	
 1.75050000000000E+0003	 3.96654318797240E-0001	
 1.75250000000000E+0003	 3.87938800361485E-0001	
 1.75450000000000E+0003	 3.81883781925731E-0001	
 1.75650000000000E+0003	 3.74075763489977E-0001	
 1.75850000000000E+0003	 3.65217745054223E-0001	
 1.76050000000000E+0003	 3.57423226618469E-0001	
 1.76250000000000E+0003	 3.49730208182714E-0001	
 1.76450000000000E+0003	 3.41435689746960E-0001	
 1.76650000000000E+0003	 3.33182171311206E-0001	
 1.76850000000000E+0003	 3.26599652875452E-0001	
 1.77050000000000E+0003	 3.20887634439698E-0001	
 1.77250000000000E+0003	 3.14923116003943E-0001	
 1.77450000000000E+0003	 3.12065597568189E-0001	
 1.77650000000000E+0003	 3.06633079132435E-0001	
 1.77850000000000E+0003	 3.02266560696681E-0001	
 1.78050000000000E+0003	 2.98520042260927E-0001	
 1.78250000000000E+0003	 2.94440023825173E-0001	
 1.78450000000000E+0003	 2.90131505389418E-0001	
 1.78650000000000E+0003	 2.87171486953664E-0001	
 1.78850000000000E+0003	 2.84443968517910E-0001	
 1.79050000000000E+0003	 2.81787950082156E-0001	
 1.79250000000000E+0003	 2.79995431646402E-0001	
 1.79450000000000E+0003	 2.76591913210647E-0001	
 1.79650000000000E+0003	 2.73490894774893E-0001	
 1.79850000000000E+0003	 2.71158876339139E-0001	
 1.80050000000000E+0003	 2.68553357903385E-0001	
 1.80250000000000E+0003	 2.66407839467631E-0001	
 1.80450000000000E+0003	 2.64441821031876E-0001	
 1.80650000000000E+0003	 2.62398802596122E-0001	
 1.80850000000000E+0003	 2.60177284160368E-0001	
 1.81050000000000E+0003	 2.58257765724614E-0001	
 1.81250000000000E+0003	 2.56207247288860E-0001	
 1.81450000000000E+0003	 2.54181228853105E-0001	
 1.81650000000000E+0003	 2.52073210417351E-0001	
 1.81850000000000E+0003	 2.50353191981597E-0001	
 1.82050000000000E+0003	 2.48963173545843E-0001	
 1.82250000000000E+0003	 2.47214155110089E-0001	
 1.82450000000000E+0003	 2.45784136674335E-0001	
 1.82650000000000E+0003	 2.44804618238580E-0001	
 1.82850000000000E+0003	 2.42372599802826E-0001	
 1.83050000000000E+0003	 2.40880081367072E-0001	
 1.83250000000000E+0003	 2.39881562931318E-0001	
 1.83450000000000E+0003	 2.38761544495564E-0001	
 1.83650000000000E+0003	 2.37397526059809E-0001	
 1.83850000000000E+0003	 2.36133507624055E-0001	
 1.84050000000000E+0003	 2.34243489188301E-0001	
 1.84250000000000E+0003	 2.32760470752547E-0001	
 1.84450000000000E+0003	 2.32247952316793E-0001	
 1.84650000000000E+0003	 2.30523933881038E-0001	
 1.84850000000000E+0003	 2.29260915445284E-0001	
 1.85050000000000E+0003	 2.28935397009530E-0001	
 1.85250000000000E+0003	 2.28351378573776E-0001	
 1.85450000000000E+0003	 2.27416860138022E-0001	
 1.85650000000000E+0003	 2.26280341702267E-0001	
 1.85850000000000E+0003	 2.25069823266513E-0001	
 1.86050000000000E+0003	 2.23970804830759E-0001	
 1.86250000000000E+0003	 2.23217286395005E-0001	
 1.86450000000000E+0003	 2.22622267959251E-0001	
 1.86650000000000E+0003	 2.22207249523497E-0001	
 1.86850000000000E+0003	 2.21874231087742E-0001	
 1.87050000000000E+0003	 2.20816712651988E-0001	
 1.87250000000000E+0003	 2.19699194216234E-0001	
 1.87450000000000E+0003	 2.19169175780480E-0001	
 1.87650000000000E+0003	 2.18501657344726E-0001	
 1.87850000000000E+0003	 2.17731638908971E-0001	
 1.88050000000000E+0003	 2.17107620473217E-0001	
 1.88250000000000E+0003	 2.16625102037463E-0001	
 1.88450000000000E+0003	 2.16008583601709E-0001	
 1.88650000000000E+0003	 2.15389065165955E-0001	
 1.88850000000000E+0003	 2.14954546730200E-0001	
 1.89050000000000E+0003	 2.14487028294446E-0001	
 1.89250000000000E+0003	 2.13694509858692E-0001	
 1.89450000000000E+0003	 2.13041991422938E-0001	
 1.89650000000000E+0003	 2.12587472987184E-0001	
 1.89850000000000E+0003	 2.12196454551430E-0001	
 1.90050000000000E+0003	 2.11700936115675E-0001	
 1.90250000000000E+0003	 2.11242917679921E-0001	
 1.90450000000000E+0003	 2.10819399244167E-0001	
 1.90650000000000E+0003	 2.10194880808413E-0001	
 1.90850000000000E+0003	 2.09535862372659E-0001	
 1.91050000000000E+0003	 2.09246343936904E-0001	
 1.91250000000000E+0003	 2.09027325501150E-0001	
 1.91450000000000E+0003	 2.08587307065396E-0001	
 1.91650000000000E+0003	 2.08220788629642E-0001	
 1.91850000000000E+0003	 2.08000270193888E-0001	
 1.92050000000000E+0003	 2.07141251758133E-0001	
 1.92250000000000E+0003	 2.06345233322379E-0001	
 1.92450000000000E+0003	 2.06445214886625E-0001	
 1.92650000000000E+0003	 2.06665696450871E-0001	
 1.92850000000000E+0003	 2.06478178015117E-0001	
 1.93050000000000E+0003	 2.06189659579362E-0001	
 1.93250000000000E+0003	 2.05864141143608E-0001	
 1.93450000000000E+0003	 2.05634622707854E-0001	
 1.93650000000000E+0003	 2.05455604272100E-0001	
 1.93850000000000E+0003	 2.05170585836346E-0001	
 1.94050000000000E+0003	 2.04609567400592E-0001	
 1.94250000000000E+0003	 2.04255548964837E-0001	
 1.94450000000000E+0003	 2.04393030529083E-0001	
 1.94650000000000E+0003	 2.04506012093329E-0001	
 1.94850000000000E+0003	 2.04379993657575E-0001	
 1.95050000000000E+0003	 2.04222475221821E-0001	
 1.95250000000000E+0003	 2.04029956786066E-0001	
 1.95450000000000E+0003	 2.03792438350312E-0001	
 1.95650000000000E+0003	 2.03662919914558E-0001	
 1.95850000000000E+0003	 2.03618901478804E-0001	
 1.96050000000000E+0003	 2.03505383043050E-0001	
 1.96250000000000E+0003	 2.03367864607295E-0001	
 1.96450000000000E+0003	 2.03014346171541E-0001	
 1.96650000000000E+0003	 2.02518327735787E-0001	
 1.96850000000000E+0003	 2.02545809300033E-0001	
 1.97050000000000E+0003	 2.02858790864279E-0001	
 1.97250000000000E+0003	 2.02891272428524E-0001	
 1.97450000000000E+0003	 2.02816253992770E-0001	
 1.97650000000000E+0003	 2.02728735557016E-0001	
 1.97850000000000E+0003	 2.02655717121262E-0001	
 1.98050000000000E+0003	 2.02584698685508E-0001	
 1.98250000000000E+0003	 2.02535180249754E-0001	
 1.98450000000000E+0003	 2.02436661813999E-0001	
 1.98650000000000E+0003	 2.02166143378245E-0001	
 1.98850000000000E+0003	 2.01814624942491E-0001	
 1.99050000000000E+0003	 2.01542106506737E-0001	
 1.99250000000000E+0003	 2.01471588070983E-0001	
 1.99450000000000E+0003	 2.01885569635228E-0001	
 1.99650000000000E+0003	 2.02188051199474E-0001	
 1.99850000000000E+0003	 2.02211532763720E-0001	
 2.00050000000000E+0003	 2.02206514327966E-0001	
 2.00250000000000E+0003	 2.02224495892212E-0001	
 2.00450000000000E+0003	 2.02197477456457E-0001	
 2.00650000000000E+0003	 2.02140959020703E-0001	
 2.00850000000000E+0003	 2.02145440584949E-0001	
 2.01050000000000E+0003	 2.02253422149195E-0001	
 2.01250000000000E+0003	 2.02305403713441E-0001	
 2.01450000000000E+0003	 2.02127385277686E-0001	
 2.01650000000000E+0003	 2.01759366841932E-0001	
 2.01850000000000E+0003	 2.01855848406178E-0001	
 2.02050000000000E+0003	 2.02297829970424E-0001	
 2.02250000000000E+0003	 2.02532811534670E-0001	
 2.02450000000000E+0003	 2.02667293098916E-0001	
 2.02650000000000E+0003	 2.02821774663161E-0001	
 2.02850000000000E+0003	 2.02910256227407E-0001	
 2.03050000000000E+0003	 2.02992237791653E-0001	
 2.03250000000000E+0003	 2.03064719355899E-0001	
 2.03450000000000E+0003	 2.03127700920145E-0001	
 2.03650000000000E+0003	 2.03179182484390E-0001	
 2.03850000000000E+0003	 2.03162664048636E-0001	
 2.04050000000000E+0003	 2.03016145612882E-0001	
 2.04250000000000E+0003	 2.03119127177128E-0001	
 2.04450000000000E+0003	 2.03429608741374E-0001	
 2.04650000000000E+0003	 2.03597090305619E-0001	
 2.04850000000000E+0003	 2.03683571869865E-0001	
 2.05050000000000E+0003	 2.03772553434111E-0001	
 2.05250000000000E+0003	 2.03855034998357E-0001	
 2.05450000000000E+0003	 2.03934016562603E-0001	
 2.05650000000000E+0003	 2.03983998126849E-0001	
 2.05850000000000E+0003	 2.04031979691094E-0001	
 2.06050000000000E+0003	 2.04064961255340E-0001	
 2.06250000000000E+0003	 2.03964442819586E-0001	
 2.06450000000000E+0003	 2.03730924383832E-0001	
 2.06650000000000E+0003	 2.03871905948078E-0001	
 2.06850000000000E+0003	 2.04228387512323E-0001	
 2.07050000000000E+0003	 2.04380869076569E-0001	
 2.07250000000000E+0003	 2.04422850640815E-0001	
 2.07450000000000E+0003	 2.04460332205061E-0001	
 2.07650000000000E+0003	 2.04477813769307E-0001	
 2.07850000000000E+0003	 2.04496795333552E-0001	
 2.08050000000000E+0003	 2.04533276897798E-0001	
 2.08250000000000E+0003	 2.04566258462044E-0001	
 2.08450000000000E+0003	 2.04560240026290E-0001	
 2.08650000000000E+0003	 2.04503221590536E-0001	
 2.08850000000000E+0003	 2.04383203154781E-0001	
 2.09050000000000E+0003	 2.04358684719027E-0001	
 2.09250000000000E+0003	 2.04488166283273E-0001	
 2.09450000000000E+0003	 2.04573147847519E-0001	
 2.09650000000000E+0003	 2.04568629411765E-0001	
 2.09850000000000E+0003	 2.04527610976011E-0001	
 2.10050000000000E+0003	 2.04476092540256E-0001	
 2.10250000000000E+0003	 2.04454574104502E-0001	
 2.10450000000000E+0003	 2.04414055668748E-0001	
 2.10650000000000E+0003	 2.04367037232994E-0001	
 2.10850000000000E+0003	 2.04319018797240E-0001	
 2.11050000000000E+0003	 2.04257000361485E-0001	
 2.11250000000000E+0003	 2.04145481925731E-0001	
 2.11450000000000E+0003	 2.04025463489977E-0001	
 2.11650000000000E+0003	 2.03985445054223E-0001	
 2.11850000000000E+0003	 2.03968426618469E-0001	
 2.12050000000000E+0003	 2.03892908182714E-0001	
 2.12250000000000E+0003	 2.03812889746960E-0001	
 2.12450000000000E+0003	 2.03738871311206E-0001	
 2.12650000000000E+0003	 2.03663352875452E-0001	
 2.12850000000000E+0003	 2.03561834439698E-0001	
 2.13050000000000E+0003	 2.03454816003943E-0001	
 2.13250000000000E+0003	 2.03345297568189E-0001	
 2.13450000000000E+0003	 2.03194779132435E-0001	
 2.13650000000000E+0003	 2.03044760696681E-0001	
 2.13850000000000E+0003	 2.02969242260927E-0001	
 2.14050000000000E+0003	 2.02909223825173E-0001	
 2.14250000000000E+0003	 2.02823205389418E-0001	
 2.14450000000000E+0003	 2.02693686953664E-0001	
 2.14650000000000E+0003	 2.02576668517910E-0001	
 2.14850000000000E+0003	 2.02483650082156E-0001	
 2.15050000000000E+0003	 2.02388131646402E-0001	
 2.15250000000000E+0003	 2.02261113210647E-0001	
 2.15450000000000E+0003	 2.02128094774893E-0001	
 2.15650000000000E+0003	 2.02001576339139E-0001	
 2.15850000000000E+0003	 2.01879557903385E-0001	
 2.16050000000000E+0003	 2.01725539467631E-0001	
 2.16250000000000E+0003	 2.01583021031876E-0001	
 2.16450000000000E+0003	 2.01479002596122E-0001	
 2.16650000000000E+0003	 2.01373984160368E-0001	
 2.16850000000000E+0003	 2.01254465724614E-0001	
 2.17050000000000E+0003	 2.01125447288860E-0001	
 2.17250000000000E+0003	 2.00978428853105E-0001	
 2.17450000000000E+0003	 2.00851910417351E-0001	
 2.17650000000000E+0003	 2.00724891981597E-0001	
 2.17850000000000E+0003	 2.00608373545843E-0001	
 2.18050000000000E+0003	 2.00492855110089E-0001	
 2.18250000000000E+0003	 2.00380336674335E-0001	
 2.18450000000000E+0003	 2.00254318238580E-0001	
 2.18650000000000E+0003	 2.00131299802826E-0001	
 2.18850000000000E+0003	 2.00028281367072E-0001	
 2.19050000000000E+0003	 1.99936762931318E-0001	
 2.19250000000000E+0003	 1.99834744495564E-0001	
 2.19450000000000E+0003	 1.99733226059809E-0001	
 2.19650000000000E+0003	 1.99626707624055E-0001	
 2.19850000000000E+0003	 1.99516189188301E-0001	
 2.20050000000000E+0003	 1.99395670752547E-0001	
 2.20250000000000E+0003	 1.99280652316793E-0001	
 2.20450000000000E+0003	 1.99168633881038E-0001	
 2.20650000000000E+0003	 1.99078615445284E-0001	
 2.20850000000000E+0003	 1.98994097009530E-0001	
 2.21050000000000E+0003	 1.98916078573776E-0001	
 2.21250000000000E+0003	 1.98839060138022E-0001	
 2.21450000000000E+0003	 1.98776541702267E-0001	
 2.21650000000000E+0003	 1.98712523266513E-0001	
 2.21850000000000E+0003	 1.98643004830759E-0001	
 2.22050000000000E+0003	 1.98563486395005E-0001	
 2.22250000000000E+0003	 1.98505467959251E-0001	
 2.22450000000000E+0003	 1.98449449523497E-0001	
 2.22650000000000E+0003	 1.98393431087742E-0001	
 2.22850000000000E+0003	 1.98350412651988E-0001	
 2.23050000000000E+0003	 1.98324394216234E-0001	
 2.23250000000000E+0003	 1.98289875780480E-0001	
 2.23450000000000E+0003	 1.98264857344726E-0001	
 2.23650000000000E+0003	 1.98253838908971E-0001	
 2.23850000000000E+0003	 1.98253320473217E-0001	
 2.24050000000000E+0003	 1.98241802037463E-0001	
 2.24250000000000E+0003	 1.98231783601709E-0001	
 2.24450000000000E+0003	 1.98232265165955E-0001	
 2.24650000000000E+0003	 1.98242246730200E-0001	
 2.24850000000000E+0003	 1.98255728294446E-0001	
 2.25050000000000E+0003	 1.98288209858692E-0001	
 2.25250000000000E+0003	 1.98319191422938E-0001	
 2.25450000000000E+0003	 1.98350172987184E-0001	
 2.25650000000000E+0003	 1.98391154551430E-0001	
 2.25850000000000E+0003	 1.98444636115675E-0001	
 2.26050000000000E+0003	 1.98483117679921E-0001	
 2.26250000000000E+0003	 1.98528599244167E-0001	
 2.26450000000000E+0003	 1.98594580808413E-0001	
 2.26650000000000E+0003	 1.98686062372659E-0001	
 2.26850000000000E+0003	 1.98767543936904E-0001	
 2.27050000000000E+0003	 1.98857525501150E-0001	
 2.27250000000000E+0003	 1.98960507065396E-0001	
 2.27450000000000E+0003	 1.99044488629642E-0001	
 2.27650000000000E+0003	 1.99120470193888E-0001	
 2.27850000000000E+0003	 1.99216451758133E-0001	
 2.28050000000000E+0003	 1.99309933322379E-0001	
 2.28250000000000E+0003	 1.99413914886625E-0001	
 2.28450000000000E+0003	 1.99542396450871E-0001	
 2.28650000000000E+0003	 1.99669878015117E-0001	
 2.28850000000000E+0003	 1.99799859579362E-0001	
 2.29050000000000E+0003	 1.99942841143608E-0001	
 2.29250000000000E+0003	 2.00075322707854E-0001	
 2.29450000000000E+0003	 2.00200304272100E-0001	
 2.29650000000000E+0003	 2.00334285836346E-0001	
 2.29850000000000E+0003	 2.00476267400592E-0001	
 2.30050000000000E+0003	 2.00629248964837E-0001	
 2.30250000000000E+0003	 2.00788230529083E-0001	
 2.30450000000000E+0003	 2.00947712093329E-0001	
 2.30650000000000E+0003	 2.01125693657575E-0001	
 2.30850000000000E+0003	 2.01319175221821E-0001	
 2.31050000000000E+0003	 2.01502656786066E-0001	
 2.31250000000000E+0003	 2.01644638350312E-0001	
 2.31450000000000E+0003	 2.01818619914558E-0001	
 2.31650000000000E+0003	 2.02035601478804E-0001	
 2.31850000000000E+0003	 2.02238083043050E-0001	
 2.32050000000000E+0003	 2.02416064607295E-0001	
 2.32250000000000E+0003	 2.02582046171541E-0001	
 2.32450000000000E+0003	 2.02748527735787E-0001	
 2.32650000000000E+0003	 2.02933509300033E-0001	
 2.32850000000000E+0003	 2.03125990864279E-0001	
 2.33050000000000E+0003	 2.03331472428524E-0001	
 2.33250000000000E+0003	 2.03548953992770E-0001	
 2.33450000000000E+0003	 2.03809435557016E-0001	
 2.33650000000000E+0003	 2.04050917121262E-0001	
 2.33850000000000E+0003	 2.04265898685508E-0001	
 2.34050000000000E+0003	 2.04475380249754E-0001	
 2.34250000000000E+0003	 2.04692861813999E-0001	
 2.34450000000000E+0003	 2.04840843378245E-0001	
 2.34650000000000E+0003	 2.05112324942491E-0001	
 2.34850000000000E+0003	 2.05460306506737E-0001	
 2.35050000000000E+0003	 2.05564288070983E-0001	
 2.35250000000000E+0003	 2.05725269635228E-0001	
 2.35450000000000E+0003	 2.06036251199474E-0001	
 2.35650000000000E+0003	 2.06310232763720E-0001	
 2.35850000000000E+0003	 2.06575214327966E-0001	
 2.36050000000000E+0003	 2.06843695892212E-0001	
 2.36250000000000E+0003	 2.07084677456457E-0001	
 2.36450000000000E+0003	 2.07294159020703E-0001	
 2.36650000000000E+0003	 2.07485640584949E-0001	
 2.36850000000000E+0003	 2.07751122149195E-0001	
 2.37050000000000E+0003	 2.08077603713441E-0001	
 2.37250000000000E+0003	 2.08399585277686E-0001	
 2.37450000000000E+0003	 2.08720566841932E-0001	
 2.37650000000000E+0003	 2.08995048406178E-0001	
 2.37850000000000E+0003	 2.09221029970424E-0001	
 2.38050000000000E+0003	 2.09469011534670E-0001	
 2.38250000000000E+0003	 2.09772493098916E-0001	
 2.38450000000000E+0003	 2.10110974663161E-0001	
 2.38650000000000E+0003	 2.10490956227407E-0001	
 2.38850000000000E+0003	 2.10897937791653E-0001	
 2.39050000000000E+0003	 2.11297419355899E-0001	
 2.39250000000000E+0003	 2.11683900920145E-0001	
 2.39450000000000E+0003	 2.12083382484390E-0001	
 2.39650000000000E+0003	 2.12499864048636E-0001	
 2.39850000000000E+0003	 2.12928845612882E-0001	
 2.40050000000000E+0003	 2.13368827177128E-0001	
 2.40250000000000E+0003	 2.13828808741374E-0001	
 2.40450000000000E+0003	 2.14291790305619E-0001	
 2.40650000000000E+0003	 2.14761771869865E-0001	
 2.40850000000000E+0003	 2.15242253434111E-0001	
 2.41050000000000E+0003	 2.15721734998357E-0001	
 2.41250000000000E+0003	 2.16198216562603E-0001	
 2.41450000000000E+0003	 2.16688698126849E-0001	
 2.41650000000000E+0003	 2.17202179691094E-0001	
 2.41850000000000E+0003	 2.17734161255340E-0001	
 2.42050000000000E+0003	 2.18258142819586E-0001	
 2.42250000000000E+0003	 2.18787124383832E-0001	
 2.42450000000000E+0003	 2.19331605948078E-0001	
 2.42650000000000E+0003	 2.19880087512323E-0001	
 2.42850000000000E+0003	 2.20430069076569E-0001	
 2.43050000000000E+0003	 2.20987050640815E-0001	
 2.43250000000000E+0003	 2.21552532205061E-0001	
 2.43450000000000E+0003	 2.22143013769307E-0001	
 2.43650000000000E+0003	 2.22742995333552E-0001	
 2.43850000000000E+0003	 2.23338476897798E-0001	
 2.44050000000000E+0003	 2.23929458462044E-0001	
 2.44250000000000E+0003	 2.24520940026290E-0001	
 2.44450000000000E+0003	 2.25120921590536E-0001	
 2.44650000000000E+0003	 2.25725903154781E-0001	
 2.44850000000000E+0003	 2.26330384719027E-0001	
 2.45050000000000E+0003	 2.26944866283273E-0001	
 2.45250000000000E+0003	 2.27571847847519E-0001	
 2.45450000000000E+0003	 2.28204329411765E-0001	
 2.45650000000000E+0003	 2.28855310976011E-0001	
 2.45850000000000E+0003	 2.29518292540256E-0001	
 2.46050000000000E+0003	 2.30179774104502E-0001	
 2.46250000000000E+0003	 2.30853755668748E-0001	
 2.46450000000000E+0003	 2.31545237232994E-0001	
 2.46650000000000E+0003	 2.32228718797240E-0001	
 2.46850000000000E+0003	 2.32909700361485E-0001	
 2.47050000000000E+0003	 2.33624181925731E-0001	
 2.47250000000000E+0003	 2.34338163489977E-0001	
 2.47450000000000E+0003	 2.35050145054223E-0001	
 2.47650000000000E+0003	 2.35774126618469E-0001	
 2.47850000000000E+0003	 2.36499108182714E-0001	
 2.48050000000000E+0003	 2.37220589746960E-0001	
 2.48250000000000E+0003	 2.37947571311206E-0001	
 2.48450000000000E+0003	 2.38678052875452E-0001	
 2.48650000000000E+0003	 2.39415034439698E-0001	
 2.48850000000000E+0003	 2.40151516003943E-0001	
 2.49050000000000E+0003	 2.40878997568189E-0001	
 2.49250000000000E+0003	 2.41600479132435E-0001	
 2.49450000000000E+0003	 2.42327960696681E-0001	
 2.49650000000000E+0003	 2.43056942260927E-0001	
 2.49850000000000E+0003	 2.43787923825173E-0001	
 2.50050000000000E+0003	 2.44524405389418E-0001	
 2.50250000000000E+0003	 2.45255886953664E-0001	
 2.50450000000000E+0003	 2.45984868517910E-0001	
 2.50650000000000E+0003	 2.46719350082156E-0001	
 2.50850000000000E+0003	 2.47456831646402E-0001	
 2.51050000000000E+0003	 2.48180313210647E-0001	
 2.51250000000000E+0003	 2.48889294774893E-0001	
 2.51450000000000E+0003	 2.49594776339139E-0001	
 2.51650000000000E+0003	 2.50295257903385E-0001	
 2.51850000000000E+0003	 2.50989739467631E-0001	
 2.52050000000000E+0003	 2.51666721031876E-0001	
 2.52250000000000E+0003	 2.52339702596122E-0001	
 2.52450000000000E+0003	 2.53014684160368E-0001	
 2.52650000000000E+0003	 2.53679665724614E-0001	
 2.52850000000000E+0003	 2.54335647288860E-0001	
 2.53050000000000E+0003	 2.54981128853105E-0001	
 2.53250000000000E+0003	 2.55627610417351E-0001	
 2.53450000000000E+0003	 2.56276591981597E-0001	
 2.53650000000000E+0003	 2.56920073545843E-0001	
 2.53850000000000E+0003	 2.57549555110089E-0001	
 2.54050000000000E+0003	 2.58187536674335E-0001	
 2.54250000000000E+0003	 2.58826018238580E-0001	
 2.54450000000000E+0003	 2.59452999802826E-0001	
 2.54650000000000E+0003	 2.60088981367072E-0001	
 2.54850000000000E+0003	 2.60725962931318E-0001	
 2.55050000000000E+0003	 2.61338944495564E-0001	
 2.55250000000000E+0003	 2.61961926059809E-0001	
 2.55450000000000E+0003	 2.62606907624055E-0001	
 2.55650000000000E+0003	 2.63242389188301E-0001	
 2.55850000000000E+0003	 2.63863370752547E-0001	
 2.56050000000000E+0003	 2.64479852316793E-0001	
 2.56250000000000E+0003	 2.65098833881038E-0001	
 2.56450000000000E+0003	 2.65720815445284E-0001	
 2.56650000000000E+0003	 2.66349797009530E-0001	
 2.56850000000000E+0003	 2.66983778573776E-0001	
 2.57050000000000E+0003	 2.67619760138022E-0001	
 2.57250000000000E+0003	 2.68271241702267E-0001	
 2.57450000000000E+0003	 2.68943223266513E-0001	
 2.57650000000000E+0003	 2.69620704830759E-0001	
 2.57850000000000E+0003	 2.70322686395005E-0001	
 2.58050000000000E+0003	 2.71045167959251E-0001	
 2.58250000000000E+0003	 2.71778149523497E-0001	
 2.58450000000000E+0003	 2.72533631087742E-0001	
 2.58650000000000E+0003	 2.73313112651988E-0001	
 2.58850000000000E+0003	 2.74098594216234E-0001	
 2.59050000000000E+0003	 2.74885075780480E-0001	
 2.59250000000000E+0003	 2.75690057344726E-0001	
 2.59450000000000E+0003	 2.76521538908971E-0001	
 2.59650000000000E+0003	 2.77351520473217E-0001	
 2.59850000000000E+0003	 2.78175002037463E-0001	
 2.60050000000000E+0003	 2.79002483601709E-0001	
 2.60250000000000E+0003	 2.79832465165955E-0001	
 2.60450000000000E+0003	 2.80656446730200E-0001	
 2.60650000000000E+0003	 2.81477928294446E-0001	
 2.60850000000000E+0003	 2.82301409858692E-0001	
 2.61050000000000E+0003	 2.83097391422938E-0001	
 2.61250000000000E+0003	 2.83879372987184E-0001	
 2.61450000000000E+0003	 2.84670354551430E-0001	
 2.61650000000000E+0003	 2.85446836115675E-0001	
 2.61850000000000E+0003	 2.86199817679921E-0001	
 2.62050000000000E+0003	 2.86947299244167E-0001	
 2.62250000000000E+0003	 2.87691280808413E-0001	
 2.62450000000000E+0003	 2.88418762372659E-0001	
 2.62650000000000E+0003	 2.89129743936904E-0001	
 2.62850000000000E+0003	 2.89840225501150E-0001	
 2.63050000000000E+0003	 2.90543207065396E-0001	
 2.63250000000000E+0003	 2.91230688629642E-0001	
 2.63450000000000E+0003	 2.91913170193888E-0001	
 2.63650000000000E+0003	 2.92588651758133E-0001	
 2.63850000000000E+0003	 2.93260133322379E-0001	
 2.64050000000000E+0003	 2.93929614886625E-0001	
 2.64250000000000E+0003	 2.94602596450871E-0001	
 2.64450000000000E+0003	 2.95278578015117E-0001	
 2.64650000000000E+0003	 2.95940559579362E-0001	
 2.64850000000000E+0003	 2.96590041143608E-0001	
 2.65050000000000E+0003	 2.97245022707854E-0001	
 2.65250000000000E+0003	 2.97907504272100E-0001	
 2.65450000000000E+0003	 2.98584485836346E-0001	
 2.65650000000000E+0003	 2.99272967400592E-0001	
 2.65850000000000E+0003	 2.99964448964837E-0001	
 2.66050000000000E+0003	 3.00656430529083E-0001	
 2.66250000000000E+0003	 3.01350912093329E-0001	
 2.66450000000000E+0003	 3.02057393657575E-0001	
 2.66650000000000E+0003	 3.02783875221821E-0001	
 2.66850000000000E+0003	 3.03523856786066E-0001	
 2.67050000000000E+0003	 3.04271838350312E-0001	
 2.67250000000000E+0003	 3.05031819914558E-0001	
 2.67450000000000E+0003	 3.05797301478804E-0001	
 2.67650000000000E+0003	 3.06557283043050E-0001	
 2.67850000000000E+0003	 3.07323764607295E-0001	
 2.68050000000000E+0003	 3.08095746171541E-0001	
 2.68250000000000E+0003	 3.08875727735787E-0001	
 2.68450000000000E+0003	 3.09657709300033E-0001	
 2.68650000000000E+0003	 3.10442190864279E-0001	
 2.68850000000000E+0003	 3.11240172428524E-0001	
 2.69050000000000E+0003	 3.12052653992770E-0001	
 2.69250000000000E+0003	 3.12865135557016E-0001	
 2.69450000000000E+0003	 3.13684617121262E-0001	
 2.69650000000000E+0003	 3.14525098685508E-0001	
 2.69850000000000E+0003	 3.15396080249754E-0001	
 2.70050000000000E+0003	 3.16302061813999E-0001	
 2.70250000000000E+0003	 3.17239043378245E-0001	
 2.70450000000000E+0003	 3.18218024942491E-0001	
 2.70650000000000E+0003	 3.19234006506737E-0001	
 2.70850000000000E+0003	 3.20287988070983E-0001	
 2.71050000000000E+0003	 3.21385969635228E-0001	
 2.71250000000000E+0003	 3.22513951199474E-0001	
 2.71450000000000E+0003	 3.23670932763720E-0001	
 2.71650000000000E+0003	 3.24876414327966E-0001	
 2.71850000000000E+0003	 3.26116395892212E-0001	
 2.72050000000000E+0003	 3.27364377456457E-0001	
 2.72250000000000E+0003	 3.28612859020703E-0001	
 2.72450000000000E+0003	 3.29849340584949E-0001	
 2.72650000000000E+0003	 3.31093322149195E-0001	
 2.72850000000000E+0003	 3.32342803713441E-0001	
 2.73050000000000E+0003	 3.33581785277686E-0001	
 2.73250000000000E+0003	 3.34815766841932E-0001	
 2.73450000000000E+0003	 3.36024248406178E-0001	
 2.73650000000000E+0003	 3.37193229970424E-0001	
 2.73850000000000E+0003	 3.38335211534670E-0001	
 2.74050000000000E+0003	 3.39470193098916E-0001	
 2.74250000000000E+0003	 3.40591674663161E-0001	
 2.74450000000000E+0003	 3.41691156227407E-0001	
 2.74650000000000E+0003	 3.42786137791653E-0001	
 2.74850000000000E+0003	 3.43881619355899E-0001	
 2.75050000000000E+0003	 3.44964600920145E-0001	
 2.75250000000000E+0003	 3.46037082484390E-0001	
 2.75450000000000E+0003	 3.47114064048636E-0001	
 2.75650000000000E+0003	 3.48215545612882E-0001	
 2.75850000000000E+0003	 3.49349527177128E-0001	
 2.76050000000000E+0003	 3.50503008741374E-0001	
 2.76250000000000E+0003	 3.51666990305619E-0001	
 2.76450000000000E+0003	 3.52831471869865E-0001	
 2.76650000000000E+0003	 3.54010953434111E-0001	
 2.76850000000000E+0003	 3.55212434998357E-0001	
 2.77050000000000E+0003	 3.56405916562603E-0001	
 2.77250000000000E+0003	 3.57595398126849E-0001	
 2.77450000000000E+0003	 3.58831379691094E-0001	
 2.77650000000000E+0003	 3.60125861255340E-0001	
 2.77850000000000E+0003	 3.61434342819586E-0001	
 2.78050000000000E+0003	 3.62749324383832E-0001	
 2.78250000000000E+0003	 3.64089805948078E-0001	
 2.78450000000000E+0003	 3.65448787512323E-0001	
 2.78650000000000E+0003	 3.66823769076569E-0001	
 2.78850000000000E+0003	 3.68235250640815E-0001	
 2.79050000000000E+0003	 3.69691732205061E-0001	
 2.79250000000000E+0003	 3.71176713769307E-0001	
 2.79450000000000E+0003	 3.72666195333552E-0001	
 2.79650000000000E+0003	 3.74180676897798E-0001	
 2.79850000000000E+0003	 3.75743658462044E-0001	
 2.80050000000000E+0003	 3.77328140026290E-0001	
 2.80250000000000E+0003	 3.78915121590536E-0001	
 2.80450000000000E+0003	 3.80515103154781E-0001	
 2.80650000000000E+0003	 3.82142584719027E-0001	
 2.80850000000000E+0003	 3.83816566283273E-0001	
 2.81050000000000E+0003	 3.85537047847519E-0001	
 2.81250000000000E+0003	 3.87281529411765E-0001	
 2.81450000000000E+0003	 3.89033510976011E-0001	
 2.81650000000000E+0003	 3.90803492540256E-0001	
 2.81850000000000E+0003	 3.92610974104502E-0001	
 2.82050000000000E+0003	 3.94461955668748E-0001	
 2.82250000000000E+0003	 3.96353937232994E-0001	
 2.82450000000000E+0003	 3.98315418797240E-0001	
 2.82650000000000E+0003	 4.00348400361485E-0001	
 2.82850000000000E+0003	 4.02461881925731E-0001	
 2.83050000000000E+0003	 4.04677863489977E-0001	
 2.83250000000000E+0003	 4.07043345054223E-0001	
 2.83450000000000E+0003	 4.09626326618469E-0001	
 2.83650000000000E+0003	 4.12534308182714E-0001	
 2.83850000000000E+0003	 4.15931289746960E-0001	
 2.84050000000000E+0003	 4.20035271311206E-0001	
 2.84250000000000E+0003	 4.25141252875452E-0001	
 2.84450000000000E+0003	 4.31581734439698E-0001	
 2.84650000000000E+0003	 4.39366716003943E-0001	
 2.84850000000000E+0003	 4.47823197568189E-0001	
 2.85050000000000E+0003	 4.55520179132435E-0001	
 2.85250000000000E+0003	 4.61176660696681E-0001	
 2.85450000000000E+0003	 4.64439142260927E-0001	
 2.85650000000000E+0003	 4.65790123825173E-0001	
 2.85850000000000E+0003	 4.66189605389418E-0001	
 2.86050000000000E+0003	 4.66640586953664E-0001	
 2.86250000000000E+0003	 4.67871568517910E-0001	
 2.86450000000000E+0003	 4.70246050082156E-0001	
 2.86650000000000E+0003	 4.73660531646402E-0001	
 2.86850000000000E+0003	 4.77678013210647E-0001	
 2.87050000000000E+0003	 4.81680994774893E-0001	
 2.87250000000000E+0003	 4.84953476339139E-0001	
 2.87450000000000E+0003	 4.86977957903385E-0001	
 2.87650000000000E+0003	 4.87757439467631E-0001	
 2.87850000000000E+0003	 4.87725921031876E-0001	
 2.88050000000000E+0003	 4.87408902596122E-0001	
 2.88250000000000E+0003	 4.87246884160368E-0001	
 2.88450000000000E+0003	 4.87566365724614E-0001	
 2.88650000000000E+0003	 4.88505847288860E-0001	
 2.88850000000000E+0003	 4.90080828853105E-0001	
 2.89050000000000E+0003	 4.92256810417351E-0001	
 2.89250000000000E+0003	 4.94947791981597E-0001	
 2.89450000000000E+0003	 4.98028773545843E-0001	
 2.89650000000000E+0003	 5.01381255110089E-0001	
 2.89850000000000E+0003	 5.04956736674335E-0001	
 2.90050000000000E+0003	 5.08780718238580E-0001	
 2.90250000000000E+0003	 5.12926199802826E-0001	
 2.90450000000000E+0003	 5.17518181367072E-0001	
 2.90650000000000E+0003	 5.22682162931318E-0001	
 2.90850000000000E+0003	 5.28580144495564E-0001	
 2.91050000000000E+0003	 5.35425126059809E-0001	
 2.91250000000000E+0003	 5.43351607624055E-0001	
 2.91450000000000E+0003	 5.52119589188301E-0001	
 2.91650000000000E+0003	 5.61085070752547E-0001	
 2.91850000000000E+0003	 5.69456052316793E-0001	
 2.92050000000000E+0003	 5.76659033881038E-0001	
 2.92250000000000E+0003	 5.82396015445284E-0001	
 2.92450000000000E+0003	 5.86535997009530E-0001	
 2.92650000000000E+0003	 5.89121978573776E-0001	
 2.92850000000000E+0003	 5.90327460138022E-0001	
 2.93050000000000E+0003	 5.90286441702267E-0001	
 2.93250000000000E+0003	 5.89129423266513E-0001	
 2.93450000000000E+0003	 5.86996404830759E-0001	
 2.93650000000000E+0003	 5.83945386395005E-0001	
 2.93850000000000E+0003	 5.80127867959251E-0001	
 2.94050000000000E+0003	 5.75912349523497E-0001	
 2.94250000000000E+0003	 5.71787831087742E-0001	
 2.94450000000000E+0003	 5.68311812651988E-0001	
 2.94650000000000E+0003	 5.65944294216234E-0001	
 2.94850000000000E+0003	 5.64981275780480E-0001	
 2.95050000000000E+0003	 5.65556757344726E-0001	
 2.95250000000000E+0003	 5.67424238908971E-0001	
 2.95450000000000E+0003	 5.69956220473217E-0001	
 2.95650000000000E+0003	 5.72451202037463E-0001	
 2.95850000000000E+0003	 5.74219683601709E-0001	
 2.96050000000000E+0003	 5.74772165165955E-0001	
 2.96250000000000E+0003	 5.73897646730200E-0001	
 2.96450000000000E+0003	 5.71634128294446E-0001	
 2.96650000000000E+0003	 5.68197609858692E-0001	
 2.96850000000000E+0003	 5.63932591422938E-0001	
 2.97050000000000E+0003	 5.59188572987184E-0001	
 2.97250000000000E+0003	 5.54286554551430E-0001	
 2.97450000000000E+0003	 5.49421536115675E-0001	
 2.97650000000000E+0003	 5.44671017679921E-0001	
 2.97850000000000E+0003	 5.40073499244167E-0001	
 2.98050000000000E+0003	 5.35661480808413E-0001	
 2.98250000000000E+0003	 5.31439462372659E-0001	
 2.98450000000000E+0003	 5.27463943936904E-0001	
 2.98650000000000E+0003	 5.23805425501150E-0001	
 2.98850000000000E+0003	 5.20492907065396E-0001	
 2.99050000000000E+0003	 5.17575388629642E-0001	
 2.99250000000000E+0003	 5.15094870193888E-0001	
 2.99450000000000E+0003	 5.13053851758133E-0001	
 2.99650000000000E+0003	 5.11527833322379E-0001	
 2.99850000000000E+0003	 5.10534314886625E-0001	
 3.00050000000000E+0003	 5.10004296450871E-0001	
 3.00250000000000E+0003	 5.09879278015117E-0001	
 3.00450000000000E+0003	 5.10101759579362E-0001	
 3.00650000000000E+0003	 5.10570241143608E-0001	
 3.00850000000000E+0003	 5.11255222707854E-0001	
 3.01050000000000E+0003	 5.12194204272100E-0001	
 3.01250000000000E+0003	 5.13399185836346E-0001	
 3.01450000000000E+0003	 5.14824667400592E-0001	
 3.01650000000000E+0003	 5.16436648964837E-0001	
 3.01850000000000E+0003	 5.18223130529083E-0001	
 3.02050000000000E+0003	 5.20193112093329E-0001	
 3.02250000000000E+0003	 5.22342593657575E-0001	
 3.02450000000000E+0003	 5.24657075221821E-0001	
 3.02650000000000E+0003	 5.27024056786066E-0001	
 3.02850000000000E+0003	 5.29351038350312E-0001	
 3.03050000000000E+0003	 5.31615519914558E-0001	
 3.03250000000000E+0003	 5.33815001478804E-0001	
 3.03450000000000E+0003	 5.36021983043050E-0001	
 3.03650000000000E+0003	 5.38274464607295E-0001	
 3.03850000000000E+0003	 5.40526446171541E-0001	
 3.04050000000000E+0003	 5.42809427735787E-0001	
 3.04250000000000E+0003	 5.45168409300033E-0001	
 3.04450000000000E+0003	 5.47593390864279E-0001	
 3.04650000000000E+0003	 5.50005372428524E-0001	
 3.04850000000000E+0003	 5.52380853992770E-0001	
 3.05050000000000E+0003	 5.54764335557016E-0001	
 3.05250000000000E+0003	 5.57141817121262E-0001	
 3.05450000000000E+0003	 5.59451298685508E-0001	
 3.05650000000000E+0003	 5.61686780249754E-0001	
 3.05850000000000E+0003	 5.63786761813999E-0001	
 3.06050000000000E+0003	 5.65690743378245E-0001	
 3.06250000000000E+0003	 5.67376724942491E-0001	
 3.06450000000000E+0003	 5.68864706506737E-0001	
 3.06650000000000E+0003	 5.70195188070983E-0001	
 3.06850000000000E+0003	 5.71408169635228E-0001	
 3.07050000000000E+0003	 5.72483151199474E-0001	
 3.07250000000000E+0003	 5.73415632763720E-0001	
 3.07450000000000E+0003	 5.74193114327966E-0001	
 3.07650000000000E+0003	 5.74851095892212E-0001	
 3.07850000000000E+0003	 5.75506077456457E-0001	
 3.08050000000000E+0003	 5.76180559020703E-0001	
 3.08250000000000E+0003	 5.76803540584949E-0001	
 3.08450000000000E+0003	 5.77388022149195E-0001	
 3.08650000000000E+0003	 5.77903503713441E-0001	
 3.08850000000000E+0003	 5.78323485277686E-0001	
 3.09050000000000E+0003	 5.78714466841932E-0001	
 3.09250000000000E+0003	 5.79089448406178E-0001	
 3.09450000000000E+0003	 5.79413929970424E-0001	
 3.09650000000000E+0003	 5.79734411534670E-0001	
 3.09850000000000E+0003	 5.80092393098916E-0001	
 3.10050000000000E+0003	 5.80535874663161E-0001	
 3.10250000000000E+0003	 5.81075356227407E-0001	
 3.10450000000000E+0003	 5.81678837791653E-0001	
 3.10650000000000E+0003	 5.82331319355899E-0001	
 3.10850000000000E+0003	 5.83101800920145E-0001	
 3.11050000000000E+0003	 5.83980282484390E-0001	
 3.11250000000000E+0003	 5.84894264048636E-0001	
 3.11450000000000E+0003	 5.85898745612882E-0001	
 3.11650000000000E+0003	 5.87074227177128E-0001	
 3.11850000000000E+0003	 5.88389208741374E-0001	
 3.12050000000000E+0003	 5.89863190305619E-0001	
 3.12250000000000E+0003	 5.91482671869865E-0001	
 3.12450000000000E+0003	 5.93186153434111E-0001	
 3.12650000000000E+0003	 5.94947134998357E-0001	
 3.12850000000000E+0003	 5.96795116562603E-0001	
 3.13050000000000E+0003	 5.98761098126849E-0001	
 3.13250000000000E+0003	 6.00810579691094E-0001	
 3.13450000000000E+0003	 6.02920561255340E-0001	
 3.13650000000000E+0003	 6.05109542819586E-0001	
 3.13850000000000E+0003	 6.07399024383832E-0001	
 3.14050000000000E+0003	 6.09794005948078E-0001	
 3.14250000000000E+0003	 6.12248487512323E-0001	
 3.14450000000000E+0003	 6.14755969076569E-0001	
 3.14650000000000E+0003	 6.17316950640815E-0001	
 3.14850000000000E+0003	 6.19953932205061E-0001	
 3.15050000000000E+0003	 6.22689413769307E-0001	
 3.15250000000000E+0003	 6.25517895333552E-0001	
 3.15450000000000E+0003	 6.28375376897798E-0001	
 3.15650000000000E+0003	 6.31264358462044E-0001	
 3.15850000000000E+0003	 6.34212340026290E-0001	
 3.16050000000000E+0003	 6.37227321590536E-0001	
 3.16250000000000E+0003	 6.40283803154781E-0001	
 3.16450000000000E+0003	 6.43370284719027E-0001	
 3.16650000000000E+0003	 6.46488266283273E-0001	
 3.16850000000000E+0003	 6.49632247847519E-0001	
 3.17050000000000E+0003	 6.52789229411765E-0001	
 3.17250000000000E+0003	 6.55948710976011E-0001	
 3.17450000000000E+0003	 6.59090192540256E-0001	
 3.17650000000000E+0003	 6.62223674104502E-0001	
 3.17850000000000E+0003	 6.65359155668748E-0001	
 3.18050000000000E+0003	 6.68478137232994E-0001	
 3.18250000000000E+0003	 6.71537618797240E-0001	
 3.18450000000000E+0003	 6.74575600361485E-0001	
 3.18650000000000E+0003	 6.77574081925731E-0001	
 3.18850000000000E+0003	 6.80500563489977E-0001	
 3.19050000000000E+0003	 6.83362045054223E-0001	
 3.19250000000000E+0003	 6.86173026618469E-0001	
 3.19450000000000E+0003	 6.88915008182714E-0001	
 3.19650000000000E+0003	 6.91594989746960E-0001	
 3.19850000000000E+0003	 6.94215971311206E-0001	
 3.20050000000000E+0003	 6.96785952875452E-0001	
 3.20250000000000E+0003	 6.99290434439698E-0001	
 3.20450000000000E+0003	 7.01735416003943E-0001	
 3.20650000000000E+0003	 7.04117897568189E-0001	
 3.20850000000000E+0003	 7.06466379132435E-0001	
 3.21050000000000E+0003	 7.08773360696681E-0001	
 3.21250000000000E+0003	 7.11059842260927E-0001	
 3.21450000000000E+0003	 7.13348823825173E-0001	
 3.21650000000000E+0003	 7.15651305389418E-0001	
 3.21850000000000E+0003	 7.17964286953664E-0001	
 3.22050000000000E+0003	 7.20306768517910E-0001	
 3.22250000000000E+0003	 7.22690250082156E-0001	
 3.22450000000000E+0003	 7.25138731646402E-0001	
 3.22650000000000E+0003	 7.27653213210647E-0001	
 3.22850000000000E+0003	 7.30230194774893E-0001	
 3.23050000000000E+0003	 7.32885676339139E-0001	
 3.23250000000000E+0003	 7.35693657903385E-0001	
 3.23450000000000E+0003	 7.38615639467631E-0001	
 3.23650000000000E+0003	 7.41619621031876E-0001	
 3.23850000000000E+0003	 7.44740102596122E-0001	
 3.24050000000000E+0003	 7.48009084160368E-0001	
 3.24250000000000E+0003	 7.51411065724614E-0001	
 3.24450000000000E+0003	 7.54949547288860E-0001	
 3.24650000000000E+0003	 7.58645528853105E-0001	
 3.24850000000000E+0003	 7.62472510417351E-0001	
 3.25050000000000E+0003	 7.66373991981597E-0001	
 3.25250000000000E+0003	 7.70397973545843E-0001	
 3.25450000000000E+0003	 7.74545955110089E-0001	
 3.25650000000000E+0003	 7.78802436674335E-0001	
 3.25850000000000E+0003	 7.83128418238580E-0001	
 3.26050000000000E+0003	 7.87488399802826E-0001	
 3.26250000000000E+0003	 7.91842381367072E-0001	
 3.26450000000000E+0003	 7.96177862931318E-0001	
 3.26650000000000E+0003	 8.00423844495564E-0001	
 3.26850000000000E+0003	 8.04551826059809E-0001	
 3.27050000000000E+0003	 8.08590307624055E-0001	
 3.27250000000000E+0003	 8.12532789188301E-0001	
 3.27450000000000E+0003	 8.16320770752547E-0001	
 3.27650000000000E+0003	 8.19946252316793E-0001	
 3.27850000000000E+0003	 8.23347233881038E-0001	
 3.28050000000000E+0003	 8.26489715445284E-0001	
 3.28250000000000E+0003	 8.29391197009530E-0001	
 3.28450000000000E+0003	 8.32118678573776E-0001	
 3.28650000000000E+0003	 8.34622160138022E-0001	
 3.28850000000000E+0003	 8.36848641702267E-0001	
 3.29050000000000E+0003	 8.38821623266513E-0001	
 3.29250000000000E+0003	 8.40605604830759E-0001	
 3.29450000000000E+0003	 8.42186086395005E-0001	
 3.29650000000000E+0003	 8.43569567959251E-0001	
 3.29850000000000E+0003	 8.44728049523497E-0001	
 3.30050000000000E+0003	 8.45636031087742E-0001	
 3.30250000000000E+0003	 8.46306512651988E-0001	
 3.30450000000000E+0003	 8.46836994216234E-0001	
 3.30650000000000E+0003	 8.47262475780480E-0001	
 3.30850000000000E+0003	 8.47582957344726E-0001	
 3.31050000000000E+0003	 8.47771438908971E-0001	
 3.31250000000000E+0003	 8.47809420473217E-0001	
 3.31450000000000E+0003	 8.47718902037463E-0001	
 3.31650000000000E+0003	 8.47550383601709E-0001	
 3.31850000000000E+0003	 8.47317865165955E-0001	
 3.32050000000000E+0003	 8.47039346730200E-0001	
 3.32250000000000E+0003	 8.46706828294446E-0001	
 3.32450000000000E+0003	 8.46363809858692E-0001	
 3.32650000000000E+0003	 8.46043291422938E-0001	
 3.32850000000000E+0003	 8.45740772987184E-0001	
 3.33050000000000E+0003	 8.45435754551430E-0001	
 3.33250000000000E+0003	 8.45135236115675E-0001	
 3.33450000000000E+0003	 8.44809717679921E-0001	
 3.33650000000000E+0003	 8.44516199244167E-0001	
 3.33850000000000E+0003	 8.44300680808413E-0001	
 3.34050000000000E+0003	 8.44147662372659E-0001	
 3.34250000000000E+0003	 8.44028643936904E-0001	
 3.34450000000000E+0003	 8.43951625501150E-0001	
 3.34650000000000E+0003	 8.43889607065396E-0001	
 3.34850000000000E+0003	 8.43856588629642E-0001	
 3.35050000000000E+0003	 8.43889570193888E-0001	
 3.35250000000000E+0003	 8.43989051758133E-0001	
 3.35450000000000E+0003	 8.44092533322379E-0001	
 3.35650000000000E+0003	 8.44231514886625E-0001	
 3.35850000000000E+0003	 8.44400996450871E-0001	
 3.36050000000000E+0003	 8.44593978015117E-0001	
 3.36250000000000E+0003	 8.44775959579362E-0001	
 3.36450000000000E+0003	 8.44966441143608E-0001	
 3.36650000000000E+0003	 8.45198422707854E-0001	
 3.36850000000000E+0003	 8.45445404272100E-0001	
 3.37050000000000E+0003	 8.45627385836346E-0001	
 3.37250000000000E+0003	 8.45758367400592E-0001	
 3.37450000000000E+0003	 8.45878348964837E-0001	
 3.37650000000000E+0003	 8.45988330529083E-0001	
 3.37850000000000E+0003	 8.46048312093329E-0001	
 3.38050000000000E+0003	 8.46066293657575E-0001	
 3.38250000000000E+0003	 8.46048775221821E-0001	
 3.38450000000000E+0003	 8.46017756786066E-0001	
 3.38650000000000E+0003	 8.45958738350312E-0001	
 3.38850000000000E+0003	 8.45890219914558E-0001	
 3.39050000000000E+0003	 8.45796701478804E-0001	
 3.39250000000000E+0003	 8.45616683043050E-0001	
 3.39450000000000E+0003	 8.45358664607295E-0001	
 3.39650000000000E+0003	 8.45140146171541E-0001	
 3.39850000000000E+0003	 8.44976627735787E-0001	
 3.40050000000000E+0003	 8.44745609300033E-0001	
 3.40250000000000E+0003	 8.44342590864279E-0001	
 3.40450000000000E+0003	 8.43894072428524E-0001	
 3.40650000000000E+0003	 8.43465053992770E-0001	
 3.40850000000000E+0003	 8.43030035557016E-0001	
 3.41050000000000E+0003	 8.42558017121262E-0001	
 3.41250000000000E+0003	 8.42003998685508E-0001	
 3.41450000000000E+0003	 8.41330480249754E-0001	
 3.41650000000000E+0003	 8.40607461813999E-0001	
 3.41850000000000E+0003	 8.39836943378245E-0001	
 3.42050000000000E+0003	 8.38984424942491E-0001	
 3.42250000000000E+0003	 8.38043406506737E-0001	
 3.42450000000000E+0003	 8.37055888070983E-0001	
 3.42650000000000E+0003	 8.36016369635228E-0001	
 3.42850000000000E+0003	 8.34900851199474E-0001	
 3.43050000000000E+0003	 8.33664332763720E-0001	
 3.43250000000000E+0003	 8.32374314327966E-0001	
 3.43450000000000E+0003	 8.31040295892212E-0001	
 3.43650000000000E+0003	 8.29504277456457E-0001	
 3.43850000000000E+0003	 8.27756759020703E-0001	
 3.44050000000000E+0003	 8.25951240584949E-0001	
 3.44250000000000E+0003	 8.24120722149195E-0001	
 3.44450000000000E+0003	 8.22256703713441E-0001	
 3.44650000000000E+0003	 8.20331685277686E-0001	
 3.44850000000000E+0003	 8.18317166841932E-0001	
 3.45050000000000E+0003	 8.16241148406178E-0001	
 3.45250000000000E+0003	 8.14118129970424E-0001	
 3.45450000000000E+0003	 8.11912611534670E-0001	
 3.45650000000000E+0003	 8.09679593098916E-0001	
 3.45850000000000E+0003	 8.07452574663161E-0001	
 3.46050000000000E+0003	 8.05124056227407E-0001	
 3.46250000000000E+0003	 8.02700537791653E-0001	
 3.46450000000000E+0003	 8.00387019355899E-0001	
 3.46650000000000E+0003	 7.98139500920145E-0001	
 3.46850000000000E+0003	 7.95641482484390E-0001	
 3.47050000000000E+0003	 7.92782964048636E-0001	
 3.47250000000000E+0003	 7.89902445612882E-0001	
 3.47450000000000E+0003	 7.87154427177128E-0001	
 3.47650000000000E+0003	 7.84468408741374E-0001	
 3.47850000000000E+0003	 7.81783390305619E-0001	
 3.48050000000000E+0003	 7.78915371869865E-0001	
 3.48250000000000E+0003	 7.75910353434111E-0001	
 3.48450000000000E+0003	 7.73015334998357E-0001	
 3.48650000000000E+0003	 7.70123316562603E-0001	
 3.48850000000000E+0003	 7.67090798126849E-0001	
 3.49050000000000E+0003	 7.64034279691094E-0001	
 3.49250000000000E+0003	 7.61031261255340E-0001	
 3.49450000000000E+0003	 7.58013742819586E-0001	
 3.49650000000000E+0003	 7.54922224383832E-0001	
 3.49850000000000E+0003	 7.51774705948078E-0001	
 3.50050000000000E+0003	 7.48675687512323E-0001	
 3.50250000000000E+0003	 7.45471669076569E-0001	
 3.50450000000000E+0003	 7.42033650640815E-0001	
 3.50650000000000E+0003	 7.38595132205061E-0001	
 3.50850000000000E+0003	 7.35240113769307E-0001	
 3.51050000000000E+0003	 7.31937095333552E-0001	
 3.51250000000000E+0003	 7.28668076897798E-0001	
 3.51450000000000E+0003	 7.25275058462044E-0001	
 3.51650000000000E+0003	 7.21749040026290E-0001	
 3.51850000000000E+0003	 7.18198521590536E-0001	
 3.52050000000000E+0003	 7.14739503154781E-0001	
 3.52250000000000E+0003	 7.11301984719027E-0001	
 3.52450000000000E+0003	 7.07652466283273E-0001	
 3.52650000000000E+0003	 7.03868447847519E-0001	
 3.52850000000000E+0003	 7.00115929411765E-0001	
 3.53050000000000E+0003	 6.96398410976011E-0001	
 3.53250000000000E+0003	 6.92727892540256E-0001	
 3.53450000000000E+0003	 6.89090874104502E-0001	
 3.53650000000000E+0003	 6.85283855668748E-0001	
 3.53850000000000E+0003	 6.81297837232994E-0001	
 3.54050000000000E+0003	 6.77438818797240E-0001	
 3.54250000000000E+0003	 6.73695300361485E-0001	
 3.54450000000000E+0003	 6.69739781925731E-0001	
 3.54650000000000E+0003	 6.65433763489977E-0001	
 3.54850000000000E+0003	 6.61128745054223E-0001	
 3.55050000000000E+0003	 6.56982726618469E-0001	
 3.55250000000000E+0003	 6.52739208182714E-0001	
 3.55450000000000E+0003	 6.48459689746960E-0001	
 3.55650000000000E+0003	 6.44241171311206E-0001	
 3.55850000000000E+0003	 6.39979652875452E-0001	
 3.56050000000000E+0003	 6.35625134439698E-0001	
 3.56250000000000E+0003	 6.31169116003943E-0001	
 3.56450000000000E+0003	 6.26625097568189E-0001	
 3.56650000000000E+0003	 6.21959079132435E-0001	
 3.56850000000000E+0003	 6.17332060696681E-0001	
 3.57050000000000E+0003	 6.12847542260927E-0001	
 3.57250000000000E+0003	 6.08249023825173E-0001	
 3.57450000000000E+0003	 6.03511505389418E-0001	
 3.57650000000000E+0003	 5.98745486953664E-0001	
 3.57850000000000E+0003	 5.93969468517910E-0001	
 3.58050000000000E+0003	 5.89199950082156E-0001	
 3.58250000000000E+0003	 5.84471431646402E-0001	
 3.58450000000000E+0003	 5.79705913210647E-0001	
 3.58650000000000E+0003	 5.74588894774893E-0001	
 3.58850000000000E+0003	 5.69212876339139E-0001	
 3.59050000000000E+0003	 5.64185357903385E-0001	
 3.59250000000000E+0003	 5.59326339467631E-0001	
 3.59450000000000E+0003	 5.54272821031876E-0001	
 3.59650000000000E+0003	 5.49230302596122E-0001	
 3.59850000000000E+0003	 5.44303784160368E-0001	
 3.60050000000000E+0003	 5.39273265724614E-0001	
 3.60250000000000E+0003	 5.34204247288860E-0001	
 3.60450000000000E+0003	 5.29204228853105E-0001	
 3.60650000000000E+0003	 5.24132210417351E-0001	
 3.60850000000000E+0003	 5.18903691981597E-0001	
 3.61050000000000E+0003	 5.13808173545843E-0001	
 3.61250000000000E+0003	 5.08848155110089E-0001	
 3.61450000000000E+0003	 5.03887136674335E-0001	
 3.61650000000000E+0003	 4.99079618238580E-0001	
 3.61850000000000E+0003	 4.94182099802826E-0001	
 3.62050000000000E+0003	 4.89122581367072E-0001	
 3.62250000000000E+0003	 4.84233562931318E-0001	
 3.62450000000000E+0003	 4.79484544495564E-0001	
 3.62650000000000E+0003	 4.74824526059809E-0001	
 3.62850000000000E+0003	 4.69824007624055E-0001	
 3.63050000000000E+0003	 4.64735489188301E-0001	
 3.63250000000000E+0003	 4.60237970752547E-0001	
 3.63450000000000E+0003	 4.55770952316793E-0001	
 3.63650000000000E+0003	 4.51236933881038E-0001	
 3.63850000000000E+0003	 4.46759915445284E-0001	
 3.64050000000000E+0003	 4.42303397009530E-0001	
 3.64250000000000E+0003	 4.37896378573776E-0001	
 3.64450000000000E+0003	 4.33684360138022E-0001	
 3.64650000000000E+0003	 4.29568341702267E-0001	
 3.64850000000000E+0003	 4.25326323266513E-0001	
 3.65050000000000E+0003	 4.21018304830759E-0001	
 3.65250000000000E+0003	 4.17033286395005E-0001	
 3.65450000000000E+0003	 4.13379767959251E-0001	
 3.65650000000000E+0003	 4.09636249523497E-0001	
 3.65850000000000E+0003	 4.05997731087742E-0001	
 3.66050000000000E+0003	 4.02505712651988E-0001	
 3.66250000000000E+0003	 3.98992694216234E-0001	
 3.66450000000000E+0003	 3.95607675780480E-0001	
 3.66650000000000E+0003	 3.92444657344726E-0001	
 3.66850000000000E+0003	 3.89373638908971E-0001	
 3.67050000000000E+0003	 3.86220620473217E-0001	
 3.67250000000000E+0003	 3.83451602037463E-0001	
 3.67450000000000E+0003	 3.80894083601709E-0001	
 3.67650000000000E+0003	 3.78162565165955E-0001	
 3.67850000000000E+0003	 3.75664046730200E-0001	
 3.68050000000000E+0003	 3.73277528294446E-0001	
 3.68250000000000E+0003	 3.70954009858692E-0001	
 3.68450000000000E+0003	 3.68767491422938E-0001	
 3.68650000000000E+0003	 3.66769972987184E-0001	
 3.68850000000000E+0003	 3.64775454551430E-0001	
 3.69050000000000E+0003	 3.62685436115675E-0001	
 3.69250000000000E+0003	 3.60714417679921E-0001	
 3.69450000000000E+0003	 3.58971899244167E-0001	
 3.69650000000000E+0003	 3.57329380808413E-0001	
 3.69850000000000E+0003	 3.55763862372659E-0001	
 3.70050000000000E+0003	 3.54298343936904E-0001	
 3.70250000000000E+0003	 3.52879825501150E-0001	
 3.70450000000000E+0003	 3.51518807065396E-0001	
 3.70650000000000E+0003	 3.50240788629642E-0001	
 3.70850000000000E+0003	 3.49058770193888E-0001	
 3.71050000000000E+0003	 3.47929751758133E-0001	
 3.71250000000000E+0003	 3.46843733322379E-0001	
 3.71450000000000E+0003	 3.45836714886625E-0001	
 3.71650000000000E+0003	 3.44834696450871E-0001	
 3.71850000000000E+0003	 3.43831678015117E-0001	
 3.72050000000000E+0003	 3.42874159579362E-0001	
 3.72250000000000E+0003	 3.41961641143608E-0001	
 3.72450000000000E+0003	 3.41095622707854E-0001	
 3.72650000000000E+0003	 3.40229104272100E-0001	
 3.72850000000000E+0003	 3.39424085836346E-0001	
 3.73050000000000E+0003	 3.38664567400592E-0001	
 3.73250000000000E+0003	 3.37898048964837E-0001	
 3.73450000000000E+0003	 3.37176530529083E-0001	
 3.73650000000000E+0003	 3.36491012093329E-0001	
 3.73850000000000E+0003	 3.35799993657575E-0001	
 3.74050000000000E+0003	 3.35009975221821E-0001	
 3.74250000000000E+0003	 3.34279456786066E-0001	
 3.74450000000000E+0003	 3.33595438350312E-0001	
 3.74650000000000E+0003	 3.33017419914558E-0001	
 3.74850000000000E+0003	 3.32430901478804E-0001	
 3.75050000000000E+0003	 3.31878883043050E-0001	
 3.75250000000000E+0003	 3.31380864607295E-0001	
 3.75450000000000E+0003	 3.30884846171541E-0001	
 3.75650000000000E+0003	 3.30355827735787E-0001	
 3.75850000000000E+0003	 3.29811809300033E-0001	
 3.76050000000000E+0003	 3.29274790864279E-0001	
 3.76250000000000E+0003	 3.28768272428524E-0001	
 3.76450000000000E+0003	 3.28265753992770E-0001	
 3.76650000000000E+0003	 3.27785235557016E-0001	
 3.76850000000000E+0003	 3.27337717121262E-0001	
 3.77050000000000E+0003	 3.26865698685508E-0001	
 3.77250000000000E+0003	 3.26411180249754E-0001	
 3.77450000000000E+0003	 3.25950161813999E-0001	
 3.77650000000000E+0003	 3.25548143378245E-0001	
 3.77850000000000E+0003	 3.25180624942491E-0001	
 3.78050000000000E+0003	 3.24759106506737E-0001	
 3.78250000000000E+0003	 3.24316088070983E-0001	
 3.78450000000000E+0003	 3.23887569635228E-0001	
 3.78650000000000E+0003	 3.23493051199474E-0001	
 3.78850000000000E+0003	 3.23125532763720E-0001	
 3.79050000000000E+0003	 3.22759514327966E-0001	
 3.79250000000000E+0003	 3.22379995892212E-0001	
 3.79450000000000E+0003	 3.22013977456457E-0001	
 3.79650000000000E+0003	 3.21628959020703E-0001	
 3.79850000000000E+0003	 3.21282440584949E-0001	
 3.80050000000000E+0003	 3.20941422149195E-0001	
 3.80250000000000E+0003	 3.20584903713441E-0001	
 3.80450000000000E+0003	 3.20325885277686E-0001	
 3.80650000000000E+0003	 3.20036866841932E-0001	
 3.80850000000000E+0003	 3.19753848406178E-0001	
 3.81050000000000E+0003	 3.19446829970424E-0001	
 3.81250000000000E+0003	 3.19120311534670E-0001	
 3.81450000000000E+0003	 3.18813293098916E-0001	
 3.81650000000000E+0003	 3.18505774663161E-0001	
 3.81850000000000E+0003	 3.18339256227407E-0001	
 3.82050000000000E+0003	 3.18125237791653E-0001	
 3.82250000000000E+0003	 3.17837719355899E-0001	
 3.82450000000000E+0003	 3.17606200920145E-0001	
 3.82650000000000E+0003	 3.17348182484390E-0001	
 3.82850000000000E+0003	 3.17089164048636E-0001	
 3.83050000000000E+0003	 3.16850645612882E-0001	
 3.83250000000000E+0003	 3.16646627177128E-0001	
 3.83450000000000E+0003	 3.16467108741374E-0001	
 3.83650000000000E+0003	 3.16253590305619E-0001	
 3.83850000000000E+0003	 3.15998571869865E-0001	
 3.84050000000000E+0003	 3.15792553434111E-0001	
 3.84250000000000E+0003	 3.15596034998357E-0001	
 3.84450000000000E+0003	 3.15395516562603E-0001	
 3.84650000000000E+0003	 3.15191498126849E-0001	
 3.84850000000000E+0003	 3.14914979691094E-0001	
 3.85050000000000E+0003	 3.14656961255340E-0001	
 3.85250000000000E+0003	 3.14566942819586E-0001	
 3.85450000000000E+0003	 3.14528924383832E-0001	
 3.85650000000000E+0003	 3.14386405948078E-0001	
 3.85850000000000E+0003	 3.14156887512323E-0001	
 3.86050000000000E+0003	 3.13982869076569E-0001	
 3.86250000000000E+0003	 3.13853850640815E-0001	
 3.86450000000000E+0003	 3.13666832205061E-0001	
 3.86650000000000E+0003	 3.13513313769307E-0001	
 3.86850000000000E+0003	 3.13417295333552E-0001	
 3.87050000000000E+0003	 3.13292776897798E-0001	
 3.87250000000000E+0003	 3.13216758462044E-0001	
 3.87450000000000E+0003	 3.13077740026290E-0001	
 3.87650000000000E+0003	 3.12951721590536E-0001	
 3.87850000000000E+0003	 3.12866703154781E-0001	
 3.88050000000000E+0003	 3.12747184719027E-0001	
 3.88250000000000E+0003	 3.12657666283273E-0001	
 3.88450000000000E+0003	 3.12597147847519E-0001	
 3.88650000000000E+0003	 3.12483629411765E-0001	
 3.88850000000000E+0003	 3.12393610976011E-0001	
 3.89050000000000E+0003	 3.12300092540256E-0001	
 3.89250000000000E+0003	 3.12201074104502E-0001	
 3.89450000000000E+0003	 3.12098055668748E-0001	
 3.89650000000000E+0003	 3.12012037232994E-0001	
 3.89850000000000E+0003	 3.11930018797240E-0001	
 3.90050000000000E+0003	 3.11865500361485E-0001	
 3.90250000000000E+0003	 3.11870481925731E-0001	
 3.90450000000000E+0003	 3.11879463489977E-0001	
 3.90650000000000E+0003	 3.11827945054223E-0001	
 3.90850000000000E+0003	 3.11746926618469E-0001	
 3.91050000000000E+0003	 3.11684908182714E-0001	
 3.91250000000000E+0003	 3.11619389746960E-0001	
 3.91450000000000E+0003	 3.11578371311206E-0001	
 3.91650000000000E+0003	 3.11576352875452E-0001	
 3.91850000000000E+0003	 3.11573334439698E-0001	
 3.92050000000000E+0003	 3.11527816003943E-0001	
 3.92250000000000E+0003	 3.11481297568189E-0001	
 3.92450000000000E+0003	 3.11451779132435E-0001	
 3.92650000000000E+0003	 3.11423260696681E-0001	
 3.92850000000000E+0003	 3.11381242260927E-0001	
 3.93050000000000E+0003	 3.11352723825173E-0001	
 3.93250000000000E+0003	 3.11344705389418E-0001	
 3.93450000000000E+0003	 3.11323686953664E-0001	
 3.93650000000000E+0003	 3.11267168517910E-0001	
 3.93850000000000E+0003	 3.11210150082156E-0001	
 3.94050000000000E+0003	 3.11189631646402E-0001	
 3.94250000000000E+0003	 3.11160613210647E-0001	
 3.94450000000000E+0003	 3.11128594774893E-0001	
 3.94650000000000E+0003	 3.11101576339139E-0001	
 3.94850000000000E+0003	 3.11074557903385E-0001	
 3.95050000000000E+0003	 3.11039039467631E-0001	
 3.95250000000000E+0003	 3.10986521031876E-0001	
 3.95450000000000E+0003	 3.10936502596122E-0001	
 3.95650000000000E+0003	 3.10893484160368E-0001	
 3.95850000000000E+0003	 3.10867465724614E-0001	
 3.96050000000000E+0003	 3.10862447288860E-0001	
 3.96250000000000E+0003	 3.10844428853105E-0001	
 3.96450000000000E+0003	 3.10808410417351E-0001	
 3.96650000000000E+0003	 3.10763391981597E-0001	
 3.96850000000000E+0003	 3.10723373545843E-0001	
 3.97050000000000E+0003	 3.10685855110089E-0001	
 3.97250000000000E+0003	 3.10641836674335E-0001	
 3.97450000000000E+0003	 3.10598818238580E-0001	
 3.97650000000000E+0003	 3.10576299802826E-0001	
 3.97850000000000E+0003	 3.10554781367072E-0001	
 3.98050000000000E+0003	 3.10520262931318E-0001	
 3.98250000000000E+0003	 3.10495744495564E-0001	
 3.98450000000000E+0003	 3.10476226059809E-0001	
 3.98650000000000E+0003	 3.10434207624055E-0001	
 3.98850000000000E+0003	 3.10389189188301E-0001	
 3.99050000000000E+0003	 3.10347670752547E-0001	
 3.99250000000000E+0003	 3.10315652316793E-0001	
 3.99450000000000E+0003	 3.10287633881038E-0001	
 3.99650000000000E+0003	 3.10249115445284E-0001	
 3.99850000000000E+0003	 3.10129794117647E-0001	

>1	DATALINE
