*CPCWIN*

>1	DATALINE
DATALINE
1
Operator:

Description:

Remarks:





15.9.2008
11:12


_x	_y
	
	
UNIT	UNIT
 4.50500000000000E+0002	 1.94073308872367E-0001	
 4.52500000000000E+0002	 1.95744895662949E-0001	
 4.54500000000000E+0002	 1.96393982453532E-0001	
 4.56500000000000E+0002	 1.97494069244114E-0001	
 4.58500000000000E+0002	 1.99600656034696E-0001	
 4.60500000000000E+0002	 2.00581242825279E-0001	
 4.62500000000000E+0002	 2.01820329615861E-0001	
 4.64500000000000E+0002	 2.03673416406444E-0001	
 4.66500000000000E+0002	 2.04278503197026E-0001	
 4.68500000000000E+0002	 2.04754089987608E-0001	
 4.70500000000000E+0002	 2.06560176778191E-0001	
 4.72500000000000E+0002	 2.08153263568773E-0001	
 4.74500000000000E+0002	 2.09783850359356E-0001	
 4.76500000000000E+0002	 2.11071937149938E-0001	
 4.78500000000000E+0002	 2.11960023940520E-0001	
 4.80500000000000E+0002	 2.12590610731103E-0001	
 4.82500000000000E+0002	 2.13874197521685E-0001	
 4.84500000000000E+0002	 2.14715284312268E-0001	
 4.86500000000000E+0002	 2.15446371102850E-0001	
 4.88500000000000E+0002	 2.16603957893432E-0001	
 4.90500000000000E+0002	 2.17346544684015E-0001	
 4.92500000000000E+0002	 2.18012631474597E-0001	
 4.94500000000000E+0002	 2.19365218265180E-0001	
 4.96500000000000E+0002	 2.20644805055762E-0001	
 4.98500000000000E+0002	 2.21687391846344E-0001	
 5.00500000000000E+0002	 2.22401478636927E-0001	
 5.02500000000000E+0002	 2.23491065427509E-0001	
 5.04500000000000E+0002	 2.25072652218092E-0001	
 5.06500000000000E+0002	 2.26685239008674E-0001	
 5.08500000000000E+0002	 2.28024325799257E-0001	
 5.10500000000000E+0002	 2.29571412589839E-0001	
 5.12500000000000E+0002	 2.31515999380421E-0001	
 5.14500000000000E+0002	 2.33357086171004E-0001	
 5.16500000000000E+0002	 2.34856672961586E-0001	
 5.18500000000000E+0002	 2.36752759752169E-0001	
 5.20500000000000E+0002	 2.38821346542751E-0001	
 5.22500000000000E+0002	 2.40860433333333E-0001	
 5.24500000000000E+0002	 2.42931520123916E-0001	
 5.26500000000000E+0002	 2.46093606914498E-0001	
 5.28500000000000E+0002	 2.49886693705081E-0001	
 5.30500000000000E+0002	 2.52145280495663E-0001	
 5.32500000000000E+0002	 2.51653367286245E-0001	
 5.34500000000000E+0002	 2.50013954076828E-0001	
 5.36500000000000E+0002	 2.48573540867410E-0001	
 5.38500000000000E+0002	 2.47232627657993E-0001	
 5.40500000000000E+0002	 2.45552714448575E-0001	
 5.42500000000000E+0002	 2.44007301239157E-0001	
 5.44500000000000E+0002	 2.42610888029740E-0001	
 5.46500000000000E+0002	 2.41239474820322E-0001	
 5.48500000000000E+0002	 2.39710561610905E-0001	
 5.50500000000000E+0002	 2.38455648401487E-0001	
 5.52500000000000E+0002	 2.37459735192069E-0001	
 5.54500000000000E+0002	 2.36542821982652E-0001	
 5.56500000000000E+0002	 2.35411908773234E-0001	
 5.58500000000000E+0002	 2.34433995563817E-0001	
 5.60500000000000E+0002	 2.33459082354399E-0001	
 5.62500000000000E+0002	 2.32355669144981E-0001	
 5.64500000000000E+0002	 2.31406755935564E-0001	
 5.66500000000000E+0002	 2.30529842726146E-0001	
 5.68500000000000E+0002	 2.29436929516729E-0001	
 5.70500000000000E+0002	 2.28401516307311E-0001	
 5.72500000000000E+0002	 2.27566603097893E-0001	
 5.74500000000000E+0002	 2.26731689888476E-0001	
 5.76500000000000E+0002	 2.25884776679058E-0001	
 5.78500000000000E+0002	 2.25220863469641E-0001	
 5.80500000000000E+0002	 2.24479450260223E-0001	
 5.82500000000000E+0002	 2.23920537050805E-0001	
 5.84500000000000E+0002	 2.23129123841388E-0001	
 5.86500000000000E+0002	 2.22434710631970E-0001	
 5.88500000000000E+0002	 2.21924797422553E-0001	
 5.90500000000000E+0002	 2.21365384213135E-0001	
 5.92500000000000E+0002	 2.21025471003717E-0001	
 5.94500000000000E+0002	 2.21017557794300E-0001	
 5.96500000000000E+0002	 2.20817144584882E-0001	
 5.98500000000000E+0002	 2.20428731375465E-0001	
 6.00500000000000E+0002	 2.20104318166047E-0001	
 6.02500000000000E+0002	 2.20013404956629E-0001	
 6.04500000000000E+0002	 2.19675491747212E-0001	
 6.06500000000000E+0002	 2.19261578537794E-0001	
 6.08500000000000E+0002	 2.18920665328377E-0001	
 6.10500000000000E+0002	 2.18765252118959E-0001	
 6.12500000000000E+0002	 2.18549838909542E-0001	
 6.14500000000000E+0002	 2.18317925700124E-0001	
 6.16500000000000E+0002	 2.18062012490706E-0001	
 6.18500000000000E+0002	 2.17608599281289E-0001	
 6.20500000000000E+0002	 2.17053186071871E-0001	
 6.22500000000000E+0002	 2.16704272862454E-0001	
 6.24500000000000E+0002	 2.16149859653036E-0001	
 6.26500000000000E+0002	 2.15599946443618E-0001	
 6.28500000000000E+0002	 2.15191533234201E-0001	
 6.30500000000000E+0002	 2.14660120024783E-0001	
 6.32500000000000E+0002	 2.13825706815366E-0001	
 6.34500000000000E+0002	 2.13022293605948E-0001	
 6.36500000000000E+0002	 2.12636880396530E-0001	
 6.38500000000000E+0002	 2.12400467187113E-0001	
 6.40500000000000E+0002	 2.12059553977695E-0001	
 6.42500000000000E+0002	 2.11830640768278E-0001	
 6.44500000000000E+0002	 2.11460727558860E-0001	
 6.46500000000000E+0002	 2.10921814349442E-0001	
 6.48500000000000E+0002	 2.10343901140025E-0001	
 6.50500000000000E+0002	 2.09920487930607E-0001	
 6.52500000000000E+0002	 2.09525074721190E-0001	
 6.54500000000000E+0002	 2.09109161511772E-0001	
 6.56500000000000E+0002	 2.08703248302354E-0001	
 6.58500000000000E+0002	 2.08338335092937E-0001	
 6.60500000000000E+0002	 2.07909421883519E-0001	
 6.62500000000000E+0002	 2.07482508674102E-0001	
 6.64500000000000E+0002	 2.07300595464684E-0001	
 6.66500000000000E+0002	 2.07373182255266E-0001	
 6.68500000000000E+0002	 2.05848769045849E-0001	
 6.70500000000000E+0002	 2.04679855836431E-0001	
 6.72500000000000E+0002	 2.03844942627014E-0001	
 6.74500000000000E+0002	 2.03154529417596E-0001	
 6.76500000000000E+0002	 2.02343116208178E-0001	
 6.78500000000000E+0002	 2.01532202998761E-0001	
 6.80500000000000E+0002	 2.00752789789343E-0001	
 6.82500000000000E+0002	 2.00009376579926E-0001	
 6.84500000000000E+0002	 1.99263463370508E-0001	
 6.86500000000000E+0002	 1.98589550161090E-0001	
 6.88500000000000E+0002	 1.98008636951673E-0001	
 6.90500000000000E+0002	 1.97739223742255E-0001	
 6.92500000000000E+0002	 1.97567810532838E-0001	
 6.94500000000000E+0002	 1.97473397323420E-0001	
 6.96500000000000E+0002	 1.97463484114002E-0001	
 6.98500000000000E+0002	 1.97435570904585E-0001	
 7.00500000000000E+0002	 1.97127657695167E-0001	
 7.02500000000000E+0002	 1.96318744485750E-0001	
 7.04500000000000E+0002	 1.95151331276332E-0001	
 7.06500000000000E+0002	 1.93835418066914E-0001	
 7.08500000000000E+0002	 1.92450004857497E-0001	
 7.10500000000000E+0002	 1.91253591648079E-0001	
 7.12500000000000E+0002	 1.90165178438662E-0001	
 7.14500000000000E+0002	 1.89178765229244E-0001	
 7.16500000000000E+0002	 1.88252852019827E-0001	
 7.18500000000000E+0002	 1.87398938810409E-0001	
 7.20500000000000E+0002	 1.86483025600991E-0001	
 7.22500000000000E+0002	 1.85421612391574E-0001	
 7.24500000000000E+0002	 1.84132699182156E-0001	
 7.26500000000000E+0002	 1.82719785972739E-0001	
 7.28500000000000E+0002	 1.81293372763321E-0001	
 7.30500000000000E+0002	 1.79953459553903E-0001	
 7.32500000000000E+0002	 1.78729046344486E-0001	
 7.34500000000000E+0002	 1.77688133135068E-0001	
 7.36500000000000E+0002	 1.76796219925651E-0001	
 7.38500000000000E+0002	 1.76061806716233E-0001	
 7.40500000000000E+0002	 1.75372393506815E-0001	
 7.42500000000000E+0002	 1.74697480297398E-0001	
 7.44500000000000E+0002	 1.73934067087980E-0001	
 7.46500000000000E+0002	 1.73146653878563E-0001	
 7.48500000000000E+0002	 1.72287740669145E-0001	
 7.50500000000000E+0002	 1.71337327459727E-0001	
 7.52500000000000E+0002	 1.70383914250310E-0001	
 7.54500000000000E+0002	 1.69520501040892E-0001	
 7.56500000000000E+0002	 1.68695587831475E-0001	
 7.58500000000000E+0002	 1.67886174622057E-0001	
 7.60500000000000E+0002	 1.67182261412639E-0001	
 7.62500000000000E+0002	 1.66714348203222E-0001	
 7.64500000000000E+0002	 1.66346934993804E-0001	
 7.66500000000000E+0002	 1.65964021784387E-0001	
 7.68500000000000E+0002	 1.65406608574969E-0001	
 7.70500000000000E+0002	 1.64843695365551E-0001	
 7.72500000000000E+0002	 1.64471782156134E-0001	
 7.74500000000000E+0002	 1.64440868946716E-0001	
 7.76500000000000E+0002	 1.64813955737299E-0001	
 7.78500000000000E+0002	 1.65322042527881E-0001	
 7.80500000000000E+0002	 1.65187129318463E-0001	
 7.82500000000000E+0002	 1.64067716109046E-0001	
 7.84500000000000E+0002	 1.62558302899628E-0001	
 7.86500000000000E+0002	 1.61240889690211E-0001	
 7.88500000000000E+0002	 1.60037476480793E-0001	
 7.90500000000000E+0002	 1.58921063271375E-0001	
 7.92500000000000E+0002	 1.58108150061958E-0001	
 7.94500000000000E+0002	 1.57727236852540E-0001	
 7.96500000000000E+0002	 1.57384823643123E-0001	
 7.98500000000000E+0002	 1.56684410433705E-0001	
 8.00500000000000E+0002	 1.55754497224287E-0001	
 8.02500000000000E+0002	 1.54950584014870E-0001	
 8.04500000000000E+0002	 1.54441670805452E-0001	
 8.06500000000000E+0002	 1.54234757596035E-0001	
 8.08500000000000E+0002	 1.54187844386617E-0001	
 8.10500000000000E+0002	 1.54108431177200E-0001	
 8.12500000000000E+0002	 1.53839517967782E-0001	
 8.14500000000000E+0002	 1.53402604758364E-0001	
 8.16500000000000E+0002	 1.52848691548947E-0001	
 8.18500000000000E+0002	 1.52227778339529E-0001	
 8.20500000000000E+0002	 1.51606365130112E-0001	
 8.22500000000000E+0002	 1.51060951920694E-0001	
 8.24500000000000E+0002	 1.50626538711276E-0001	
 8.26500000000000E+0002	 1.50356125501859E-0001	
 8.28500000000000E+0002	 1.50208212292441E-0001	
 8.30500000000000E+0002	 1.50080799083024E-0001	
 8.32500000000000E+0002	 1.49932885873606E-0001	
 8.34500000000000E+0002	 1.49774472664188E-0001	
 8.36500000000000E+0002	 1.49620559454771E-0001	
 8.38500000000000E+0002	 1.49592146245353E-0001	
 8.40500000000000E+0002	 1.49701733035936E-0001	
 8.42500000000000E+0002	 1.49889819826518E-0001	
 8.44500000000000E+0002	 1.50286906617100E-0001	
 8.46500000000000E+0002	 1.50890993407683E-0001	
 8.48500000000000E+0002	 1.51660080198265E-0001	
 8.50500000000000E+0002	 1.52607166988848E-0001	
 8.52500000000000E+0002	 1.53696753779430E-0001	
 8.54500000000000E+0002	 1.54888340570012E-0001	
 8.56500000000000E+0002	 1.56176427360595E-0001	
 8.58500000000000E+0002	 1.57526014151177E-0001	
 8.60500000000000E+0002	 1.58920600941760E-0001	
 8.62500000000000E+0002	 1.60216687732342E-0001	
 8.64500000000000E+0002	 1.61351274522924E-0001	
 8.66500000000000E+0002	 1.62385861313507E-0001	
 8.68500000000000E+0002	 1.63494448104089E-0001	
 8.70500000000000E+0002	 1.64829034894672E-0001	
 8.72500000000000E+0002	 1.66068121685254E-0001	
 8.74500000000000E+0002	 1.66583208475836E-0001	
 8.76500000000000E+0002	 1.66524295266419E-0001	
 8.78500000000000E+0002	 1.66199882057001E-0001	
 8.80500000000000E+0002	 1.65695468847584E-0001	
 8.82500000000000E+0002	 1.64960555638166E-0001	
 8.84500000000000E+0002	 1.64053142428748E-0001	
 8.86500000000000E+0002	 1.63071229219331E-0001	
 8.88500000000000E+0002	 1.62112816009913E-0001	
 8.90500000000000E+0002	 1.61216902800496E-0001	
 8.92500000000000E+0002	 1.60534489591078E-0001	
 8.94500000000000E+0002	 1.60020576381660E-0001	
 8.96500000000000E+0002	 1.59588663172243E-0001	
 8.98500000000000E+0002	 1.59245749962825E-0001	
 9.00500000000000E+0002	 1.59101336753408E-0001	
 9.02500000000000E+0002	 1.59183423543990E-0001	
 9.04500000000000E+0002	 1.59515010334572E-0001	
 9.06500000000000E+0002	 1.60014097125155E-0001	
 9.08500000000000E+0002	 1.60639683915737E-0001	
 9.10500000000000E+0002	 1.61178270706320E-0001	
 9.12500000000000E+0002	 1.61504357496902E-0001	
 9.14500000000000E+0002	 1.61466444287485E-0001	
 9.16500000000000E+0002	 1.61052531078067E-0001	
 9.18500000000000E+0002	 1.60303617868649E-0001	
 9.20500000000000E+0002	 1.59418704659232E-0001	
 9.22500000000000E+0002	 1.58560291449814E-0001	
 9.24500000000000E+0002	 1.57912378240397E-0001	
 9.26500000000000E+0002	 1.57526465030979E-0001	
 9.28500000000000E+0002	 1.57410551821561E-0001	
 9.30500000000000E+0002	 1.57481138612144E-0001	
 9.32500000000000E+0002	 1.57752225402726E-0001	
 9.34500000000000E+0002	 1.58087312193309E-0001	
 9.36500000000000E+0002	 1.58549398983891E-0001	
 9.38500000000000E+0002	 1.59182485774473E-0001	
 9.40500000000000E+0002	 1.60055072565056E-0001	
 9.42500000000000E+0002	 1.61150159355638E-0001	
 9.44500000000000E+0002	 1.62479246146221E-0001	
 9.46500000000000E+0002	 1.63930832936803E-0001	
 9.48500000000000E+0002	 1.65548919727385E-0001	
 9.50500000000000E+0002	 1.67309506517968E-0001	
 9.52500000000000E+0002	 1.69244093308550E-0001	
 9.54500000000000E+0002	 1.71332180099133E-0001	
 9.56500000000000E+0002	 1.73603766889715E-0001	
 9.58500000000000E+0002	 1.75906853680297E-0001	
 9.60500000000000E+0002	 1.78084440470880E-0001	
 9.62500000000000E+0002	 1.79957527261462E-0001	
 9.64500000000000E+0002	 1.81525114052045E-0001	
 9.66500000000000E+0002	 1.82770200842627E-0001	
 9.68500000000000E+0002	 1.83775787633209E-0001	
 9.70500000000000E+0002	 1.84683874423792E-0001	
 9.72500000000000E+0002	 1.85667961214374E-0001	
 9.74500000000000E+0002	 1.86822548004957E-0001	
 9.76500000000000E+0002	 1.88327134795539E-0001	
 9.78500000000000E+0002	 1.90159221586121E-0001	
 9.80500000000000E+0002	 1.92311808376704E-0001	
 9.82500000000000E+0002	 1.94674395167286E-0001	
 9.84500000000000E+0002	 1.97097981957869E-0001	
 9.86500000000000E+0002	 1.99471568748451E-0001	
 9.88500000000000E+0002	 2.01761655539033E-0001	
 9.90500000000000E+0002	 2.03908242329616E-0001	
 9.92500000000000E+0002	 2.05891829120198E-0001	
 9.94500000000000E+0002	 2.07677415910781E-0001	
 9.96500000000000E+0002	 2.09373502701363E-0001	
 9.98500000000000E+0002	 2.11120589491945E-0001	
 1.00050000000000E+0003	 2.13102176282528E-0001	
 1.00250000000000E+0003	 2.15392763073110E-0001	
 1.00450000000000E+0003	 2.18075849863693E-0001	
 1.00650000000000E+0003	 2.21161436654275E-0001	
 1.00850000000000E+0003	 2.24564023444857E-0001	
 1.01050000000000E+0003	 2.28124110235440E-0001	
 1.01250000000000E+0003	 2.31775197026022E-0001	
 1.01450000000000E+0003	 2.35511783816605E-0001	
 1.01650000000000E+0003	 2.39364870607187E-0001	
 1.01850000000000E+0003	 2.43257957397770E-0001	
 1.02050000000000E+0003	 2.47158544188352E-0001	
 1.02250000000000E+0003	 2.51014130978934E-0001	
 1.02450000000000E+0003	 2.54751717769517E-0001	
 1.02650000000000E+0003	 2.58336804560099E-0001	
 1.02850000000000E+0003	 2.61704891350682E-0001	
 1.03050000000000E+0003	 2.64780478141264E-0001	
 1.03250000000000E+0003	 2.67586564931846E-0001	
 1.03450000000000E+0003	 2.70139151722429E-0001	
 1.03650000000000E+0003	 2.72387238513011E-0001	
 1.03850000000000E+0003	 2.74229325303594E-0001	
 1.04050000000000E+0003	 2.75593912094176E-0001	
 1.04250000000000E+0003	 2.76548998884758E-0001	
 1.04450000000000E+0003	 2.77247585675341E-0001	
 1.04650000000000E+0003	 2.77836672465923E-0001	
 1.04850000000000E+0003	 2.78556759256506E-0001	
 1.05050000000000E+0003	 2.79562346047088E-0001	
 1.05250000000000E+0003	 2.80751932837670E-0001	
 1.05450000000000E+0003	 2.81932019628253E-0001	
 1.05650000000000E+0003	 2.83042606418835E-0001	
 1.05850000000000E+0003	 2.84072693209418E-0001	
 1.06050000000000E+0003	 2.84908280000000E-0001	
 1.06250000000000E+0003	 2.85653366790582E-0001	
 1.06450000000000E+0003	 2.86510453581165E-0001	
 1.06650000000000E+0003	 2.87544040371747E-0001	
 1.06850000000000E+0003	 2.88758627162330E-0001	
 1.07050000000000E+0003	 2.90105213952912E-0001	
 1.07250000000000E+0003	 2.91470800743494E-0001	
 1.07450000000000E+0003	 2.92744387534077E-0001	
 1.07650000000000E+0003	 2.93848474324659E-0001	
 1.07850000000000E+0003	 2.94666561115242E-0001	
 1.08050000000000E+0003	 2.95104147905824E-0001	
 1.08250000000000E+0003	 2.95147234696406E-0001	
 1.08450000000000E+0003	 2.94815821486989E-0001	
 1.08650000000000E+0003	 2.94108908277571E-0001	
 1.08850000000000E+0003	 2.93008495068154E-0001	
 1.09050000000000E+0003	 2.91513581858736E-0001	
 1.09250000000000E+0003	 2.89546168649318E-0001	
 1.09450000000000E+0003	 2.87188255439901E-0001	
 1.09650000000000E+0003	 2.84695842230483E-0001	
 1.09850000000000E+0003	 2.82300929021066E-0001	
 1.10050000000000E+0003	 2.80020015811648E-0001	
 1.10250000000000E+0003	 2.77734102602230E-0001	
 1.10450000000000E+0003	 2.75401689392813E-0001	
 1.10650000000000E+0003	 2.73091276183395E-0001	
 1.10850000000000E+0003	 2.70858862973978E-0001	
 1.11050000000000E+0003	 2.68697449764560E-0001	
 1.11250000000000E+0003	 2.66599536555143E-0001	
 1.11450000000000E+0003	 2.64457623345725E-0001	
 1.11650000000000E+0003	 2.62161210136307E-0001	
 1.11850000000000E+0003	 2.59631796926890E-0001	
 1.12050000000000E+0003	 2.56881383717472E-0001	
 1.12250000000000E+0003	 2.53968970508055E-0001	
 1.12450000000000E+0003	 2.50935057298637E-0001	
 1.12650000000000E+0003	 2.47723144089219E-0001	
 1.12850000000000E+0003	 2.44303230879802E-0001	
 1.13050000000000E+0003	 2.40678817670384E-0001	
 1.13250000000000E+0003	 2.37025904460967E-0001	
 1.13450000000000E+0003	 2.33557491251549E-0001	
 1.13650000000000E+0003	 2.30383578042131E-0001	
 1.13850000000000E+0003	 2.27585664832714E-0001	
 1.14050000000000E+0003	 2.25259251623296E-0001	
 1.14250000000000E+0003	 2.23353338413879E-0001	
 1.14450000000000E+0003	 2.21810925204461E-0001	
 1.14650000000000E+0003	 2.20494011995043E-0001	
 1.14850000000000E+0003	 2.19253598785626E-0001	
 1.15050000000000E+0003	 2.17894685576208E-0001	
 1.15250000000000E+0003	 2.16288772366791E-0001	
 1.15450000000000E+0003	 2.14373359157373E-0001	
 1.15650000000000E+0003	 2.12104445947955E-0001	
 1.15850000000000E+0003	 2.09554532738538E-0001	
 1.16050000000000E+0003	 2.06891619529120E-0001	
 1.16250000000000E+0003	 2.04202706319703E-0001	
 1.16450000000000E+0003	 2.01593293110285E-0001	
 1.16650000000000E+0003	 1.99140379900867E-0001	
 1.16850000000000E+0003	 1.96922966691450E-0001	
 1.17050000000000E+0003	 1.94876553482032E-0001	
 1.17250000000000E+0003	 1.92759140272615E-0001	
 1.17450000000000E+0003	 1.90396227063197E-0001	
 1.17650000000000E+0003	 1.88000313853779E-0001	
 1.17850000000000E+0003	 1.85789900644362E-0001	
 1.18050000000000E+0003	 1.83987987434944E-0001	
 1.18250000000000E+0003	 1.82696074225527E-0001	
 1.18450000000000E+0003	 1.81983161016109E-0001	
 1.18650000000000E+0003	 1.81848247806691E-0001	
 1.18850000000000E+0003	 1.82370834597274E-0001	
 1.19050000000000E+0003	 1.83499421387856E-0001	
 1.19250000000000E+0003	 1.85201008178439E-0001	
 1.19450000000000E+0003	 1.87400094969021E-0001	
 1.19650000000000E+0003	 1.90134181759603E-0001	
 1.19850000000000E+0003	 1.93416768550186E-0001	
 1.20050000000000E+0003	 1.97156355340768E-0001	
 1.20250000000000E+0003	 2.01172442131351E-0001	
 1.20450000000000E+0003	 2.05424528921933E-0001	
 1.20650000000000E+0003	 2.09909115712515E-0001	
 1.20850000000000E+0003	 2.14712202503098E-0001	
 1.21050000000000E+0003	 2.20019289293680E-0001	
 1.21250000000000E+0003	 2.26287376084263E-0001	
 1.21450000000000E+0003	 2.33976462874845E-0001	
 1.21650000000000E+0003	 2.43054549665428E-0001	
 1.21850000000000E+0003	 2.52684136456010E-0001	
 1.22050000000000E+0003	 2.61419223246592E-0001	
 1.22250000000000E+0003	 2.67242810037175E-0001	
 1.22450000000000E+0003	 2.69048896827757E-0001	
 1.22650000000000E+0003	 2.68374983618340E-0001	
 1.22850000000000E+0003	 2.67233070408922E-0001	
 1.23050000000000E+0003	 2.66134157199504E-0001	
 1.23250000000000E+0003	 2.65021743990087E-0001	
 1.23450000000000E+0003	 2.64012330780669E-0001	
 1.23650000000000E+0003	 2.63233917571252E-0001	
 1.23850000000000E+0003	 2.62668504361834E-0001	
 1.24050000000000E+0003	 2.62222591152416E-0001	
 1.24250000000000E+0003	 2.61788177942999E-0001	
 1.24450000000000E+0003	 2.61321264733581E-0001	
 1.24650000000000E+0003	 2.60716851524164E-0001	
 1.24850000000000E+0003	 2.59843438314746E-0001	
 1.25050000000000E+0003	 2.58692025105328E-0001	
 1.25250000000000E+0003	 2.57239111895911E-0001	
 1.25450000000000E+0003	 2.55530198686493E-0001	
 1.25650000000000E+0003	 2.53691285477076E-0001	
 1.25850000000000E+0003	 2.51774872267658E-0001	
 1.26050000000000E+0003	 2.49842459058240E-0001	
 1.26250000000000E+0003	 2.47928545848823E-0001	
 1.26450000000000E+0003	 2.45980132639405E-0001	
 1.26650000000000E+0003	 2.44078719429988E-0001	
 1.26850000000000E+0003	 2.42347806220570E-0001	
 1.27050000000000E+0003	 2.40869393011152E-0001	
 1.27250000000000E+0003	 2.39689479801735E-0001	
 1.27450000000000E+0003	 2.38695566592317E-0001	
 1.27650000000000E+0003	 2.37786653382900E-0001	
 1.27850000000000E+0003	 2.36926740173482E-0001	
 1.28050000000000E+0003	 2.36152326964064E-0001	
 1.28250000000000E+0003	 2.35425913754647E-0001	
 1.28450000000000E+0003	 2.34571000545229E-0001	
 1.28650000000000E+0003	 2.33502087335812E-0001	
 1.28850000000000E+0003	 2.32496674126394E-0001	
 1.29050000000000E+0003	 2.31658260916976E-0001	
 1.29250000000000E+0003	 2.30735847707559E-0001	
 1.29450000000000E+0003	 2.29644434498141E-0001	
 1.29650000000000E+0003	 2.28575521288724E-0001	
 1.29850000000000E+0003	 2.27712108079306E-0001	
 1.30050000000000E+0003	 2.26895194869888E-0001	
 1.30250000000000E+0003	 2.26004281660471E-0001	
 1.30450000000000E+0003	 2.25051368451053E-0001	
 1.30650000000000E+0003	 2.24002455241636E-0001	
 1.30850000000000E+0003	 2.22877042032218E-0001	
 1.31050000000000E+0003	 2.21531128822800E-0001	
 1.31250000000000E+0003	 2.19949715613383E-0001	
 1.31450000000000E+0003	 2.18531802403965E-0001	
 1.31650000000000E+0003	 2.17092889194548E-0001	
 1.31850000000000E+0003	 2.15676475985130E-0001	
 1.32050000000000E+0003	 2.14541062775713E-0001	
 1.32250000000000E+0003	 2.13527149566295E-0001	
 1.32450000000000E+0003	 2.12641736356877E-0001	
 1.32650000000000E+0003	 2.12001323147460E-0001	
 1.32850000000000E+0003	 2.11634409938042E-0001	
 1.33050000000000E+0003	 2.11613996728625E-0001	
 1.33250000000000E+0003	 2.11927083519207E-0001	
 1.33450000000000E+0003	 2.12166670309789E-0001	
 1.33650000000000E+0003	 2.12070757100372E-0001	
 1.33850000000000E+0003	 2.12264343890954E-0001	
 1.34050000000000E+0003	 2.14078430681537E-0001	
 1.34250000000000E+0003	 2.16362517472119E-0001	
 1.34450000000000E+0003	 2.17903104262701E-0001	
 1.34650000000000E+0003	 2.19442691053284E-0001	
 1.34850000000000E+0003	 2.21496777843866E-0001	
 1.35050000000000E+0003	 2.24326864634449E-0001	
 1.35250000000000E+0003	 2.27857451425031E-0001	
 1.35450000000000E+0003	 2.31845538215613E-0001	
 1.35650000000000E+0003	 2.35866125006196E-0001	
 1.35850000000000E+0003	 2.39291211796778E-0001	
 1.36050000000000E+0003	 2.42017798587361E-0001	
 1.36250000000000E+0003	 2.45019385377943E-0001	
 1.36450000000000E+0003	 2.48405972168525E-0001	
 1.36650000000000E+0003	 2.49759558959108E-0001	
 1.36850000000000E+0003	 2.49079145749690E-0001	
 1.37050000000000E+0003	 2.47725732540273E-0001	
 1.37250000000000E+0003	 2.46084819330855E-0001	
 1.37450000000000E+0003	 2.45170406121437E-0001	
 1.37650000000000E+0003	 2.44914992912020E-0001	
 1.37850000000000E+0003	 2.44974579702602E-0001	
 1.38050000000000E+0003	 2.45985166493185E-0001	
 1.38250000000000E+0003	 2.47539253283767E-0001	
 1.38450000000000E+0003	 2.48999840074349E-0001	
 1.38650000000000E+0003	 2.50210426864932E-0001	
 1.38850000000000E+0003	 2.52738513655514E-0001	
 1.39050000000000E+0003	 2.55536600446097E-0001	
 1.39250000000000E+0003	 2.57534687236679E-0001	
 1.39450000000000E+0003	 2.59474274027261E-0001	
 1.39650000000000E+0003	 2.61663360817844E-0001	
 1.39850000000000E+0003	 2.63500447608426E-0001	
 1.40050000000000E+0003	 2.64869034399009E-0001	
 1.40250000000000E+0003	 2.65034121189591E-0001	
 1.40450000000000E+0003	 2.64578207980173E-0001	
 1.40650000000000E+0003	 2.64108794770756E-0001	
 1.40850000000000E+0003	 2.63148881561338E-0001	
 1.41050000000000E+0003	 2.61896468351921E-0001	
 1.41250000000000E+0003	 2.60809055142503E-0001	
 1.41450000000000E+0003	 2.59252141933086E-0001	
 1.41650000000000E+0003	 2.56836228723668E-0001	
 1.41850000000000E+0003	 2.53843315514250E-0001	
 1.42050000000000E+0003	 2.51159402304833E-0001	
 1.42250000000000E+0003	 2.48046489095415E-0001	
 1.42450000000000E+0003	 2.43967075885998E-0001	
 1.42650000000000E+0003	 2.40482662676580E-0001	
 1.42850000000000E+0003	 2.37776749467162E-0001	
 1.43050000000000E+0003	 2.35789836257745E-0001	
 1.43250000000000E+0003	 2.34756923048327E-0001	
 1.43450000000000E+0003	 2.34651009838910E-0001	
 1.43650000000000E+0003	 2.35685596629492E-0001	
 1.43850000000000E+0003	 2.37818183420074E-0001	
 1.44050000000000E+0003	 2.39103270210657E-0001	
 1.44250000000000E+0003	 2.39879357001239E-0001	
 1.44450000000000E+0003	 2.40675943791822E-0001	
 1.44650000000000E+0003	 2.41279030582404E-0001	
 1.44850000000000E+0003	 2.41708617372986E-0001	
 1.45050000000000E+0003	 2.41708704163569E-0001	
 1.45250000000000E+0003	 2.41648790954151E-0001	
 1.45450000000000E+0003	 2.40621877744734E-0001	
 1.45650000000000E+0003	 2.39009464535316E-0001	
 1.45850000000000E+0003	 2.37961551325898E-0001	
 1.46050000000000E+0003	 2.35975638116481E-0001	
 1.46250000000000E+0003	 2.33776724907063E-0001	
 1.46450000000000E+0003	 2.32016811697646E-0001	
 1.46650000000000E+0003	 2.29915898488228E-0001	
 1.46850000000000E+0003	 2.28061985278810E-0001	
 1.47050000000000E+0003	 2.25985572069393E-0001	
 1.47250000000000E+0003	 2.22765158859975E-0001	
 1.47450000000000E+0003	 2.19787245650558E-0001	
 1.47650000000000E+0003	 2.17833832441140E-0001	
 1.47850000000000E+0003	 2.16813919231722E-0001	
 1.48050000000000E+0003	 2.16808506022305E-0001	
 1.48250000000000E+0003	 2.18279092812887E-0001	
 1.48450000000000E+0003	 2.20863179603470E-0001	
 1.48650000000000E+0003	 2.24451266394052E-0001	
 1.48850000000000E+0003	 2.28304853184634E-0001	
 1.49050000000000E+0003	 2.33333439975217E-0001	
 1.49250000000000E+0003	 2.38414526765799E-0001	
 1.49450000000000E+0003	 2.42603113556382E-0001	
 1.49650000000000E+0003	 2.48955200346964E-0001	
 1.49850000000000E+0003	 2.55963287137546E-0001	
 1.50050000000000E+0003	 2.60734373928129E-0001	
 1.50250000000000E+0003	 2.65710460718711E-0001	
 1.50450000000000E+0003	 2.71052047509294E-0001	
 1.50650000000000E+0003	 2.77172134299876E-0001	
 1.50850000000000E+0003	 2.84046221090458E-0001	
 1.51050000000000E+0003	 2.90330807881041E-0001	
 1.51250000000000E+0003	 2.96875394671623E-0001	
 1.51450000000000E+0003	 3.03485481462206E-0001	
 1.51650000000000E+0003	 3.09574568252788E-0001	
 1.51850000000000E+0003	 3.13382155043371E-0001	
 1.52050000000000E+0003	 3.15328741833953E-0001	
 1.52250000000000E+0003	 3.20057828624535E-0001	
 1.52450000000000E+0003	 3.23415415415118E-0001	
 1.52650000000000E+0003	 3.26473002205700E-0001	
 1.52850000000000E+0003	 3.30730588996283E-0001	
 1.53050000000000E+0003	 3.34595675786865E-0001	
 1.53250000000000E+0003	 3.38956762577447E-0001	
 1.53450000000000E+0003	 3.43109349368030E-0001	
 1.53650000000000E+0003	 3.45378936158612E-0001	
 1.53850000000000E+0003	 3.48628022949195E-0001	
 1.54050000000000E+0003	 3.53533609739777E-0001	
 1.54250000000000E+0003	 3.54257196530359E-0001	
 1.54450000000000E+0003	 3.53282783320942E-0001	
 1.54650000000000E+0003	 3.53084370111524E-0001	
 1.54850000000000E+0003	 3.51601956902107E-0001	
 1.55050000000000E+0003	 3.49549043692689E-0001	
 1.55250000000000E+0003	 3.47032630483271E-0001	
 1.55450000000000E+0003	 3.44445217273854E-0001	
 1.55650000000000E+0003	 3.43324304064436E-0001	
 1.55850000000000E+0003	 3.39389890855019E-0001	
 1.56050000000000E+0003	 3.31254977645601E-0001	
 1.56250000000000E+0003	 3.27078564436183E-0001	
 1.56450000000000E+0003	 3.23832651226766E-0001	
 1.56650000000000E+0003	 3.20516738017348E-0001	
 1.56850000000000E+0003	 3.17984824807931E-0001	
 1.57050000000000E+0003	 3.14329911598513E-0001	
 1.57250000000000E+0003	 3.10485998389095E-0001	
 1.57450000000000E+0003	 3.06566585179678E-0001	
 1.57650000000000E+0003	 3.03555171970260E-0001	
 1.57850000000000E+0003	 3.02029758760843E-0001	
 1.58050000000000E+0003	 3.00172845551425E-0001	
 1.58250000000000E+0003	 2.98360932342007E-0001	
 1.58450000000000E+0003	 2.97337019132590E-0001	
 1.58650000000000E+0003	 2.96865105923172E-0001	
 1.58850000000000E+0003	 2.96977192713755E-0001	
 1.59050000000000E+0003	 2.97659279504337E-0001	
 1.59250000000000E+0003	 2.99030366294919E-0001	
 1.59450000000000E+0003	 3.00672953085502E-0001	
 1.59650000000000E+0003	 3.02617039876084E-0001	
 1.59850000000000E+0003	 3.04756126666667E-0001	
 1.60050000000000E+0003	 3.07335213457249E-0001	
 1.60250000000000E+0003	 3.10316300247831E-0001	
 1.60450000000000E+0003	 3.13852887038414E-0001	
 1.60650000000000E+0003	 3.17837973828996E-0001	
 1.60850000000000E+0003	 3.22693060619579E-0001	
 1.61050000000000E+0003	 3.28174147410161E-0001	
 1.61250000000000E+0003	 3.34452234200743E-0001	
 1.61450000000000E+0003	 3.40441320991326E-0001	
 1.61650000000000E+0003	 3.47703407781908E-0001	
 1.61850000000000E+0003	 3.56397994572491E-0001	
 1.62050000000000E+0003	 3.64174581363073E-0001	
 1.62250000000000E+0003	 3.72838168153656E-0001	
 1.62450000000000E+0003	 3.82029754944238E-0001	
 1.62650000000000E+0003	 3.90056841734820E-0001	
 1.62850000000000E+0003	 3.97955928525403E-0001	
 1.63050000000000E+0003	 4.05460015315985E-0001	
 1.63250000000000E+0003	 4.12973102106568E-0001	
 1.63450000000000E+0003	 4.20715188897150E-0001	
 1.63650000000000E+0003	 4.27151275687732E-0001	
 1.63850000000000E+0003	 4.30213362478315E-0001	
 1.64050000000000E+0003	 4.31767449268897E-0001	
 1.64250000000000E+0003	 4.33887536059480E-0001	
 1.64450000000000E+0003	 4.36108622850062E-0001	
 1.64650000000000E+0003	 4.39665209640644E-0001	
 1.64850000000000E+0003	 4.42191796431227E-0001	
 1.65050000000000E+0003	 4.40761383221809E-0001	
 1.65250000000000E+0003	 4.41297970012392E-0001	
 1.65450000000000E+0003	 4.43497556802974E-0001	
 1.65650000000000E+0003	 4.43415143593556E-0001	
 1.65850000000000E+0003	 4.41826730384139E-0001	
 1.66050000000000E+0003	 4.40391817174721E-0001	
 1.66250000000000E+0003	 4.38193903965304E-0001	
 1.66450000000000E+0003	 4.34318490755886E-0001	
 1.66650000000000E+0003	 4.30703077546468E-0001	
 1.66850000000000E+0003	 4.27921664337051E-0001	
 1.67050000000000E+0003	 4.24324751127633E-0001	
 1.67250000000000E+0003	 4.19897837918216E-0001	
 1.67450000000000E+0003	 4.15508924708798E-0001	
 1.67650000000000E+0003	 4.10651011499380E-0001	
 1.67850000000000E+0003	 4.05748098289963E-0001	
 1.68050000000000E+0003	 4.02318685080545E-0001	
 1.68250000000000E+0003	 3.99297271871128E-0001	
 1.68450000000000E+0003	 3.94004358661710E-0001	
 1.68650000000000E+0003	 3.89610445452292E-0001	
 1.68850000000000E+0003	 3.86056032242875E-0001	
 1.69050000000000E+0003	 3.82012119033457E-0001	
 1.69250000000000E+0003	 3.77661705824040E-0001	
 1.69450000000000E+0003	 3.72178792614622E-0001	
 1.69650000000000E+0003	 3.69416379405204E-0001	
 1.69850000000000E+0003	 3.69288966195787E-0001	
 1.70050000000000E+0003	 3.68080052986369E-0001	
 1.70250000000000E+0003	 3.67630639776952E-0001	
 1.70450000000000E+0003	 3.68978226567534E-0001	
 1.70650000000000E+0003	 3.71560813358116E-0001	
 1.70850000000000E+0003	 3.73678400148699E-0001	
 1.71050000000000E+0003	 3.76173486939281E-0001	
 1.71250000000000E+0003	 3.78126073729864E-0001	
 1.71450000000000E+0003	 3.76565160520446E-0001	
 1.71650000000000E+0003	 3.69126247311029E-0001	
 1.71850000000000E+0003	 3.55909334101611E-0001	
 1.72050000000000E+0003	 3.40086920892193E-0001	
 1.72250000000000E+0003	 3.23925007682776E-0001	
 1.72450000000000E+0003	 3.09459594473358E-0001	
 1.72650000000000E+0003	 2.98200181263941E-0001	
 1.72850000000000E+0003	 2.89179768054523E-0001	
 1.73050000000000E+0003	 2.81712854845105E-0001	
 1.73250000000000E+0003	 2.74976941635688E-0001	
 1.73450000000000E+0003	 2.70296028426270E-0001	
 1.73650000000000E+0003	 2.67784615216853E-0001	
 1.73850000000000E+0003	 2.64930702007435E-0001	
 1.74050000000000E+0003	 2.60792788798017E-0001	
 1.74250000000000E+0003	 2.55851875588600E-0001	
 1.74450000000000E+0003	 2.51937962379182E-0001	
 1.74650000000000E+0003	 2.48907549169765E-0001	
 1.74850000000000E+0003	 2.44634135960347E-0001	
 1.75050000000000E+0003	 2.38786222750929E-0001	
 1.75250000000000E+0003	 2.34081309541512E-0001	
 1.75450000000000E+0003	 2.30101396332094E-0001	
 1.75650000000000E+0003	 2.24912483122677E-0001	
 1.75850000000000E+0003	 2.20387069913259E-0001	
 1.76050000000000E+0003	 2.16136656703841E-0001	
 1.76250000000000E+0003	 2.11828243494424E-0001	
 1.76450000000000E+0003	 2.07852830285006E-0001	
 1.76650000000000E+0003	 2.03663417075589E-0001	
 1.76850000000000E+0003	 2.01128503866171E-0001	
 1.77050000000000E+0003	 1.99768090656753E-0001	
 1.77250000000000E+0003	 1.96388177447336E-0001	
 1.77450000000000E+0003	 1.92848264237918E-0001	
 1.77650000000000E+0003	 1.90064351028501E-0001	
 1.77850000000000E+0003	 1.87697937819083E-0001	
 1.78050000000000E+0003	 1.85606524609665E-0001	
 1.78250000000000E+0003	 1.83438111400248E-0001	
 1.78450000000000E+0003	 1.81101698190830E-0001	
 1.78650000000000E+0003	 1.79672284981413E-0001	
 1.78850000000000E+0003	 1.78412371771995E-0001	
 1.79050000000000E+0003	 1.77021458562577E-0001	
 1.79250000000000E+0003	 1.75593545353160E-0001	
 1.79450000000000E+0003	 1.73672132143742E-0001	
 1.79650000000000E+0003	 1.72108218934325E-0001	
 1.79850000000000E+0003	 1.71026805724907E-0001	
 1.80050000000000E+0003	 1.68924892515489E-0001	
 1.80250000000000E+0003	 1.67184979306072E-0001	
 1.80450000000000E+0003	 1.66209066096654E-0001	
 1.80650000000000E+0003	 1.64981652887237E-0001	
 1.80850000000000E+0003	 1.63916239677819E-0001	
 1.81050000000000E+0003	 1.62774826468401E-0001	
 1.81250000000000E+0003	 1.61479413258984E-0001	
 1.81450000000000E+0003	 1.60272500049566E-0001	
 1.81650000000000E+0003	 1.58968086840149E-0001	
 1.81850000000000E+0003	 1.58050173630731E-0001	
 1.82050000000000E+0003	 1.57236760421314E-0001	
 1.82250000000000E+0003	 1.56359847211896E-0001	
 1.82450000000000E+0003	 1.55484934002478E-0001	
 1.82650000000000E+0003	 1.55269520793061E-0001	
 1.82850000000000E+0003	 1.54916607583643E-0001	
 1.83050000000000E+0003	 1.53722194374226E-0001	
 1.83250000000000E+0003	 1.52104781164808E-0001	
 1.83450000000000E+0003	 1.50921367955390E-0001	
 1.83650000000000E+0003	 1.50113954745973E-0001	
 1.83850000000000E+0003	 1.49438041536555E-0001	
 1.84050000000000E+0003	 1.48846128327138E-0001	
 1.84250000000000E+0003	 1.48106715117720E-0001	
 1.84450000000000E+0003	 1.47362801908302E-0001	
 1.84650000000000E+0003	 1.46514388698885E-0001	
 1.84850000000000E+0003	 1.45721975489467E-0001	
 1.85050000000000E+0003	 1.45338562280050E-0001	
 1.85250000000000E+0003	 1.44772149070632E-0001	
 1.85450000000000E+0003	 1.44156235861214E-0001	
 1.85650000000000E+0003	 1.43450322651797E-0001	
 1.85850000000000E+0003	 1.42759909442379E-0001	
 1.86050000000000E+0003	 1.42190496232962E-0001	
 1.86250000000000E+0003	 1.41838583023544E-0001	
 1.86450000000000E+0003	 1.41661169814126E-0001	
 1.86650000000000E+0003	 1.41491756604709E-0001	
 1.86850000000000E+0003	 1.40934343395291E-0001	
 1.87050000000000E+0003	 1.40280930185874E-0001	
 1.87250000000000E+0003	 1.39659516976456E-0001	
 1.87450000000000E+0003	 1.39153103767038E-0001	
 1.87650000000000E+0003	 1.38695690557621E-0001	
 1.87850000000000E+0003	 1.38244777348203E-0001	
 1.88050000000000E+0003	 1.37896364138786E-0001	
 1.88250000000000E+0003	 1.37583450929368E-0001	
 1.88450000000000E+0003	 1.37235037719950E-0001	
 1.88650000000000E+0003	 1.37019624510533E-0001	
 1.88850000000000E+0003	 1.36621711301115E-0001	
 1.89050000000000E+0003	 1.36308798091698E-0001	
 1.89250000000000E+0003	 1.35917884882280E-0001	
 1.89450000000000E+0003	 1.35419471672862E-0001	
 1.89650000000000E+0003	 1.35144058463445E-0001	
 1.89850000000000E+0003	 1.34861645254027E-0001	
 1.90050000000000E+0003	 1.34504732044610E-0001	
 1.90250000000000E+0003	 1.34224818835192E-0001	
 1.90450000000000E+0003	 1.33959905625774E-0001	
 1.90650000000000E+0003	 1.33605992416357E-0001	
 1.90850000000000E+0003	 1.33220579206939E-0001	
 1.91050000000000E+0003	 1.33063665997522E-0001	
 1.91250000000000E+0003	 1.32905752788104E-0001	
 1.91450000000000E+0003	 1.32783339578686E-0001	
 1.91650000000000E+0003	 1.32483426369269E-0001	
 1.91850000000000E+0003	 1.32225013159851E-0001	
 1.92050000000000E+0003	 1.31849099950434E-0001	
 1.92250000000000E+0003	 1.31335686741016E-0001	
 1.92450000000000E+0003	 1.31408273531599E-0001	
 1.92650000000000E+0003	 1.31366360322181E-0001	
 1.92850000000000E+0003	 1.31145447112763E-0001	
 1.93050000000000E+0003	 1.30922033903346E-0001	
 1.93250000000000E+0003	 1.30700620693928E-0001	
 1.93450000000000E+0003	 1.30594207484511E-0001	
 1.93650000000000E+0003	 1.30478794275093E-0001	
 1.93850000000000E+0003	 1.30367381065675E-0001	
 1.94050000000000E+0003	 1.30067467856258E-0001	
 1.94250000000000E+0003	 1.29864554646840E-0001	
 1.94450000000000E+0003	 1.29951641437423E-0001	
 1.94650000000000E+0003	 1.29841728228005E-0001	
 1.94850000000000E+0003	 1.29689315018587E-0001	
 1.95050000000000E+0003	 1.29569401809170E-0001	
 1.95250000000000E+0003	 1.29427488599752E-0001	
 1.95450000000000E+0003	 1.29285575390335E-0001	
 1.95650000000000E+0003	 1.29210662180917E-0001	
 1.95850000000000E+0003	 1.29135748971499E-0001	
 1.96050000000000E+0003	 1.29026335762082E-0001	
 1.96250000000000E+0003	 1.28961922552664E-0001	
 1.96450000000000E+0003	 1.28731009343247E-0001	
 1.96650000000000E+0003	 1.28438096133829E-0001	
 1.96850000000000E+0003	 1.28522182924411E-0001	
 1.97050000000000E+0003	 1.28597269714994E-0001	
 1.97250000000000E+0003	 1.28500856505576E-0001	
 1.97450000000000E+0003	 1.28433943296159E-0001	
 1.97650000000000E+0003	 1.28363030086741E-0001	
 1.97850000000000E+0003	 1.28286616877323E-0001	
 1.98050000000000E+0003	 1.28208203667906E-0001	
 1.98250000000000E+0003	 1.28155790458488E-0001	
 1.98450000000000E+0003	 1.28093877249071E-0001	
 1.98650000000000E+0003	 1.27937464039653E-0001	
 1.98850000000000E+0003	 1.27826550830235E-0001	
 1.99050000000000E+0003	 1.27647637620818E-0001	
 1.99250000000000E+0003	 1.27622224411400E-0001	
 1.99450000000000E+0003	 1.27861311201983E-0001	
 1.99650000000000E+0003	 1.27857897992565E-0001	
 1.99850000000000E+0003	 1.27805484783147E-0001	
 2.00050000000000E+0003	 1.27768071573730E-0001	
 2.00250000000000E+0003	 1.27733658364312E-0001	
 2.00450000000000E+0003	 1.27678245154895E-0001	
 2.00650000000000E+0003	 1.27620331945477E-0001	
 2.00850000000000E+0003	 1.27598418736059E-0001	
 2.01050000000000E+0003	 1.27602005526642E-0001	
 2.01250000000000E+0003	 1.27584592317224E-0001	
 2.01450000000000E+0003	 1.27434179107807E-0001	
 2.01650000000000E+0003	 1.27235765898389E-0001	
 2.01850000000000E+0003	 1.27350352688971E-0001	
 2.02050000000000E+0003	 1.27498939479554E-0001	
 2.02250000000000E+0003	 1.27517026270136E-0001	
 2.02450000000000E+0003	 1.27536113060719E-0001	
 2.02650000000000E+0003	 1.27562199851301E-0001	
 2.02850000000000E+0003	 1.27578286641884E-0001	
 2.03050000000000E+0003	 1.27594373432466E-0001	
 2.03250000000000E+0003	 1.27594460223048E-0001	
 2.03450000000000E+0003	 1.27588547013631E-0001	
 2.03650000000000E+0003	 1.27580633804213E-0001	
 2.03850000000000E+0003	 1.27521720594796E-0001	
 2.04050000000000E+0003	 1.27411307385378E-0001	
 2.04250000000000E+0003	 1.27480394175960E-0001	
 2.04450000000000E+0003	 1.27577480966543E-0001	
 2.04650000000000E+0003	 1.27583567757125E-0001	
 2.04850000000000E+0003	 1.27593154547708E-0001	
 2.05050000000000E+0003	 1.27611741338290E-0001	
 2.05250000000000E+0003	 1.27604828128872E-0001	
 2.05450000000000E+0003	 1.27600914919455E-0001	
 2.05650000000000E+0003	 1.27601501710037E-0001	
 2.05850000000000E+0003	 1.27594088500620E-0001	
 2.06050000000000E+0003	 1.27580175291202E-0001	
 2.06250000000000E+0003	 1.27489762081784E-0001	
 2.06450000000000E+0003	 1.27363848872367E-0001	
 2.06650000000000E+0003	 1.27472935662949E-0001	
 2.06850000000000E+0003	 1.27588022453532E-0001	
 2.07050000000000E+0003	 1.27594609244114E-0001	
 2.07250000000000E+0003	 1.27574196034696E-0001	
 2.07450000000000E+0003	 1.27560282825279E-0001	
 2.07650000000000E+0003	 1.27535869615861E-0001	
 2.07850000000000E+0003	 1.27518456406444E-0001	
 2.08050000000000E+0003	 1.27503543197026E-0001	
 2.08250000000000E+0003	 1.27489129987608E-0001	
 2.08450000000000E+0003	 1.27461716778191E-0001	
 2.08650000000000E+0003	 1.27400803568773E-0001	
 2.08850000000000E+0003	 1.27309390359356E-0001	
 2.09050000000000E+0003	 1.27308477149938E-0001	
 2.09250000000000E+0003	 1.27352563940520E-0001	
 2.09450000000000E+0003	 1.27344150731103E-0001	
 2.09650000000000E+0003	 1.27321237521685E-0001	
 2.09850000000000E+0003	 1.27306824312268E-0001	
 2.10050000000000E+0003	 1.27294411102850E-0001	
 2.10250000000000E+0003	 1.27285997893432E-0001	
 2.10450000000000E+0003	 1.27251584684015E-0001	
 2.10650000000000E+0003	 1.27212171474597E-0001	
 2.10850000000000E+0003	 1.27176758265180E-0001	
 2.11050000000000E+0003	 1.27154845055762E-0001	
 2.11250000000000E+0003	 1.27091931846344E-0001	
 2.11450000000000E+0003	 1.27023518636927E-0001	
 2.11650000000000E+0003	 1.26983605427509E-0001	
 2.11850000000000E+0003	 1.26941192218092E-0001	
 2.12050000000000E+0003	 1.26880279008674E-0001	
 2.12250000000000E+0003	 1.26817365799257E-0001	
 2.12450000000000E+0003	 1.26744452589839E-0001	
 2.12650000000000E+0003	 1.26688539380421E-0001	
 2.12850000000000E+0003	 1.26619626171004E-0001	
 2.13050000000000E+0003	 1.26558212961586E-0001	
 2.13250000000000E+0003	 1.26496299752169E-0001	
 2.13450000000000E+0003	 1.26408886542751E-0001	
 2.13650000000000E+0003	 1.26314973333333E-0001	
 2.13850000000000E+0003	 1.26273060123916E-0001	
 2.14050000000000E+0003	 1.26232146914498E-0001	
 2.14250000000000E+0003	 1.26187233705081E-0001	
 2.14450000000000E+0003	 1.26124820495663E-0001	
 2.14650000000000E+0003	 1.26054907286245E-0001	
 2.14850000000000E+0003	 1.25952994076828E-0001	
 2.15050000000000E+0003	 1.25855580867410E-0001	
 2.15250000000000E+0003	 1.25756667657993E-0001	
 2.15450000000000E+0003	 1.25654754448575E-0001	
 2.15650000000000E+0003	 1.25532341239157E-0001	
 2.15850000000000E+0003	 1.25407428029740E-0001	
 2.16050000000000E+0003	 1.25276514820322E-0001	
 2.16250000000000E+0003	 1.25181101610905E-0001	
 2.16450000000000E+0003	 1.25087688401487E-0001	
 2.16650000000000E+0003	 1.24984775192069E-0001	
 2.16850000000000E+0003	 1.24884861982652E-0001	
 2.17050000000000E+0003	 1.24802448773234E-0001	
 2.17250000000000E+0003	 1.24689535563817E-0001	
 2.17450000000000E+0003	 1.24595622354399E-0001	
 2.17650000000000E+0003	 1.24518709144981E-0001	
 2.17850000000000E+0003	 1.24441295935564E-0001	
 2.18050000000000E+0003	 1.24350882726146E-0001	
 2.18250000000000E+0003	 1.24273969516729E-0001	
 2.18450000000000E+0003	 1.24182556307311E-0001	
 2.18650000000000E+0003	 1.24101143097893E-0001	
 2.18850000000000E+0003	 1.24034729888476E-0001	
 2.19050000000000E+0003	 1.23986816679058E-0001	
 2.19250000000000E+0003	 1.23922903469641E-0001	
 2.19450000000000E+0003	 1.23854990260223E-0001	
 2.19650000000000E+0003	 1.23779577050805E-0001	
 2.19850000000000E+0003	 1.23724663841388E-0001	
 2.20050000000000E+0003	 1.23658750631970E-0001	
 2.20250000000000E+0003	 1.23585337422553E-0001	
 2.20450000000000E+0003	 1.23503424213135E-0001	
 2.20650000000000E+0003	 1.23445011003717E-0001	
 2.20850000000000E+0003	 1.23389597794300E-0001	
 2.21050000000000E+0003	 1.23350684584882E-0001	
 2.21250000000000E+0003	 1.23303271375465E-0001	
 2.21450000000000E+0003	 1.23250358166047E-0001	
 2.21650000000000E+0003	 1.23196444956629E-0001	
 2.21850000000000E+0003	 1.23161031747212E-0001	
 2.22050000000000E+0003	 1.23123618537794E-0001	
 2.22250000000000E+0003	 1.23087705328377E-0001	
 2.22450000000000E+0003	 1.23048792118959E-0001	
 2.22650000000000E+0003	 1.23022378909542E-0001	
 2.22850000000000E+0003	 1.22988965700124E-0001	
 2.23050000000000E+0003	 1.22959552490706E-0001	
 2.23250000000000E+0003	 1.22924639281289E-0001	
 2.23450000000000E+0003	 1.22904226071871E-0001	
 2.23650000000000E+0003	 1.22889312862454E-0001	
 2.23850000000000E+0003	 1.22878899653036E-0001	
 2.24050000000000E+0003	 1.22857986443618E-0001	
 2.24250000000000E+0003	 1.22840573234201E-0001	
 2.24450000000000E+0003	 1.22820160024783E-0001	
 2.24650000000000E+0003	 1.22813746815366E-0001	
 2.24850000000000E+0003	 1.22808833605948E-0001	
 2.25050000000000E+0003	 1.22813920396530E-0001	
 2.25250000000000E+0003	 1.22814507187113E-0001	
 2.25450000000000E+0003	 1.22826593977695E-0001	
 2.25650000000000E+0003	 1.22843180768278E-0001	
 2.25850000000000E+0003	 1.22851767558860E-0001	
 2.26050000000000E+0003	 1.22840354349442E-0001	
 2.26250000000000E+0003	 1.22834441140025E-0001	
 2.26450000000000E+0003	 1.22844027930607E-0001	
 2.26650000000000E+0003	 1.22867614721190E-0001	
 2.26850000000000E+0003	 1.22876701511772E-0001	
 2.27050000000000E+0003	 1.22886788302354E-0001	
 2.27250000000000E+0003	 1.22908375092937E-0001	
 2.27450000000000E+0003	 1.22943961883519E-0001	
 2.27650000000000E+0003	 1.22988048674102E-0001	
 2.27850000000000E+0003	 1.23047635464684E-0001	
 2.28050000000000E+0003	 1.23110722255266E-0001	
 2.28250000000000E+0003	 1.23183309045849E-0001	
 2.28450000000000E+0003	 1.23241395836431E-0001	
 2.28650000000000E+0003	 1.23271982627014E-0001	
 2.28850000000000E+0003	 1.23309069417596E-0001	
 2.29050000000000E+0003	 1.23358656208178E-0001	
 2.29250000000000E+0003	 1.23404242998761E-0001	
 2.29450000000000E+0003	 1.23448829789343E-0001	
 2.29650000000000E+0003	 1.23489916579926E-0001	
 2.29850000000000E+0003	 1.23540003370508E-0001	
 2.30050000000000E+0003	 1.23581590161090E-0001	
 2.30250000000000E+0003	 1.23615176951673E-0001	
 2.30450000000000E+0003	 1.23664263742255E-0001	
 2.30650000000000E+0003	 1.23694350532838E-0001	
 2.30850000000000E+0003	 1.23694437323420E-0001	
 2.31050000000000E+0003	 1.23714524114002E-0001	
 2.31250000000000E+0003	 1.23779110904585E-0001	
 2.31450000000000E+0003	 1.23967697695167E-0001	
 2.31650000000000E+0003	 1.24242284485750E-0001	
 2.31850000000000E+0003	 1.24379371276332E-0001	
 2.32050000000000E+0003	 1.24380458066914E-0001	
 2.32250000000000E+0003	 1.24342544857497E-0001	
 2.32450000000000E+0003	 1.24374131648079E-0001	
 2.32650000000000E+0003	 1.24438718438662E-0001	
 2.32850000000000E+0003	 1.24315305229244E-0001	
 2.33050000000000E+0003	 1.24128892019827E-0001	
 2.33250000000000E+0003	 1.24118978810409E-0001	
 2.33450000000000E+0003	 1.24254065600991E-0001	
 2.33650000000000E+0003	 1.24321152391574E-0001	
 2.33850000000000E+0003	 1.24435239182156E-0001	
 2.34050000000000E+0003	 1.24517825972739E-0001	
 2.34250000000000E+0003	 1.24470912763321E-0001	
 2.34450000000000E+0003	 1.24113999553903E-0001	
 2.34650000000000E+0003	 1.24288586344486E-0001	
 2.34850000000000E+0003	 1.25483673135068E-0001	
 2.35050000000000E+0003	 1.25671259925651E-0001	
 2.35250000000000E+0003	 1.25052846716233E-0001	
 2.35450000000000E+0003	 1.24956433506815E-0001	
 2.35650000000000E+0003	 1.24843520297398E-0001	
 2.35850000000000E+0003	 1.24585607087980E-0001	
 2.36050000000000E+0003	 1.24396193878563E-0001	
 2.36250000000000E+0003	 1.24459780669145E-0001	
 2.36450000000000E+0003	 1.24745867459727E-0001	
 2.36650000000000E+0003	 1.25222454250310E-0001	
 2.36850000000000E+0003	 1.25720041040892E-0001	
 2.37050000000000E+0003	 1.26105127831475E-0001	
 2.37250000000000E+0003	 1.26274714622057E-0001	
 2.37450000000000E+0003	 1.26259801412639E-0001	
 2.37650000000000E+0003	 1.26309888203222E-0001	
 2.37850000000000E+0003	 1.26622474993804E-0001	
 2.38050000000000E+0003	 1.27085561784387E-0001	
 2.38250000000000E+0003	 1.27505648574969E-0001	
 2.38450000000000E+0003	 1.27794735365551E-0001	
 2.38650000000000E+0003	 1.27984322156134E-0001	
 2.38850000000000E+0003	 1.28135908946716E-0001	
 2.39050000000000E+0003	 1.28312495737299E-0001	
 2.39250000000000E+0003	 1.28510082527881E-0001	
 2.39450000000000E+0003	 1.28694669318463E-0001	
 2.39650000000000E+0003	 1.28863756109046E-0001	
 2.39850000000000E+0003	 1.29052342899628E-0001	
 2.40050000000000E+0003	 1.29253429690211E-0001	
 2.40250000000000E+0003	 1.29469516480793E-0001	
 2.40450000000000E+0003	 1.29701103271375E-0001	
 2.40650000000000E+0003	 1.29938690061958E-0001	
 2.40850000000000E+0003	 1.30170776852540E-0001	
 2.41050000000000E+0003	 1.30400363643123E-0001	
 2.41250000000000E+0003	 1.30628950433705E-0001	
 2.41450000000000E+0003	 1.30860537224287E-0001	
 2.41650000000000E+0003	 1.31093624014870E-0001	
 2.41850000000000E+0003	 1.31335210805452E-0001	
 2.42050000000000E+0003	 1.31599297596035E-0001	
 2.42250000000000E+0003	 1.31874384386617E-0001	
 2.42450000000000E+0003	 1.32136471177200E-0001	
 2.42650000000000E+0003	 1.32406057967782E-0001	
 2.42850000000000E+0003	 1.32681144758364E-0001	
 2.43050000000000E+0003	 1.32961731548947E-0001	
 2.43250000000000E+0003	 1.33238818339529E-0001	
 2.43450000000000E+0003	 1.33516405130112E-0001	
 2.43650000000000E+0003	 1.33798491920694E-0001	
 2.43850000000000E+0003	 1.34101578711276E-0001	
 2.44050000000000E+0003	 1.34396165501859E-0001	
 2.44250000000000E+0003	 1.34677252292441E-0001	
 2.44450000000000E+0003	 1.34958339083024E-0001	
 2.44650000000000E+0003	 1.35231925873606E-0001	
 2.44850000000000E+0003	 1.35490512664188E-0001	
 2.45050000000000E+0003	 1.35762099454771E-0001	
 2.45250000000000E+0003	 1.36041186245353E-0001	
 2.45450000000000E+0003	 1.36322773035936E-0001	
 2.45650000000000E+0003	 1.36608859826518E-0001	
 2.45850000000000E+0003	 1.36907946617100E-0001	
 2.46050000000000E+0003	 1.37198033407683E-0001	
 2.46250000000000E+0003	 1.37503620198265E-0001	
 2.46450000000000E+0003	 1.37815706988848E-0001	
 2.46650000000000E+0003	 1.38127293779430E-0001	
 2.46850000000000E+0003	 1.38449380570012E-0001	
 2.47050000000000E+0003	 1.38790467360595E-0001	
 2.47250000000000E+0003	 1.39121554151177E-0001	
 2.47450000000000E+0003	 1.39434140941760E-0001	
 2.47650000000000E+0003	 1.39754227732342E-0001	
 2.47850000000000E+0003	 1.40098314522924E-0001	
 2.48050000000000E+0003	 1.40441901313507E-0001	
 2.48250000000000E+0003	 1.40791488104089E-0001	
 2.48450000000000E+0003	 1.41150074894672E-0001	
 2.48650000000000E+0003	 1.41503161685254E-0001	
 2.48850000000000E+0003	 1.41862248475836E-0001	
 2.49050000000000E+0003	 1.42228835266419E-0001	
 2.49250000000000E+0003	 1.42568422057001E-0001	
 2.49450000000000E+0003	 1.42896508847584E-0001	
 2.49650000000000E+0003	 1.43241095638166E-0001	
 2.49850000000000E+0003	 1.43596682428748E-0001	
 2.50050000000000E+0003	 1.43941269219331E-0001	
 2.50250000000000E+0003	 1.44279856009913E-0001	
 2.50450000000000E+0003	 1.44621942800496E-0001	
 2.50650000000000E+0003	 1.44971029591078E-0001	
 2.50850000000000E+0003	 1.45313116381660E-0001	
 2.51050000000000E+0003	 1.45633203172243E-0001	
 2.51250000000000E+0003	 1.45950789962825E-0001	
 2.51450000000000E+0003	 1.46269376753408E-0001	
 2.51650000000000E+0003	 1.46594463543990E-0001	
 2.51850000000000E+0003	 1.46919050334572E-0001	
 2.52050000000000E+0003	 1.47218137125155E-0001	
 2.52250000000000E+0003	 1.47504723915737E-0001	
 2.52450000000000E+0003	 1.47799310706320E-0001	
 2.52650000000000E+0003	 1.48092897496902E-0001	
 2.52850000000000E+0003	 1.48395984287485E-0001	
 2.53050000000000E+0003	 1.48694571078067E-0001	
 2.53250000000000E+0003	 1.48973657868649E-0001	
 2.53450000000000E+0003	 1.49254244659232E-0001	
 2.53650000000000E+0003	 1.49538331449814E-0001	
 2.53850000000000E+0003	 1.49824418240397E-0001	
 2.54050000000000E+0003	 1.50113005030979E-0001	
 2.54250000000000E+0003	 1.50397591821561E-0001	
 2.54450000000000E+0003	 1.50691678612144E-0001	
 2.54650000000000E+0003	 1.50988265402726E-0001	
 2.54850000000000E+0003	 1.51281852193309E-0001	
 2.55050000000000E+0003	 1.51573438983891E-0001	
 2.55250000000000E+0003	 1.51874525774473E-0001	
 2.55450000000000E+0003	 1.52178612565056E-0001	
 2.55650000000000E+0003	 1.52473199355638E-0001	
 2.55850000000000E+0003	 1.52775286146221E-0001	
 2.56050000000000E+0003	 1.53103872936803E-0001	
 2.56250000000000E+0003	 1.53426459727385E-0001	
 2.56450000000000E+0003	 1.53734546517968E-0001	
 2.56650000000000E+0003	 1.54045633308550E-0001	
 2.56850000000000E+0003	 1.54375720099133E-0001	
 2.57050000000000E+0003	 1.54718806889715E-0001	
 2.57250000000000E+0003	 1.55071893680297E-0001	
 2.57450000000000E+0003	 1.55420980470880E-0001	
 2.57650000000000E+0003	 1.55757067261462E-0001	
 2.57850000000000E+0003	 1.56090154052045E-0001	
 2.58050000000000E+0003	 1.56435740842627E-0001	
 2.58250000000000E+0003	 1.56791827633209E-0001	
 2.58450000000000E+0003	 1.57148914423792E-0001	
 2.58650000000000E+0003	 1.57500501214374E-0001	
 2.58850000000000E+0003	 1.57859588004957E-0001	
 2.59050000000000E+0003	 1.58219174795539E-0001	
 2.59250000000000E+0003	 1.58582761586121E-0001	
 2.59450000000000E+0003	 1.58948348376704E-0001	
 2.59650000000000E+0003	 1.59316935167286E-0001	
 2.59850000000000E+0003	 1.59685021957869E-0001	
 2.60050000000000E+0003	 1.60052108748451E-0001	
 2.60250000000000E+0003	 1.60428695539033E-0001	
 2.60450000000000E+0003	 1.60822782329616E-0001	
 2.60650000000000E+0003	 1.61208369120198E-0001	
 2.60850000000000E+0003	 1.61581955910781E-0001	
 2.61050000000000E+0003	 1.61941042701363E-0001	
 2.61250000000000E+0003	 1.62299629491945E-0001	
 2.61450000000000E+0003	 1.62661716282528E-0001	
 2.61650000000000E+0003	 1.63015803073110E-0001	
 2.61850000000000E+0003	 1.63359889863693E-0001	
 2.62050000000000E+0003	 1.63697976654275E-0001	
 2.62250000000000E+0003	 1.64044563444857E-0001	
 2.62450000000000E+0003	 1.64408650235440E-0001	
 2.62650000000000E+0003	 1.64759737026022E-0001	
 2.62850000000000E+0003	 1.65082823816605E-0001	
 2.63050000000000E+0003	 1.65393910607187E-0001	
 2.63250000000000E+0003	 1.65707497397770E-0001	
 2.63450000000000E+0003	 1.66021084188352E-0001	
 2.63650000000000E+0003	 1.66334170978934E-0001	
 2.63850000000000E+0003	 1.66659757769517E-0001	
 2.64050000000000E+0003	 1.66970344560099E-0001	
 2.64250000000000E+0003	 1.67269931350682E-0001	
 2.64450000000000E+0003	 1.67589018141264E-0001	
 2.64650000000000E+0003	 1.67912104931846E-0001	
 2.64850000000000E+0003	 1.68221691722429E-0001	
 2.65050000000000E+0003	 1.68525278513011E-0001	
 2.65250000000000E+0003	 1.68824365303594E-0001	
 2.65450000000000E+0003	 1.69132952094176E-0001	
 2.65650000000000E+0003	 1.69456038884758E-0001	
 2.65850000000000E+0003	 1.69775125675341E-0001	
 2.66050000000000E+0003	 1.70080712465923E-0001	
 2.66250000000000E+0003	 1.70393799256506E-0001	
 2.66450000000000E+0003	 1.70726886047088E-0001	
 2.66650000000000E+0003	 1.71065972837670E-0001	
 2.66850000000000E+0003	 1.71404059628253E-0001	
 2.67050000000000E+0003	 1.71746646418835E-0001	
 2.67250000000000E+0003	 1.72098733209418E-0001	
 2.67450000000000E+0003	 1.72459820000000E-0001	
 2.67650000000000E+0003	 1.72826406790582E-0001	
 2.67850000000000E+0003	 1.73180993581165E-0001	
 2.68050000000000E+0003	 1.73531580371747E-0001	
 2.68250000000000E+0003	 1.73897667162330E-0001	
 2.68450000000000E+0003	 1.74264753952912E-0001	
 2.68650000000000E+0003	 1.74633340743494E-0001	
 2.68850000000000E+0003	 1.75005427534077E-0001	
 2.69050000000000E+0003	 1.75387014324659E-0001	
 2.69250000000000E+0003	 1.75783101115242E-0001	
 2.69450000000000E+0003	 1.76179687905824E-0001	
 2.69650000000000E+0003	 1.76582774696406E-0001	
 2.69850000000000E+0003	 1.77004861486989E-0001	
 2.70050000000000E+0003	 1.77437948277571E-0001	
 2.70250000000000E+0003	 1.77883535068154E-0001	
 2.70450000000000E+0003	 1.78336121858736E-0001	
 2.70650000000000E+0003	 1.78811208649318E-0001	
 2.70850000000000E+0003	 1.79311795439901E-0001	
 2.71050000000000E+0003	 1.79844382230483E-0001	
 2.71250000000000E+0003	 1.80388469021066E-0001	
 2.71450000000000E+0003	 1.80934055811648E-0001	
 2.71650000000000E+0003	 1.81491642602230E-0001	
 2.71850000000000E+0003	 1.82059729392813E-0001	
 2.72050000000000E+0003	 1.82652816183395E-0001	
 2.72250000000000E+0003	 1.83250902973978E-0001	
 2.72450000000000E+0003	 1.83833489764560E-0001	
 2.72650000000000E+0003	 1.84414076555143E-0001	
 2.72850000000000E+0003	 1.84978663345725E-0001	
 2.73050000000000E+0003	 1.85544250136307E-0001	
 2.73250000000000E+0003	 1.86114836926890E-0001	
 2.73450000000000E+0003	 1.86681923717472E-0001	
 2.73650000000000E+0003	 1.87238010508055E-0001	
 2.73850000000000E+0003	 1.87783097298637E-0001	
 2.74050000000000E+0003	 1.88310684089219E-0001	
 2.74250000000000E+0003	 1.88823770879802E-0001	
 2.74450000000000E+0003	 1.89337357670384E-0001	
 2.74650000000000E+0003	 1.89877944460967E-0001	
 2.74850000000000E+0003	 1.90412531251549E-0001	
 2.75050000000000E+0003	 1.90932118042131E-0001	
 2.75250000000000E+0003	 1.91456704832714E-0001	
 2.75450000000000E+0003	 1.91992791623296E-0001	
 2.75650000000000E+0003	 1.92529878413879E-0001	
 2.75850000000000E+0003	 1.93068465204461E-0001	
 2.76050000000000E+0003	 1.93629051995043E-0001	
 2.76250000000000E+0003	 1.94201138785626E-0001	
 2.76450000000000E+0003	 1.94764725576208E-0001	
 2.76650000000000E+0003	 1.95323312366791E-0001	
 2.76850000000000E+0003	 1.95897899157373E-0001	
 2.77050000000000E+0003	 1.96500985947955E-0001	
 2.77250000000000E+0003	 1.97122072738538E-0001	
 2.77450000000000E+0003	 1.97741659529120E-0001	
 2.77650000000000E+0003	 1.98333246319703E-0001	
 2.77850000000000E+0003	 1.98913833110285E-0001	
 2.78050000000000E+0003	 1.99520919900867E-0001	
 2.78250000000000E+0003	 2.00145506691450E-0001	
 2.78450000000000E+0003	 2.00782093482032E-0001	
 2.78650000000000E+0003	 2.01425680272615E-0001	
 2.78850000000000E+0003	 2.02078767063197E-0001	
 2.79050000000000E+0003	 2.02740353853779E-0001	
 2.79250000000000E+0003	 2.03402440644362E-0001	
 2.79450000000000E+0003	 2.04070027434944E-0001	
 2.79650000000000E+0003	 2.04749114225527E-0001	
 2.79850000000000E+0003	 2.05450701016109E-0001	
 2.80050000000000E+0003	 2.06166787806691E-0001	
 2.80250000000000E+0003	 2.06891374597274E-0001	
 2.80450000000000E+0003	 2.07629961387856E-0001	
 2.80650000000000E+0003	 2.08375048178439E-0001	
 2.80850000000000E+0003	 2.09140634969021E-0001	
 2.81050000000000E+0003	 2.09930221759603E-0001	
 2.81250000000000E+0003	 2.10716308550186E-0001	
 2.81450000000000E+0003	 2.11495395340768E-0001	
 2.81650000000000E+0003	 2.12300482131351E-0001	
 2.81850000000000E+0003	 2.13130568921933E-0001	
 2.82050000000000E+0003	 2.13972655712515E-0001	
 2.82250000000000E+0003	 2.14829742503098E-0001	
 2.82450000000000E+0003	 2.15712829293680E-0001	
 2.82650000000000E+0003	 2.16633916084263E-0001	
 2.82850000000000E+0003	 2.17610002874845E-0001	
 2.83050000000000E+0003	 2.18643089665428E-0001	
 2.83250000000000E+0003	 2.19727676456010E-0001	
 2.83450000000000E+0003	 2.20894763246592E-0001	
 2.83650000000000E+0003	 2.22218850037175E-0001	
 2.83850000000000E+0003	 2.23755436827757E-0001	
 2.84050000000000E+0003	 2.25550023618340E-0001	
 2.84250000000000E+0003	 2.27749610408922E-0001	
 2.84450000000000E+0003	 2.30527197199504E-0001	
 2.84650000000000E+0003	 2.33869783990087E-0001	
 2.84850000000000E+0003	 2.37505370780669E-0001	
 2.85050000000000E+0003	 2.40887957571252E-0001	
 2.85250000000000E+0003	 2.43506044361834E-0001	
 2.85450000000000E+0003	 2.45138631152416E-0001	
 2.85650000000000E+0003	 2.45914217942999E-0001	
 2.85850000000000E+0003	 2.46225304733581E-0001	
 2.86050000000000E+0003	 2.46496891524164E-0001	
 2.86250000000000E+0003	 2.47006478314746E-0001	
 2.86450000000000E+0003	 2.47954065105328E-0001	
 2.86650000000000E+0003	 2.49337151895911E-0001	
 2.86850000000000E+0003	 2.51003238686493E-0001	
 2.87050000000000E+0003	 2.52727325477076E-0001	
 2.87250000000000E+0003	 2.54215412267658E-0001	
 2.87450000000000E+0003	 2.55144999058240E-0001	
 2.87650000000000E+0003	 2.55479085848823E-0001	
 2.87850000000000E+0003	 2.55470672639405E-0001	
 2.88050000000000E+0003	 2.55357759429988E-0001	
 2.88250000000000E+0003	 2.55321846220570E-0001	
 2.88450000000000E+0003	 2.55494433011152E-0001	
 2.88650000000000E+0003	 2.55940019801735E-0001	
 2.88850000000000E+0003	 2.56672106592317E-0001	
 2.89050000000000E+0003	 2.57661193382900E-0001	
 2.89250000000000E+0003	 2.58852780173482E-0001	
 2.89450000000000E+0003	 2.60206366964064E-0001	
 2.89650000000000E+0003	 2.61687453754647E-0001	
 2.89850000000000E+0003	 2.63233040545229E-0001	
 2.90050000000000E+0003	 2.64877127335812E-0001	
 2.90250000000000E+0003	 2.66673714126394E-0001	
 2.90450000000000E+0003	 2.68657800916976E-0001	
 2.90650000000000E+0003	 2.70875387707559E-0001	
 2.90850000000000E+0003	 2.73393974498141E-0001	
 2.91050000000000E+0003	 2.76295561288724E-0001	
 2.91250000000000E+0003	 2.79615648079306E-0001	
 2.91450000000000E+0003	 2.83200734869888E-0001	
 2.91650000000000E+0003	 2.86833321660471E-0001	
 2.91850000000000E+0003	 2.90328408451053E-0001	
 2.92050000000000E+0003	 2.93441495241636E-0001	
 2.92250000000000E+0003	 2.96000082032218E-0001	
 2.92450000000000E+0003	 2.97917168822800E-0001	
 2.92650000000000E+0003	 2.99192755613383E-0001	
 2.92850000000000E+0003	 2.99908842403965E-0001	
 2.93050000000000E+0003	 3.00063429194548E-0001	
 2.93250000000000E+0003	 2.99662515985130E-0001	
 2.93450000000000E+0003	 2.98836102775713E-0001	
 2.93650000000000E+0003	 2.97666189566295E-0001	
 2.93850000000000E+0003	 2.96199276356877E-0001	
 2.94050000000000E+0003	 2.94561363147460E-0001	
 2.94250000000000E+0003	 2.92983949938042E-0001	
 2.94450000000000E+0003	 2.91644536728625E-0001	
 2.94650000000000E+0003	 2.90668123519207E-0001	
 2.94850000000000E+0003	 2.90221210309789E-0001	
 2.95050000000000E+0003	 2.90436797100372E-0001	
 2.95250000000000E+0003	 2.91232883890954E-0001	
 2.95450000000000E+0003	 2.92291970681537E-0001	
 2.95650000000000E+0003	 2.93369557472119E-0001	
 2.95850000000000E+0003	 2.94240144262701E-0001	
 2.96050000000000E+0003	 2.94688231053284E-0001	
 2.96250000000000E+0003	 2.94579317843866E-0001	
 2.96450000000000E+0003	 2.93880404634449E-0001	
 2.96650000000000E+0003	 2.92732491425031E-0001	
 2.96850000000000E+0003	 2.91304578215613E-0001	
 2.97050000000000E+0003	 2.89593165006196E-0001	
 2.97250000000000E+0003	 2.87628751796778E-0001	
 2.97450000000000E+0003	 2.85618338587361E-0001	
 2.97650000000000E+0003	 2.83698925377943E-0001	
 2.97850000000000E+0003	 2.81930012168525E-0001	
 2.98050000000000E+0003	 2.80276598959108E-0001	
 2.98250000000000E+0003	 2.78667685749690E-0001	
 2.98450000000000E+0003	 2.77162772540273E-0001	
 2.98650000000000E+0003	 2.75843359330855E-0001	
 2.98850000000000E+0003	 2.74710446121437E-0001	
 2.99050000000000E+0003	 2.73786032912020E-0001	
 2.99250000000000E+0003	 2.73074619702602E-0001	
 2.99450000000000E+0003	 2.72537206493185E-0001	
 2.99650000000000E+0003	 2.72252793283767E-0001	
 2.99850000000000E+0003	 2.72209880074349E-0001	
 3.00050000000000E+0003	 2.72293966864932E-0001	
 3.00250000000000E+0003	 2.72477553655514E-0001	
 3.00450000000000E+0003	 2.72704640446097E-0001	
 3.00650000000000E+0003	 2.72924227236679E-0001	
 3.00850000000000E+0003	 2.73138814027261E-0001	
 3.01050000000000E+0003	 2.73391900817844E-0001	
 3.01250000000000E+0003	 2.73695487608426E-0001	
 3.01450000000000E+0003	 2.74024574399009E-0001	
 3.01650000000000E+0003	 2.74383161189591E-0001	
 3.01850000000000E+0003	 2.74839747980173E-0001	
 3.02050000000000E+0003	 2.75445834770756E-0001	
 3.02250000000000E+0003	 2.76189421561338E-0001	
 3.02450000000000E+0003	 2.77030508351921E-0001	
 3.02650000000000E+0003	 2.77901095142503E-0001	
 3.02850000000000E+0003	 2.78786181933086E-0001	
 3.03050000000000E+0003	 2.79687768723668E-0001	
 3.03250000000000E+0003	 2.80588855514250E-0001	
 3.03450000000000E+0003	 2.81474942304833E-0001	
 3.03650000000000E+0003	 2.82334029095415E-0001	
 3.03850000000000E+0003	 2.83215615885998E-0001	
 3.04050000000000E+0003	 2.84171202676580E-0001	
 3.04250000000000E+0003	 2.85166789467162E-0001	
 3.04450000000000E+0003	 2.86147376257745E-0001	
 3.04650000000000E+0003	 2.87113963048327E-0001	
 3.04850000000000E+0003	 2.88087549838910E-0001	
 3.05050000000000E+0003	 2.89092636629492E-0001	
 3.05250000000000E+0003	 2.90096723420074E-0001	
 3.05450000000000E+0003	 2.91090810210657E-0001	
 3.05650000000000E+0003	 2.92054397001239E-0001	
 3.05850000000000E+0003	 2.92946483791822E-0001	
 3.06050000000000E+0003	 2.93758070582404E-0001	
 3.06250000000000E+0003	 2.94518157372986E-0001	
 3.06450000000000E+0003	 2.95230744163569E-0001	
 3.06650000000000E+0003	 2.95878330954151E-0001	
 3.06850000000000E+0003	 2.96441917744734E-0001	
 3.07050000000000E+0003	 2.96915504535316E-0001	
 3.07250000000000E+0003	 2.97334591325898E-0001	
 3.07450000000000E+0003	 2.97722178116481E-0001	
 3.07650000000000E+0003	 2.98117764907063E-0001	
 3.07850000000000E+0003	 2.98511351697646E-0001	
 3.08050000000000E+0003	 2.98827438488228E-0001	
 3.08250000000000E+0003	 2.99093525278810E-0001	
 3.08450000000000E+0003	 2.99364612069393E-0001	
 3.08650000000000E+0003	 2.99599698859975E-0001	
 3.08850000000000E+0003	 2.99802285650558E-0001	
 3.09050000000000E+0003	 2.99992372441140E-0001	
 3.09250000000000E+0003	 3.00142459231722E-0001	
 3.09450000000000E+0003	 3.00285046022305E-0001	
 3.09650000000000E+0003	 3.00459132812887E-0001	
 3.09850000000000E+0003	 3.00659219603470E-0001	
 3.10050000000000E+0003	 3.00881806394052E-0001	
 3.10250000000000E+0003	 3.01105393184634E-0001	
 3.10450000000000E+0003	 3.01338979975217E-0001	
 3.10650000000000E+0003	 3.01635566765799E-0001	
 3.10850000000000E+0003	 3.02016653556382E-0001	
 3.11050000000000E+0003	 3.02401740346964E-0001	
 3.11250000000000E+0003	 3.02784827137546E-0001	
 3.11450000000000E+0003	 3.03274413928129E-0001	
 3.11650000000000E+0003	 3.03853000718711E-0001	
 3.11850000000000E+0003	 3.04441087509294E-0001	
 3.12050000000000E+0003	 3.05035674299876E-0001	
 3.12250000000000E+0003	 3.05629761090458E-0001	
 3.12450000000000E+0003	 3.06268847881041E-0001	
 3.12650000000000E+0003	 3.06989934671623E-0001	
 3.12850000000000E+0003	 3.07775021462206E-0001	
 3.13050000000000E+0003	 3.08602108252788E-0001	
 3.13250000000000E+0003	 3.09454195043371E-0001	
 3.13450000000000E+0003	 3.10336281833953E-0001	
 3.13650000000000E+0003	 3.11279368624535E-0001	
 3.13850000000000E+0003	 3.12284955415118E-0001	
 3.14050000000000E+0003	 3.13277542205700E-0001	
 3.14250000000000E+0003	 3.14253128996283E-0001	
 3.14450000000000E+0003	 3.15274215786865E-0001	
 3.14650000000000E+0003	 3.16345302577447E-0001	
 3.14850000000000E+0003	 3.17472889368030E-0001	
 3.15050000000000E+0003	 3.18681476158612E-0001	
 3.15250000000000E+0003	 3.19908062949195E-0001	
 3.15450000000000E+0003	 3.21065149739777E-0001	
 3.15650000000000E+0003	 3.22222236530359E-0001	
 3.15850000000000E+0003	 3.23439323320942E-0001	
 3.16050000000000E+0003	 3.24698410111524E-0001	
 3.16250000000000E+0003	 3.25983996902107E-0001	
 3.16450000000000E+0003	 3.27287583692689E-0001	
 3.16650000000000E+0003	 3.28620170483271E-0001	
 3.16850000000000E+0003	 3.29963757273854E-0001	
 3.17050000000000E+0003	 3.31292844064436E-0001	
 3.17250000000000E+0003	 3.32636430855019E-0001	
 3.17450000000000E+0003	 3.33996517645601E-0001	
 3.17650000000000E+0003	 3.35353604436183E-0001	
 3.17850000000000E+0003	 3.36709191226766E-0001	
 3.18050000000000E+0003	 3.38059278017348E-0001	
 3.18250000000000E+0003	 3.39401864807931E-0001	
 3.18450000000000E+0003	 3.40729451598513E-0001	
 3.18650000000000E+0003	 3.42034538389095E-0001	
 3.18850000000000E+0003	 3.43329625179678E-0001	
 3.19050000000000E+0003	 3.44620711970260E-0001	
 3.19250000000000E+0003	 3.45886298760843E-0001	
 3.19450000000000E+0003	 3.47120385551425E-0001	
 3.19650000000000E+0003	 3.48343972342007E-0001	
 3.19850000000000E+0003	 3.49548559132590E-0001	
 3.20050000000000E+0003	 3.50736645923172E-0001	
 3.20250000000000E+0003	 3.51908232713755E-0001	
 3.20450000000000E+0003	 3.53063819504337E-0001	
 3.20650000000000E+0003	 3.54204406294919E-0001	
 3.20850000000000E+0003	 3.55325493085502E-0001	
 3.21050000000000E+0003	 3.56429079876084E-0001	
 3.21250000000000E+0003	 3.57516666666667E-0001	
 3.21450000000000E+0003	 3.58606253457249E-0001	
 3.21650000000000E+0003	 3.59716340247831E-0001	
 3.21850000000000E+0003	 3.60836927038414E-0001	
 3.22050000000000E+0003	 3.61956013828996E-0001	
 3.22250000000000E+0003	 3.63081600619579E-0001	
 3.22450000000000E+0003	 3.64223687410161E-0001	
 3.22650000000000E+0003	 3.65398274200743E-0001	
 3.22850000000000E+0003	 3.66619360991326E-0001	
 3.23050000000000E+0003	 3.67892447781908E-0001	
 3.23250000000000E+0003	 3.69244534572491E-0001	
 3.23450000000000E+0003	 3.70584121363073E-0001	
 3.23650000000000E+0003	 3.71881208153656E-0001	
 3.23850000000000E+0003	 3.73240794944238E-0001	
 3.24050000000000E+0003	 3.74678881734820E-0001	
 3.24250000000000E+0003	 3.76149968525403E-0001	
 3.24450000000000E+0003	 3.77687555315985E-0001	
 3.24650000000000E+0003	 3.79295642106568E-0001	
 3.24850000000000E+0003	 3.80893728897150E-0001	
 3.25050000000000E+0003	 3.82493815687732E-0001	
 3.25250000000000E+0003	 3.84156902478315E-0001	
 3.25450000000000E+0003	 3.85903989268897E-0001	
 3.25650000000000E+0003	 3.87677576059480E-0001	
 3.25850000000000E+0003	 3.89428662850062E-0001	
 3.26050000000000E+0003	 3.91192749640644E-0001	
 3.26250000000000E+0003	 3.92959336431227E-0001	
 3.26450000000000E+0003	 3.94716423221809E-0001	
 3.26650000000000E+0003	 3.96451010012392E-0001	
 3.26850000000000E+0003	 3.98173096802974E-0001	
 3.27050000000000E+0003	 3.99881683593556E-0001	
 3.27250000000000E+0003	 4.01482770384139E-0001	
 3.27450000000000E+0003	 4.02995357174721E-0001	
 3.27650000000000E+0003	 4.04466943965304E-0001	
 3.27850000000000E+0003	 4.05864030755886E-0001	
 3.28050000000000E+0003	 4.07193617546468E-0001	
 3.28250000000000E+0003	 4.08460704337051E-0001	
 3.28450000000000E+0003	 4.09657791127633E-0001	
 3.28650000000000E+0003	 4.10746877918216E-0001	
 3.28850000000000E+0003	 4.11754964708798E-0001	
 3.29050000000000E+0003	 4.12735051499380E-0001	
 3.29250000000000E+0003	 4.13671638289963E-0001	
 3.29450000000000E+0003	 4.14514725080545E-0001	
 3.29650000000000E+0003	 4.15256811871128E-0001	
 3.29850000000000E+0003	 4.15892398661710E-0001	
 3.30050000000000E+0003	 4.16465485452292E-0001	
 3.30250000000000E+0003	 4.17032072242875E-0001	
 3.30450000000000E+0003	 4.17621159033457E-0001	
 3.30650000000000E+0003	 4.18165245824040E-0001	
 3.30850000000000E+0003	 4.18606332614622E-0001	
 3.31050000000000E+0003	 4.18962419405204E-0001	
 3.31250000000000E+0003	 4.19290006195787E-0001	
 3.31450000000000E+0003	 4.19641092986369E-0001	
 3.31650000000000E+0003	 4.20011179776952E-0001	
 3.31850000000000E+0003	 4.20369266567534E-0001	
 3.32050000000000E+0003	 4.20727853358116E-0001	
 3.32250000000000E+0003	 4.21101940148699E-0001	
 3.32450000000000E+0003	 4.21511026939281E-0001	
 3.32650000000000E+0003	 4.21909613729864E-0001	
 3.32850000000000E+0003	 4.22276200520446E-0001	
 3.33050000000000E+0003	 4.22675287311029E-0001	
 3.33250000000000E+0003	 4.23128874101611E-0001	
 3.33450000000000E+0003	 4.23607960892193E-0001	
 3.33650000000000E+0003	 4.24137547682776E-0001	
 3.33850000000000E+0003	 4.24714134473358E-0001	
 3.34050000000000E+0003	 4.25267221263941E-0001	
 3.34250000000000E+0003	 4.25833308054523E-0001	
 3.34450000000000E+0003	 4.26447394845105E-0001	
 3.34650000000000E+0003	 4.27088981635688E-0001	
 3.34850000000000E+0003	 4.27798568426270E-0001	
 3.35050000000000E+0003	 4.28556655216853E-0001	
 3.35250000000000E+0003	 4.29271242007435E-0001	
 3.35450000000000E+0003	 4.29969328798017E-0001	
 3.35650000000000E+0003	 4.30741915588600E-0001	
 3.35850000000000E+0003	 4.31569502379182E-0001	
 3.36050000000000E+0003	 4.32419589169765E-0001	
 3.36250000000000E+0003	 4.33248175960347E-0001	
 3.36450000000000E+0003	 4.34105762750929E-0001	
 3.36650000000000E+0003	 4.35046849541512E-0001	
 3.36850000000000E+0003	 4.35973936332094E-0001	
 3.37050000000000E+0003	 4.36775023122677E-0001	
 3.37250000000000E+0003	 4.37493609913259E-0001	
 3.37450000000000E+0003	 4.38232696703841E-0001	
 3.37650000000000E+0003	 4.39013283494424E-0001	
 3.37850000000000E+0003	 4.39784870285006E-0001	
 3.38050000000000E+0003	 4.40500957075589E-0001	
 3.38250000000000E+0003	 4.41153043866171E-0001	
 3.38450000000000E+0003	 4.41806630656753E-0001	
 3.38650000000000E+0003	 4.42472717447336E-0001	
 3.38850000000000E+0003	 4.43158304237918E-0001	
 3.39050000000000E+0003	 4.43895391028501E-0001	
 3.39250000000000E+0003	 4.44554977819083E-0001	
 3.39450000000000E+0003	 4.45067564609665E-0001	
 3.39650000000000E+0003	 4.45605651400248E-0001	
 3.39850000000000E+0003	 4.46269238190830E-0001	
 3.40050000000000E+0003	 4.46921824981413E-0001	
 3.40250000000000E+0003	 4.47385911771995E-0001	
 3.40450000000000E+0003	 4.47762998562577E-0001	
 3.40650000000000E+0003	 4.48212085353160E-0001	
 3.40850000000000E+0003	 4.48714672143742E-0001	
 3.41050000000000E+0003	 4.49167758934325E-0001	
 3.41250000000000E+0003	 4.49539345724907E-0001	
 3.41450000000000E+0003	 4.49812432515489E-0001	
 3.41650000000000E+0003	 4.50007019306072E-0001	
 3.41850000000000E+0003	 4.50165106096654E-0001	
 3.42050000000000E+0003	 4.50294192887237E-0001	
 3.42250000000000E+0003	 4.50367279677819E-0001	
 3.42450000000000E+0003	 4.50376866468401E-0001	
 3.42650000000000E+0003	 4.50348953258984E-0001	
 3.42850000000000E+0003	 4.50298040049566E-0001	
 3.43050000000000E+0003	 4.50187126840149E-0001	
 3.43250000000000E+0003	 4.50026713630731E-0001	
 3.43450000000000E+0003	 4.49856800421314E-0001	
 3.43650000000000E+0003	 4.49583387211896E-0001	
 3.43850000000000E+0003	 4.49138474002478E-0001	
 3.44050000000000E+0003	 4.48599560793061E-0001	
 3.44250000000000E+0003	 4.48079147583643E-0001	
 3.44450000000000E+0003	 4.47556734374226E-0001	
 3.44650000000000E+0003	 4.47001821164808E-0001	
 3.44850000000000E+0003	 4.46402407955390E-0001	
 3.45050000000000E+0003	 4.45723994745973E-0001	
 3.45250000000000E+0003	 4.44992581536555E-0001	
 3.45450000000000E+0003	 4.44217668327138E-0001	
 3.45650000000000E+0003	 4.43435255117720E-0001	
 3.45850000000000E+0003	 4.42664341908302E-0001	
 3.46050000000000E+0003	 4.41803428698885E-0001	
 3.46250000000000E+0003	 4.40854515489467E-0001	
 3.46450000000000E+0003	 4.39979102280050E-0001	
 3.46650000000000E+0003	 4.39183189070632E-0001	
 3.46850000000000E+0003	 4.38234775861214E-0001	
 3.47050000000000E+0003	 4.37007362651797E-0001	
 3.47250000000000E+0003	 4.35717449442379E-0001	
 3.47450000000000E+0003	 4.34555536232962E-0001	
 3.47650000000000E+0003	 4.33478623023544E-0001	
 3.47850000000000E+0003	 4.32418709814126E-0001	
 3.48050000000000E+0003	 4.31238796604709E-0001	
 3.48250000000000E+0003	 4.29954883395291E-0001	
 3.48450000000000E+0003	 4.28721470185874E-0001	
 3.48650000000000E+0003	 4.27493056976456E-0001	
 3.48850000000000E+0003	 4.26210143767038E-0001	
 3.49050000000000E+0003	 4.24901230557621E-0001	
 3.49250000000000E+0003	 4.23595317348203E-0001	
 3.49450000000000E+0003	 4.22300404138786E-0001	
 3.49650000000000E+0003	 4.21010990929368E-0001	
 3.49850000000000E+0003	 4.19663077719950E-0001	
 3.50050000000000E+0003	 4.18311664510533E-0001	
 3.50250000000000E+0003	 4.16948751301115E-0001	
 3.50450000000000E+0003	 4.15405838091698E-0001	
 3.50650000000000E+0003	 4.13790924882280E-0001	
 3.50850000000000E+0003	 4.12271011672862E-0001	
 3.51050000000000E+0003	 4.10832098463445E-0001	
 3.51250000000000E+0003	 4.09396185254027E-0001	
 3.51450000000000E+0003	 4.07838272044610E-0001	
 3.51650000000000E+0003	 4.06169358835192E-0001	
 3.51850000000000E+0003	 4.04524445625774E-0001	
 3.52050000000000E+0003	 4.02964032416357E-0001	
 3.52250000000000E+0003	 4.01483619206939E-0001	
 3.52450000000000E+0003	 3.99860205997522E-0001	
 3.52650000000000E+0003	 3.98034792788104E-0001	
 3.52850000000000E+0003	 3.96232879578686E-0001	
 3.53050000000000E+0003	 3.94496966369269E-0001	
 3.53250000000000E+0003	 3.92780553159851E-0001	
 3.53450000000000E+0003	 3.91097639950434E-0001	
 3.53650000000000E+0003	 3.89356726741016E-0001	
 3.53850000000000E+0003	 3.87472813531599E-0001	
 3.54050000000000E+0003	 3.85638400322181E-0001	
 3.54250000000000E+0003	 3.83919987112763E-0001	
 3.54450000000000E+0003	 3.82143573903346E-0001	
 3.54650000000000E+0003	 3.80137160693928E-0001	
 3.54850000000000E+0003	 3.77976747484511E-0001	
 3.55050000000000E+0003	 3.75875834275093E-0001	
 3.55250000000000E+0003	 3.73818421065675E-0001	
 3.55450000000000E+0003	 3.71733507856258E-0001	
 3.55650000000000E+0003	 3.69645094646840E-0001	
 3.55850000000000E+0003	 3.67571681437423E-0001	
 3.56050000000000E+0003	 3.65510768228005E-0001	
 3.56250000000000E+0003	 3.63354855018587E-0001	
 3.56450000000000E+0003	 3.61079941809170E-0001	
 3.56650000000000E+0003	 3.58862028599752E-0001	
 3.56850000000000E+0003	 3.56705615390335E-0001	
 3.57050000000000E+0003	 3.54383702180917E-0001	
 3.57250000000000E+0003	 3.51936288971499E-0001	
 3.57450000000000E+0003	 3.49517375762082E-0001	
 3.57650000000000E+0003	 3.47124962552664E-0001	
 3.57850000000000E+0003	 3.44749549343247E-0001	
 3.58050000000000E+0003	 3.42402136133829E-0001	
 3.58250000000000E+0003	 3.40062722924411E-0001	
 3.58450000000000E+0003	 3.37653309714994E-0001	
 3.58650000000000E+0003	 3.35043896505576E-0001	
 3.58850000000000E+0003	 3.32322483296159E-0001	
 3.59050000000000E+0003	 3.29678070086741E-0001	
 3.59250000000000E+0003	 3.27068656877323E-0001	
 3.59450000000000E+0003	 3.24419243667906E-0001	
 3.59650000000000E+0003	 3.21791330458488E-0001	
 3.59850000000000E+0003	 3.19201417249071E-0001	
 3.60050000000000E+0003	 3.16551504039653E-0001	
 3.60250000000000E+0003	 3.13886090830235E-0001	
 3.60450000000000E+0003	 3.11263677620818E-0001	
 3.60650000000000E+0003	 3.08609764411400E-0001	
 3.60850000000000E+0003	 3.05925851201983E-0001	
 3.61050000000000E+0003	 3.03244437992565E-0001	
 3.61250000000000E+0003	 3.00620024783147E-0001	
 3.61450000000000E+0003	 2.97969611573730E-0001	
 3.61650000000000E+0003	 2.95222198364312E-0001	
 3.61850000000000E+0003	 2.92456285154895E-0001	
 3.62050000000000E+0003	 2.89760371945477E-0001	
 3.62250000000000E+0003	 2.87146958736059E-0001	
 3.62450000000000E+0003	 2.84580545526642E-0001	
 3.62650000000000E+0003	 2.81992632317224E-0001	
 3.62850000000000E+0003	 2.79351719107807E-0001	
 3.63050000000000E+0003	 2.76680305898389E-0001	
 3.63250000000000E+0003	 2.74173892688971E-0001	
 3.63450000000000E+0003	 2.71722979479554E-0001	
 3.63650000000000E+0003	 2.69213066270136E-0001	
 3.63850000000000E+0003	 2.66748653060719E-0001	
 3.64050000000000E+0003	 2.64325239851301E-0001	
 3.64250000000000E+0003	 2.61972326641884E-0001	
 3.64450000000000E+0003	 2.59694913432466E-0001	
 3.64650000000000E+0003	 2.57481500223048E-0001	
 3.64850000000000E+0003	 2.55233087013631E-0001	
 3.65050000000000E+0003	 2.52944673804213E-0001	
 3.65250000000000E+0003	 2.50641760594796E-0001	
 3.65450000000000E+0003	 2.48468847385378E-0001	
 3.65650000000000E+0003	 2.46434434175960E-0001	
 3.65850000000000E+0003	 2.44461520966543E-0001	
 3.66050000000000E+0003	 2.42509107757125E-0001	
 3.66250000000000E+0003	 2.40516694547708E-0001	
 3.66450000000000E+0003	 2.38648781338290E-0001	
 3.66650000000000E+0003	 2.36936868128872E-0001	
 3.66850000000000E+0003	 2.35266454919455E-0001	
 3.67050000000000E+0003	 2.33678041710037E-0001	
 3.67250000000000E+0003	 2.32152128500620E-0001	
 3.67450000000000E+0003	 2.30751215291202E-0001	
 3.67650000000000E+0003	 2.29310302081784E-0001	
 3.67850000000000E+0003	 2.27835388872367E-0001	
 3.68050000000000E+0003	 2.26467975662949E-0001	
 3.68250000000000E+0003	 2.25176562453532E-0001	
 3.68450000000000E+0003	 2.23995149244114E-0001	
 3.68650000000000E+0003	 2.22904736034696E-0001	
 3.68850000000000E+0003	 2.21808822825279E-0001	
 3.69050000000000E+0003	 2.20572409615861E-0001	
 3.69250000000000E+0003	 2.19384496406444E-0001	
 3.69450000000000E+0003	 2.18292583197026E-0001	
 3.69650000000000E+0003	 2.17291169987608E-0001	
 3.69850000000000E+0003	 2.16354256778191E-0001	
 3.70050000000000E+0003	 2.15498343568773E-0001	
 3.70250000000000E+0003	 2.14714930359356E-0001	
 3.70450000000000E+0003	 2.13975517149938E-0001	
 3.70650000000000E+0003	 2.13314103940520E-0001	
 3.70850000000000E+0003	 2.12727690731103E-0001	
 3.71050000000000E+0003	 2.12162277521685E-0001	
 3.71250000000000E+0003	 2.11632864312268E-0001	
 3.71450000000000E+0003	 2.11101951102850E-0001	
 3.71650000000000E+0003	 2.10501037893432E-0001	
 3.71850000000000E+0003	 2.09872124684015E-0001	
 3.72050000000000E+0003	 2.09313711474597E-0001	
 3.72250000000000E+0003	 2.08825298265180E-0001	
 3.72450000000000E+0003	 2.08317885055762E-0001	
 3.72650000000000E+0003	 2.07864471846344E-0001	
 3.72850000000000E+0003	 2.07410558636927E-0001	
 3.73050000000000E+0003	 2.06988645427509E-0001	
 3.73250000000000E+0003	 2.06663232218092E-0001	
 3.73450000000000E+0003	 2.06414319008674E-0001	
 3.73650000000000E+0003	 2.06217405799257E-0001	
 3.73850000000000E+0003	 2.05903992589839E-0001	
 3.74050000000000E+0003	 2.05513079380421E-0001	
 3.74250000000000E+0003	 2.05073166171004E-0001	
 3.74450000000000E+0003	 2.04778752961586E-0001	
 3.74650000000000E+0003	 2.04445339752169E-0001	
 3.74850000000000E+0003	 2.04121426542751E-0001	
 3.75050000000000E+0003	 2.03811013333333E-0001	
 3.75250000000000E+0003	 2.03511600123916E-0001	
 3.75450000000000E+0003	 2.03168686914498E-0001	
 3.75650000000000E+0003	 2.02824773705081E-0001	
 3.75850000000000E+0003	 2.02520860495663E-0001	
 3.76050000000000E+0003	 2.02257447286245E-0001	
 3.76250000000000E+0003	 2.01959034076828E-0001	
 3.76450000000000E+0003	 2.01710620867410E-0001	
 3.76650000000000E+0003	 2.01477707657993E-0001	
 3.76850000000000E+0003	 2.01221794448575E-0001	
 3.77050000000000E+0003	 2.00982381239157E-0001	
 3.77250000000000E+0003	 2.00698968029740E-0001	
 3.77450000000000E+0003	 2.00472554820322E-0001	
 3.77650000000000E+0003	 2.00298141610905E-0001	
 3.77850000000000E+0003	 2.00151728401487E-0001	
 3.78050000000000E+0003	 1.99949315192069E-0001	
 3.78250000000000E+0003	 1.99660401982652E-0001	
 3.78450000000000E+0003	 1.99419488773234E-0001	
 3.78650000000000E+0003	 1.99210075563817E-0001	
 3.78850000000000E+0003	 1.99014162354399E-0001	
 3.79050000000000E+0003	 1.98854749144981E-0001	
 3.79250000000000E+0003	 1.98698335935564E-0001	
 3.79450000000000E+0003	 1.98506922726146E-0001	
 3.79650000000000E+0003	 1.98376509516729E-0001	
 3.79850000000000E+0003	 1.98195596307311E-0001	
 3.80050000000000E+0003	 1.98035683097893E-0001	
 3.80250000000000E+0003	 1.97948269888476E-0001	
 3.80450000000000E+0003	 1.97752356679058E-0001	
 3.80650000000000E+0003	 1.97595443469641E-0001	
 3.80850000000000E+0003	 1.97411030260223E-0001	
 3.81050000000000E+0003	 1.97251617050805E-0001	
 3.81250000000000E+0003	 1.97131703841388E-0001	
 3.81450000000000E+0003	 1.96996290631970E-0001	
 3.81650000000000E+0003	 1.96938377422553E-0001	
 3.81850000000000E+0003	 1.96793964213135E-0001	
 3.82050000000000E+0003	 1.96689551003717E-0001	
 3.82250000000000E+0003	 1.96571137794300E-0001	
 3.82450000000000E+0003	 1.96380224584882E-0001	
 3.82650000000000E+0003	 1.96261811375465E-0001	
 3.82850000000000E+0003	 1.96136898166047E-0001	
 3.83050000000000E+0003	 1.96013984956629E-0001	
 3.83250000000000E+0003	 1.95939571747212E-0001	
 3.83450000000000E+0003	 1.95905158537794E-0001	
 3.83650000000000E+0003	 1.95860745328377E-0001	
 3.83850000000000E+0003	 1.95736832118959E-0001	
 3.84050000000000E+0003	 1.95572918909542E-0001	
 3.84250000000000E+0003	 1.95452005700124E-0001	
 3.84450000000000E+0003	 1.95365092490706E-0001	
 3.84650000000000E+0003	 1.95272179281289E-0001	
 3.84850000000000E+0003	 1.95225766071871E-0001	
 3.85050000000000E+0003	 1.95158352862454E-0001	
 3.85250000000000E+0003	 1.95020439653036E-0001	
 3.85450000000000E+0003	 1.94913526443618E-0001	
 3.85650000000000E+0003	 1.94842613234201E-0001	
 3.85850000000000E+0003	 1.94802200024783E-0001	
 3.86050000000000E+0003	 1.94753286815366E-0001	
 3.86250000000000E+0003	 1.94633873605948E-0001	
 3.86450000000000E+0003	 1.94597960396530E-0001	
 3.86650000000000E+0003	 1.94579047187113E-0001	
 3.86850000000000E+0003	 1.94519133977695E-0001	
 3.87050000000000E+0003	 1.94490220768278E-0001	
 3.87250000000000E+0003	 1.94378307558860E-0001	
 3.87450000000000E+0003	 1.94316894349442E-0001	
 3.87650000000000E+0003	 1.94259481140025E-0001	
 3.87850000000000E+0003	 1.94198567930607E-0001	
 3.88050000000000E+0003	 1.94230654721190E-0001	
 3.88250000000000E+0003	 1.94249241511772E-0001	
 3.88450000000000E+0003	 1.94243328302354E-0001	
 3.88650000000000E+0003	 1.94218415092937E-0001	
 3.88850000000000E+0003	 1.94093001883519E-0001	
 3.89050000000000E+0003	 1.94015588674102E-0001	
 3.89250000000000E+0003	 1.93970675464684E-0001	
 3.89450000000000E+0003	 1.93951762255266E-0001	
 3.89650000000000E+0003	 1.93953349045849E-0001	
 3.89850000000000E+0003	 1.93972935836431E-0001	
 3.90050000000000E+0003	 1.93993022627014E-0001	
 3.90250000000000E+0003	 1.93952109417596E-0001	
 3.90450000000000E+0003	 1.93895696208178E-0001	
 3.90650000000000E+0003	 1.93861282998761E-0001	
 3.90850000000000E+0003	 1.93840369789343E-0001	
 3.91050000000000E+0003	 1.93807956579926E-0001	
 3.91250000000000E+0003	 1.93795043370508E-0001	
 3.91450000000000E+0003	 1.93819630161090E-0001	
 3.91650000000000E+0003	 1.93863216951673E-0001	
 3.91850000000000E+0003	 1.93873303742255E-0001	
 3.92050000000000E+0003	 1.93863390532838E-0001	
 3.92250000000000E+0003	 1.93833977323420E-0001	
 3.92450000000000E+0003	 1.93822064114002E-0001	
 3.92650000000000E+0003	 1.93833650904585E-0001	
 3.92850000000000E+0003	 1.93855737695167E-0001	
 3.93050000000000E+0003	 1.93856324485750E-0001	
 3.93250000000000E+0003	 1.93861911276332E-0001	
 3.93450000000000E+0003	 1.93848498066914E-0001	
 3.93650000000000E+0003	 1.93801084857497E-0001	
 3.93850000000000E+0003	 1.93766171648079E-0001	
 3.94050000000000E+0003	 1.93757258438662E-0001	
 3.94250000000000E+0003	 1.93771845229244E-0001	
 3.94450000000000E+0003	 1.93782432019827E-0001	
 3.94650000000000E+0003	 1.93793518810409E-0001	
 3.94850000000000E+0003	 1.93813605600991E-0001	
 3.95050000000000E+0003	 1.93792192391574E-0001	
 3.95250000000000E+0003	 1.93748279182156E-0001	
 3.95450000000000E+0003	 1.93739865972739E-0001	
 3.95650000000000E+0003	 1.93756952763321E-0001	
 3.95850000000000E+0003	 1.93760039553903E-0001	
 3.96050000000000E+0003	 1.93762626344486E-0001	
 3.96250000000000E+0003	 1.93768713135068E-0001	
 3.96450000000000E+0003	 1.93762299925651E-0001	
 3.96650000000000E+0003	 1.93757886716233E-0001	
 3.96850000000000E+0003	 1.93766473506815E-0001	
 3.97050000000000E+0003	 1.93769060297398E-0001	
 3.97250000000000E+0003	 1.93768147087980E-0001	
 3.97450000000000E+0003	 1.93780233878563E-0001	
 3.97650000000000E+0003	 1.93795820669145E-0001	
 3.97850000000000E+0003	 1.93803907459727E-0001	
 3.98050000000000E+0003	 1.93825994250310E-0001	
 3.98250000000000E+0003	 1.93854081040892E-0001	
 3.98450000000000E+0003	 1.93858667831475E-0001	
 3.98650000000000E+0003	 1.93839254622057E-0001	
 3.98850000000000E+0003	 1.93831841412639E-0001	
 3.99050000000000E+0003	 1.93848428203222E-0001	
 3.99250000000000E+0003	 1.93864514993804E-0001	
 3.99450000000000E+0003	 1.93868601784387E-0001	
 3.99650000000000E+0003	 1.93872188574969E-0001	
 3.99850000000000E+0003	 1.93863775365551E-0001	

>1	DATALINE
