*CPCWIN*

>1	DATALINE
DATALINE
1
Operator:

Description:

Remarks:





15.9.2008
11:14


_x	_y
	
	
UNIT	UNIT
 4.50500000000000E+0002	 1.10167000000000E-0001	
 4.52500000000000E+0002	 1.10391000000000E-0001	
 4.54500000000000E+0002	 1.10828000000000E-0001	
 4.56500000000000E+0002	 1.10527500000000E-0001	
 4.58500000000000E+0002	 1.10535844914642E-0001	
 4.60500000000000E+0002	 1.11139273886450E-0001	
 4.62500000000000E+0002	 1.11908202858258E-0001	
 4.64500000000000E+0002	 1.12373131830065E-0001	
 4.66500000000000E+0002	 1.12564560801873E-0001	
 4.68500000000000E+0002	 1.12564989773681E-0001	
 4.70500000000000E+0002	 1.12761418745488E-0001	
 4.72500000000000E+0002	 1.13048347717296E-0001	
 4.74500000000000E+0002	 1.13484276689104E-0001	
 4.76500000000000E+0002	 1.13680705660911E-0001	
 4.78500000000000E+0002	 1.14031134632719E-0001	
 4.80500000000000E+0002	 1.14406563604526E-0001	
 4.82500000000000E+0002	 1.14841492576334E-0001	
 4.84500000000000E+0002	 1.15040421548142E-0001	
 4.86500000000000E+0002	 1.15282350519949E-0001	
 4.88500000000000E+0002	 1.15604279491757E-0001	
 4.90500000000000E+0002	 1.15970208463565E-0001	
 4.92500000000000E+0002	 1.16275137435372E-0001	
 4.94500000000000E+0002	 1.16713066407180E-0001	
 4.96500000000000E+0002	 1.16999995378987E-0001	
 4.98500000000000E+0002	 1.17339924350795E-0001	
 5.00500000000000E+0002	 1.17372853322603E-0001	
 5.02500000000000E+0002	 1.17691282294410E-0001	
 5.04500000000000E+0002	 1.18460211266218E-0001	
 5.06500000000000E+0002	 1.19243640238026E-0001	
 5.08500000000000E+0002	 1.19790569209833E-0001	
 5.10500000000000E+0002	 1.20435998181641E-0001	
 5.12500000000000E+0002	 1.21106427153448E-0001	
 5.14500000000000E+0002	 1.21727356125256E-0001	
 5.16500000000000E+0002	 1.22282785097064E-0001	
 5.18500000000000E+0002	 1.23139214068871E-0001	
 5.20500000000000E+0002	 1.24036143040679E-0001	
 5.22500000000000E+0002	 1.24956572012487E-0001	
 5.24500000000000E+0002	 1.25949000984294E-0001	
 5.26500000000000E+0002	 1.27969929956102E-0001	
 5.28500000000000E+0002	 1.30595358927909E-0001	
 5.30500000000000E+0002	 1.32171787899717E-0001	
 5.32500000000000E+0002	 1.31854716871525E-0001	
 5.34500000000000E+0002	 1.30674645843332E-0001	
 5.36500000000000E+0002	 1.29504074815140E-0001	
 5.38500000000000E+0002	 1.28538503786948E-0001	
 5.40500000000000E+0002	 1.27647932758755E-0001	
 5.42500000000000E+0002	 1.26867361730563E-0001	
 5.44500000000000E+0002	 1.26148790702371E-0001	
 5.46500000000000E+0002	 1.25629219674178E-0001	
 5.48500000000000E+0002	 1.25168648645986E-0001	
 5.50500000000000E+0002	 1.24814577617793E-0001	
 5.52500000000000E+0002	 1.24543006589601E-0001	
 5.54500000000000E+0002	 1.24327435561409E-0001	
 5.56500000000000E+0002	 1.24110364533216E-0001	
 5.58500000000000E+0002	 1.23928793505024E-0001	
 5.60500000000000E+0002	 1.23711722476832E-0001	
 5.62500000000000E+0002	 1.23459651448639E-0001	
 5.64500000000000E+0002	 1.23166580420447E-0001	
 5.66500000000000E+0002	 1.22908509392254E-0001	
 5.68500000000000E+0002	 1.22687938364062E-0001	
 5.70500000000000E+0002	 1.22446367335870E-0001	
 5.72500000000000E+0002	 1.22174296307677E-0001	
 5.74500000000000E+0002	 1.21909725279485E-0001	
 5.76500000000000E+0002	 1.21751654251293E-0001	
 5.78500000000000E+0002	 1.21684083223100E-0001	
 5.80500000000000E+0002	 1.21494012194908E-0001	
 5.82500000000000E+0002	 1.21260441166715E-0001	
 5.84500000000000E+0002	 1.21010870138523E-0001	
 5.86500000000000E+0002	 1.20851799110331E-0001	
 5.88500000000000E+0002	 1.20730228082138E-0001	
 5.90500000000000E+0002	 1.20647157053946E-0001	
 5.92500000000000E+0002	 1.20633086025754E-0001	
 5.94500000000000E+0002	 1.20688514997561E-0001	
 5.96500000000000E+0002	 1.20681443969369E-0001	
 5.98500000000000E+0002	 1.20633872941176E-0001	
 6.00500000000000E+0002	 1.20580301912984E-0001	
 6.02500000000000E+0002	 1.20607730884792E-0001	
 6.04500000000000E+0002	 1.20577659856599E-0001	
 6.06500000000000E+0002	 1.20576088828407E-0001	
 6.08500000000000E+0002	 1.20547517800215E-0001	
 6.10500000000000E+0002	 1.20564946772022E-0001	
 6.12500000000000E+0002	 1.20571375743830E-0001	
 6.14500000000000E+0002	 1.20596804715637E-0001	
 6.16500000000000E+0002	 1.20610233687445E-0001	
 6.18500000000000E+0002	 1.20573162659253E-0001	
 6.20500000000000E+0002	 1.20334091631060E-0001	
 6.22500000000000E+0002	 1.20079520602868E-0001	
 6.24500000000000E+0002	 1.19757449574676E-0001	
 6.26500000000000E+0002	 1.19463378546483E-0001	
 6.28500000000000E+0002	 1.19123307518291E-0001	
 6.30500000000000E+0002	 1.18797236490099E-0001	
 6.32500000000000E+0002	 1.18426665461906E-0001	
 6.34500000000000E+0002	 1.18108594433714E-0001	
 6.36500000000000E+0002	 1.17830523405521E-0001	
 6.38500000000000E+0002	 1.17652452377329E-0001	
 6.40500000000000E+0002	 1.17468881349137E-0001	
 6.42500000000000E+0002	 1.17335310320944E-0001	
 6.44500000000000E+0002	 1.17111739292752E-0001	
 6.46500000000000E+0002	 1.16917668264560E-0001	
 6.48500000000000E+0002	 1.16710597236367E-0001	
 6.50500000000000E+0002	 1.16537026208175E-0001	
 6.52500000000000E+0002	 1.16359955179982E-0001	
 6.54500000000000E+0002	 1.16249884151790E-0001	
 6.56500000000000E+0002	 1.16059813123598E-0001	
 6.58500000000000E+0002	 1.15890742095405E-0001	
 6.60500000000000E+0002	 1.15727671067213E-0001	
 6.62500000000000E+0002	 1.15509100039021E-0001	
 6.64500000000000E+0002	 1.14967529010828E-0001	
 6.66500000000000E+0002	 1.14418457982636E-0001	
 6.68500000000000E+0002	 1.14434886954443E-0001	
 6.70500000000000E+0002	 1.14447815926251E-0001	
 6.72500000000000E+0002	 1.13865244898059E-0001	
 6.74500000000000E+0002	 1.13441173869866E-0001	
 6.76500000000000E+0002	 1.12978102841674E-0001	
 6.78500000000000E+0002	 1.12538531813482E-0001	
 6.80500000000000E+0002	 1.12075460785289E-0001	
 6.82500000000000E+0002	 1.11657389757097E-0001	
 6.84500000000000E+0002	 1.11232818728904E-0001	
 6.86500000000000E+0002	 1.10858747700712E-0001	
 6.88500000000000E+0002	 1.10482676672520E-0001	
 6.90500000000000E+0002	 1.10223105644327E-0001	
 6.92500000000000E+0002	 1.10017534616135E-0001	
 6.94500000000000E+0002	 1.09929963587943E-0001	
 6.96500000000000E+0002	 1.09895392559750E-0001	
 6.98500000000000E+0002	 1.09876821531558E-0001	
 7.00500000000000E+0002	 1.09700250503366E-0001	
 7.02500000000000E+0002	 1.09277679475173E-0001	
 7.04500000000000E+0002	 1.08641608446981E-0001	
 7.06500000000000E+0002	 1.07971037418788E-0001	
 7.08500000000000E+0002	 1.07329966390596E-0001	
 7.10500000000000E+0002	 1.06807895362404E-0001	
 7.12500000000000E+0002	 1.06351324334211E-0001	
 7.14500000000000E+0002	 1.05840253306019E-0001	
 7.16500000000000E+0002	 1.05324682277827E-0001	
 7.18500000000000E+0002	 1.04928111249634E-0001	
 7.20500000000000E+0002	 1.04466040221442E-0001	
 7.22500000000000E+0002	 1.03758469193249E-0001	
 7.24500000000000E+0002	 1.02934398165057E-0001	
 7.26500000000000E+0002	 1.02111827136865E-0001	
 7.28500000000000E+0002	 1.01304256108672E-0001	
 7.30500000000000E+0002	 1.00487185080480E-0001	
 7.32500000000000E+0002	 9.96906140522876E-0002	
 7.34500000000000E+0002	 9.89855430240952E-0002	
 7.36500000000000E+0002	 9.84014719959028E-0002	
 7.38500000000000E+0002	 9.79509009677105E-0002	
 7.40500000000000E+0002	 9.75613299395181E-0002	
 7.42500000000000E+0002	 9.71622589113257E-0002	
 7.44500000000000E+0002	 9.67801878831334E-0002	
 7.46500000000000E+0002	 9.64216168549410E-0002	
 7.48500000000000E+0002	 9.60090458267486E-0002	
 7.50500000000000E+0002	 9.55199747985562E-0002	
 7.52500000000000E+0002	 9.49934037703639E-0002	
 7.54500000000000E+0002	 9.44703327421715E-0002	
 7.56500000000000E+0002	 9.39622617139791E-0002	
 7.58500000000000E+0002	 9.34276906857868E-0002	
 7.60500000000000E+0002	 9.29261196575944E-0002	
 7.62500000000000E+0002	 9.25010486294020E-0002	
 7.64500000000000E+0002	 9.21424776012096E-0002	
 7.66500000000000E+0002	 9.17654065730173E-0002	
 7.68500000000000E+0002	 9.13283355448249E-0002	
 7.70500000000000E+0002	 9.08892645166325E-0002	
 7.72500000000000E+0002	 9.05586934884402E-0002	
 7.74500000000000E+0002	 9.03916224602478E-0002	
 7.76500000000000E+0002	 9.05035514320554E-0002	
 7.78500000000000E+0002	 9.07869804038630E-0002	
 7.80500000000000E+0002	 9.08394093756707E-0002	
 7.82500000000000E+0002	 9.04198383474783E-0002	
 7.84500000000000E+0002	 8.97917673192859E-0002	
 7.86500000000000E+0002	 8.91756962910936E-0002	
 7.88500000000000E+0002	 8.86051252629012E-0002	
 7.90500000000000E+0002	 8.80975542347088E-0002	
 7.92500000000000E+0002	 8.77774832065164E-0002	
 7.94500000000000E+0002	 8.76334121783241E-0002	
 7.96500000000000E+0002	 8.75188411501317E-0002	
 7.98500000000000E+0002	 8.72417701219393E-0002	
 8.00500000000000E+0002	 8.68586990937470E-0002	
 8.02500000000000E+0002	 8.64831280655546E-0002	
 8.04500000000000E+0002	 8.62420570373622E-0002	
 8.06500000000000E+0002	 8.60819860091698E-0002	
 8.08500000000000E+0002	 8.59439149809775E-0002	
 8.10500000000000E+0002	 8.57473439527851E-0002	
 8.12500000000000E+0002	 8.54757729245927E-0002	
 8.14500000000000E+0002	 8.51212018964004E-0002	
 8.16500000000000E+0002	 8.47091308682080E-0002	
 8.18500000000000E+0002	 8.42650598400156E-0002	
 8.20500000000000E+0002	 8.38239888118232E-0002	
 8.22500000000000E+0002	 8.34014177836309E-0002	
 8.24500000000000E+0002	 8.30208467554385E-0002	
 8.26500000000000E+0002	 8.26567757272461E-0002	
 8.28500000000000E+0002	 8.23167046990538E-0002	
 8.30500000000000E+0002	 8.19951336708614E-0002	
 8.32500000000000E+0002	 8.16955626426690E-0002	
 8.34500000000000E+0002	 8.13789916144766E-0002	
 8.36500000000000E+0002	 8.10539205862843E-0002	
 8.38500000000000E+0002	 8.07303495580919E-0002	
 8.40500000000000E+0002	 8.04262785298995E-0002	
 8.42500000000000E+0002	 8.01362075017072E-0002	
 8.44500000000000E+0002	 7.99026364735148E-0002	
 8.46500000000000E+0002	 7.97610654453224E-0002	
 8.48500000000000E+0002	 7.96854944171300E-0002	
 8.50500000000000E+0002	 7.96734233889377E-0002	
 8.52500000000000E+0002	 7.97538523607453E-0002	
 8.54500000000000E+0002	 7.98887813325529E-0002	
 8.56500000000000E+0002	 8.00302103043606E-0002	
 8.58500000000000E+0002	 8.01486392761682E-0002	
 8.60500000000000E+0002	 8.02105682479758E-0002	
 8.62500000000000E+0002	 8.01829972197834E-0002	
 8.64500000000000E+0002	 8.00804261915911E-0002	
 8.66500000000000E+0002	 7.99678551633987E-0002	
 8.68500000000000E+0002	 8.00812841352063E-0002	
 8.70500000000000E+0002	 8.07577131070139E-0002	
 8.72500000000000E+0002	 8.15351420788216E-0002	
 8.74500000000000E+0002	 8.14360710506292E-0002	
 8.76500000000000E+0002	 8.06810000224368E-0002	
 8.78500000000000E+0002	 7.98789289942445E-0002	
 8.80500000000000E+0002	 7.91573579660521E-0002	
 8.82500000000000E+0002	 7.85147869378597E-0002	
 8.84500000000000E+0002	 7.79347159096673E-0002	
 8.86500000000000E+0002	 7.73961448814750E-0002	
 8.88500000000000E+0002	 7.69365738532826E-0002	
 8.90500000000000E+0002	 7.65905028250902E-0002	
 8.92500000000000E+0002	 7.63504317968979E-0002	
 8.94500000000000E+0002	 7.61933607687055E-0002	
 8.96500000000000E+0002	 7.60952897405131E-0002	
 8.98500000000000E+0002	 7.60257187123207E-0002	
 9.00500000000000E+0002	 7.59986476841284E-0002	
 9.02500000000000E+0002	 7.60415766559360E-0002	
 9.04500000000000E+0002	 7.61940056277436E-0002	
 9.06500000000000E+0002	 7.64774345995513E-0002	
 9.08500000000000E+0002	 7.68543635713589E-0002	
 9.10500000000000E+0002	 7.72477925431665E-0002	
 9.12500000000000E+0002	 7.75577215149741E-0002	
 9.14500000000000E+0002	 7.76751504867818E-0002	
 9.16500000000000E+0002	 7.75735794585894E-0002	
 9.18500000000000E+0002	 7.72785084303970E-0002	
 9.20500000000000E+0002	 7.68799374022047E-0002	
 9.22500000000000E+0002	 7.64828663740123E-0002	
 9.24500000000000E+0002	 7.61887953458199E-0002	
 9.26500000000000E+0002	 7.60322243176275E-0002	
 9.28500000000000E+0002	 7.60246532894352E-0002	
 9.30500000000000E+0002	 7.61365822612428E-0002	
 9.32500000000000E+0002	 7.63260112330504E-0002	
 9.34500000000000E+0002	 7.65499402048581E-0002	
 9.36500000000000E+0002	 7.68353691766657E-0002	
 9.38500000000000E+0002	 7.72042981484733E-0002	
 9.40500000000000E+0002	 7.76687271202809E-0002	
 9.42500000000000E+0002	 7.82206560920886E-0002	
 9.44500000000000E+0002	 7.88660850638962E-0002	
 9.46500000000000E+0002	 7.95990140357038E-0002	
 9.48500000000000E+0002	 8.04074430075115E-0002	
 9.50500000000000E+0002	 8.12838719793191E-0002	
 9.52500000000000E+0002	 8.22618009511267E-0002	
 9.54500000000000E+0002	 8.33527299229343E-0002	
 9.56500000000000E+0002	 8.45476588947420E-0002	
 9.58500000000000E+0002	 8.57805878665496E-0002	
 9.60500000000000E+0002	 8.69780168383572E-0002	
 9.62500000000000E+0002	 8.80754458101649E-0002	
 9.64500000000000E+0002	 8.90118747819725E-0002	
 9.66500000000000E+0002	 8.97573037537801E-0002	
 9.68500000000000E+0002	 9.03187327255877E-0002	
 9.70500000000000E+0002	 9.07456616973954E-0002	
 9.72500000000000E+0002	 9.11345906692030E-0002	
 9.74500000000000E+0002	 9.15815196410106E-0002	
 9.76500000000000E+0002	 9.21469486128183E-0002	
 9.78500000000000E+0002	 9.28848775846259E-0002	
 9.80500000000000E+0002	 9.37853065564335E-0002	
 9.82500000000000E+0002	 9.48002355282411E-0002	
 9.84500000000000E+0002	 9.58161645000488E-0002	
 9.86500000000000E+0002	 9.67810934718564E-0002	
 9.88500000000000E+0002	 9.76740224436640E-0002	
 9.90500000000000E+0002	 9.84999514154717E-0002	
 9.92500000000000E+0002	 9.92343803872793E-0002	
 9.94500000000000E+0002	 9.98933093590869E-0002	
 9.96500000000000E+0002	 1.00510738330895E-0001	
 9.98500000000000E+0002	 1.01176167302702E-0001	
 1.00050000000000E+0003	 1.01944596274510E-0001	
 1.00250000000000E+0003	 1.02930025246317E-0001	
 1.00450000000000E+0003	 1.04164954218125E-0001	
 1.00650000000000E+0003	 1.05685883189933E-0001	
 1.00850000000000E+0003	 1.07416812161740E-0001	
 1.01050000000000E+0003	 1.09296741133548E-0001	
 1.01250000000000E+0003	 1.11244170105356E-0001	
 1.01450000000000E+0003	 1.13253099077163E-0001	
 1.01650000000000E+0003	 1.15285528048971E-0001	
 1.01850000000000E+0003	 1.17331457020778E-0001	
 1.02050000000000E+0003	 1.19336885992586E-0001	
 1.02250000000000E+0003	 1.21285814964394E-0001	
 1.02450000000000E+0003	 1.23153743936201E-0001	
 1.02650000000000E+0003	 1.24975672908009E-0001	
 1.02850000000000E+0003	 1.26704601879817E-0001	
 1.03050000000000E+0003	 1.28307030851624E-0001	
 1.03250000000000E+0003	 1.29732459823432E-0001	
 1.03450000000000E+0003	 1.30977888795239E-0001	
 1.03650000000000E+0003	 1.32049817767047E-0001	
 1.03850000000000E+0003	 1.32946746738855E-0001	
 1.04050000000000E+0003	 1.33649675710662E-0001	
 1.04250000000000E+0003	 1.34248104682470E-0001	
 1.04450000000000E+0003	 1.34817533654278E-0001	
 1.04650000000000E+0003	 1.35424462626085E-0001	
 1.04850000000000E+0003	 1.36127891597893E-0001	
 1.05050000000000E+0003	 1.36943320569701E-0001	
 1.05250000000000E+0003	 1.37808249541508E-0001	
 1.05450000000000E+0003	 1.38655678513316E-0001	
 1.05650000000000E+0003	 1.39434607485123E-0001	
 1.05850000000000E+0003	 1.40080536456931E-0001	
 1.06050000000000E+0003	 1.40535465428739E-0001	
 1.06250000000000E+0003	 1.40788894400546E-0001	
 1.06450000000000E+0003	 1.40931823372354E-0001	
 1.06650000000000E+0003	 1.41063752344162E-0001	
 1.06850000000000E+0003	 1.41217681315969E-0001	
 1.07050000000000E+0003	 1.41382110287777E-0001	
 1.07250000000000E+0003	 1.41558039259584E-0001	
 1.07450000000000E+0003	 1.41723468231392E-0001	
 1.07650000000000E+0003	 1.41866897203200E-0001	
 1.07850000000000E+0003	 1.41985326175007E-0001	
 1.08050000000000E+0003	 1.42066755146815E-0001	
 1.08250000000000E+0003	 1.42098184118623E-0001	
 1.08450000000000E+0003	 1.42079113090430E-0001	
 1.08650000000000E+0003	 1.41975042062238E-0001	
 1.08850000000000E+0003	 1.41695971034045E-0001	
 1.09050000000000E+0003	 1.41174400005853E-0001	
 1.09250000000000E+0003	 1.40363828977661E-0001	
 1.09450000000000E+0003	 1.39293757949468E-0001	
 1.09650000000000E+0003	 1.38090686921276E-0001	
 1.09850000000000E+0003	 1.36899115893084E-0001	
 1.10050000000000E+0003	 1.35794044864891E-0001	
 1.10250000000000E+0003	 1.34757973836699E-0001	
 1.10450000000000E+0003	 1.33724902808506E-0001	
 1.10650000000000E+0003	 1.32691831780314E-0001	
 1.10850000000000E+0003	 1.31711260752122E-0001	
 1.11050000000000E+0003	 1.30843689723929E-0001	
 1.11250000000000E+0003	 1.30043118695737E-0001	
 1.11450000000000E+0003	 1.29199047667545E-0001	
 1.11650000000000E+0003	 1.28224476639352E-0001	
 1.11850000000000E+0003	 1.27098905611160E-0001	
 1.12050000000000E+0003	 1.25819834582968E-0001	
 1.12250000000000E+0003	 1.24404263554775E-0001	
 1.12450000000000E+0003	 1.22869692526583E-0001	
 1.12650000000000E+0003	 1.21175621498390E-0001	
 1.12850000000000E+0003	 1.19263550470198E-0001	
 1.13050000000000E+0003	 1.17165979442006E-0001	
 1.13250000000000E+0003	 1.15064908413813E-0001	
 1.13450000000000E+0003	 1.13120837385621E-0001	
 1.13650000000000E+0003	 1.11398766357429E-0001	
 1.13850000000000E+0003	 1.09958695329236E-0001	
 1.14050000000000E+0003	 1.08837124301044E-0001	
 1.14250000000000E+0003	 1.08028053272851E-0001	
 1.14450000000000E+0003	 1.07501982244659E-0001	
 1.14650000000000E+0003	 1.07139411216467E-0001	
 1.14850000000000E+0003	 1.06807340188274E-0001	
 1.15050000000000E+0003	 1.06411269160082E-0001	
 1.15250000000000E+0003	 1.05947698131890E-0001	
 1.15450000000000E+0003	 1.05392627103697E-0001	
 1.15650000000000E+0003	 1.04753056075505E-0001	
 1.15850000000000E+0003	 1.04066985047312E-0001	
 1.16050000000000E+0003	 1.03379914019120E-0001	
 1.16250000000000E+0003	 1.02667342990928E-0001	
 1.16450000000000E+0003	 1.01923271962735E-0001	
 1.16650000000000E+0003	 1.01136700934543E-0001	
 1.16850000000000E+0003	 1.00335629906351E-0001	
 1.17050000000000E+0003	 9.94910588781582E-0002	
 1.17250000000000E+0003	 9.85334878499659E-0002	
 1.17450000000000E+0003	 9.74234168217735E-0002	
 1.17650000000000E+0003	 9.62203457935811E-0002	
 1.17850000000000E+0003	 9.50147747653887E-0002	
 1.18050000000000E+0003	 9.39347037371964E-0002	
 1.18250000000000E+0003	 9.30856327090040E-0002	
 1.18450000000000E+0003	 9.25540616808116E-0002	
 1.18650000000000E+0003	 9.23519906526193E-0002	
 1.18850000000000E+0003	 9.24904196244269E-0002	
 1.19050000000000E+0003	 9.29518485962345E-0002	
 1.19250000000000E+0003	 9.37372775680421E-0002	
 1.19450000000000E+0003	 9.48127065398498E-0002	
 1.19650000000000E+0003	 9.61266355116574E-0002	
 1.19850000000000E+0003	 9.76190644834650E-0002	
 1.20050000000000E+0003	 9.93009934552727E-0002	
 1.20250000000000E+0003	 1.01161922427080E-0001	
 1.20450000000000E+0003	 1.03161851398888E-0001	
 1.20650000000000E+0003	 1.05269780370696E-0001	
 1.20850000000000E+0003	 1.07541209342503E-0001	
 1.21050000000000E+0003	 1.10149138314311E-0001	
 1.21250000000000E+0003	 1.13409567286118E-0001	
 1.21450000000000E+0003	 1.17647496257926E-0001	
 1.21650000000000E+0003	 1.22946425229734E-0001	
 1.21850000000000E+0003	 1.28803354201541E-0001	
 1.22050000000000E+0003	 1.34028283173349E-0001	
 1.22250000000000E+0003	 1.37102212145157E-0001	
 1.22450000000000E+0003	 1.37442141116964E-0001	
 1.22650000000000E+0003	 1.36172570088772E-0001	
 1.22850000000000E+0003	 1.34611999060579E-0001	
 1.23050000000000E+0003	 1.33053928032387E-0001	
 1.23250000000000E+0003	 1.31407357004195E-0001	
 1.23450000000000E+0003	 1.29770785976002E-0001	
 1.23650000000000E+0003	 1.28298214947810E-0001	
 1.23850000000000E+0003	 1.27027643919618E-0001	
 1.24050000000000E+0003	 1.25940072891425E-0001	
 1.24250000000000E+0003	 1.24968001863233E-0001	
 1.24450000000000E+0003	 1.24048930835040E-0001	
 1.24650000000000E+0003	 1.23099359806848E-0001	
 1.24850000000000E+0003	 1.22080288778656E-0001	
 1.25050000000000E+0003	 1.20976217750463E-0001	
 1.25250000000000E+0003	 1.19775146722271E-0001	
 1.25450000000000E+0003	 1.18491575694079E-0001	
 1.25650000000000E+0003	 1.17180504665886E-0001	
 1.25850000000000E+0003	 1.15854933637694E-0001	
 1.26050000000000E+0003	 1.14514862609502E-0001	
 1.26250000000000E+0003	 1.13109291581309E-0001	
 1.26450000000000E+0003	 1.11632720553117E-0001	
 1.26650000000000E+0003	 1.10171649524924E-0001	
 1.26850000000000E+0003	 1.08856578496732E-0001	
 1.27050000000000E+0003	 1.07782507468540E-0001	
 1.27250000000000E+0003	 1.06939436440347E-0001	
 1.27450000000000E+0003	 1.06230365412155E-0001	
 1.27650000000000E+0003	 1.05653294383963E-0001	
 1.27850000000000E+0003	 1.05227723355770E-0001	
 1.28050000000000E+0003	 1.04926652327578E-0001	
 1.28250000000000E+0003	 1.04657581299385E-0001	
 1.28450000000000E+0003	 1.04355510271193E-0001	
 1.28650000000000E+0003	 1.04049939243001E-0001	
 1.28850000000000E+0003	 1.03803868214808E-0001	
 1.29050000000000E+0003	 1.03640297186616E-0001	
 1.29250000000000E+0003	 1.03538226158424E-0001	
 1.29450000000000E+0003	 1.03469655130231E-0001	
 1.29650000000000E+0003	 1.03453084102039E-0001	
 1.29850000000000E+0003	 1.03534513073846E-0001	
 1.30050000000000E+0003	 1.03695442045654E-0001	
 1.30250000000000E+0003	 1.03907871017462E-0001	
 1.30450000000000E+0003	 1.04143299989269E-0001	
 1.30650000000000E+0003	 1.04381728961077E-0001	
 1.30850000000000E+0003	 1.04639657932885E-0001	
 1.31050000000000E+0003	 1.04843586904692E-0001	
 1.31250000000000E+0003	 1.04980015876500E-0001	
 1.31450000000000E+0003	 1.05057444848307E-0001	
 1.31650000000000E+0003	 1.05001873820115E-0001	
 1.31850000000000E+0003	 1.04877802791923E-0001	
 1.32050000000000E+0003	 1.04693231763730E-0001	
 1.32250000000000E+0003	 1.04383660735538E-0001	
 1.32450000000000E+0003	 1.04105089707346E-0001	
 1.32650000000000E+0003	 1.03923018679153E-0001	
 1.32850000000000E+0003	 1.03875947650961E-0001	
 1.33050000000000E+0003	 1.03960376622769E-0001	
 1.33250000000000E+0003	 1.04168805594576E-0001	
 1.33450000000000E+0003	 1.04384734566384E-0001	
 1.33650000000000E+0003	 1.04570663538191E-0001	
 1.33850000000000E+0003	 1.04940092509999E-0001	
 1.34050000000000E+0003	 1.05717521481807E-0001	
 1.34250000000000E+0003	 1.06544450453614E-0001	
 1.34450000000000E+0003	 1.07387379425422E-0001	
 1.34650000000000E+0003	 1.08478308397230E-0001	
 1.34850000000000E+0003	 1.10103237369037E-0001	
 1.35050000000000E+0003	 1.12415166340845E-0001	
 1.35250000000000E+0003	 1.15385095312652E-0001	
 1.35450000000000E+0003	 1.18842024284460E-0001	
 1.35650000000000E+0003	 1.22255953256268E-0001	
 1.35850000000000E+0003	 1.25126382228075E-0001	
 1.36050000000000E+0003	 1.27413811199883E-0001	
 1.36250000000000E+0003	 1.29545240171691E-0001	
 1.36450000000000E+0003	 1.31245669143498E-0001	
 1.36650000000000E+0003	 1.31598598115306E-0001	
 1.36850000000000E+0003	 1.30551027087113E-0001	
 1.37050000000000E+0003	 1.28561956058921E-0001	
 1.37250000000000E+0003	 1.26315385030729E-0001	
 1.37450000000000E+0003	 1.24664814002536E-0001	
 1.37650000000000E+0003	 1.23665742974344E-0001	
 1.37850000000000E+0003	 1.23058171946152E-0001	
 1.38050000000000E+0003	 1.22947100917959E-0001	
 1.38250000000000E+0003	 1.23217029889767E-0001	
 1.38450000000000E+0003	 1.23511958861574E-0001	
 1.38650000000000E+0003	 1.23670887833382E-0001	
 1.38850000000000E+0003	 1.24184316805190E-0001	
 1.39050000000000E+0003	 1.24996245776997E-0001	
 1.39250000000000E+0003	 1.25653674748805E-0001	
 1.39450000000000E+0003	 1.26210603720613E-0001	
 1.39650000000000E+0003	 1.27036032692420E-0001	
 1.39850000000000E+0003	 1.27749961664228E-0001	
 1.40050000000000E+0003	 1.28416390636036E-0001	
 1.40250000000000E+0003	 1.28695819607843E-0001	
 1.40450000000000E+0003	 1.28552248579651E-0001	
 1.40650000000000E+0003	 1.28430177551458E-0001	
 1.40850000000000E+0003	 1.28157606523266E-0001	
 1.41050000000000E+0003	 1.27828035495074E-0001	
 1.41250000000000E+0003	 1.27515964466881E-0001	
 1.41450000000000E+0003	 1.27036393438689E-0001	
 1.41650000000000E+0003	 1.26109822410497E-0001	
 1.41850000000000E+0003	 1.25136251382304E-0001	
 1.42050000000000E+0003	 1.24208180354112E-0001	
 1.42250000000000E+0003	 1.23511109325919E-0001	
 1.42450000000000E+0003	 1.22609538297727E-0001	
 1.42650000000000E+0003	 1.21354467269535E-0001	
 1.42850000000000E+0003	 1.20191396241342E-0001	
 1.43050000000000E+0003	 1.19613825213150E-0001	
 1.43250000000000E+0003	 1.19377754184958E-0001	
 1.43450000000000E+0003	 1.19064183156765E-0001	
 1.43650000000000E+0003	 1.18588112128573E-0001	
 1.43850000000000E+0003	 1.19458041100380E-0001	
 1.44050000000000E+0003	 1.20746470072188E-0001	
 1.44250000000000E+0003	 1.21357899043996E-0001	
 1.44450000000000E+0003	 1.21449828015803E-0001	
 1.44650000000000E+0003	 1.21332756987611E-0001	
 1.44850000000000E+0003	 1.21248685959419E-0001	
 1.45050000000000E+0003	 1.21373614931226E-0001	
 1.45250000000000E+0003	 1.21336043903034E-0001	
 1.45450000000000E+0003	 1.20737972874841E-0001	
 1.45650000000000E+0003	 1.19297901846649E-0001	
 1.45850000000000E+0003	 1.18714330818457E-0001	
 1.46050000000000E+0003	 1.18082759790264E-0001	
 1.46250000000000E+0003	 1.17460188762072E-0001	
 1.46450000000000E+0003	 1.16307617733880E-0001	
 1.46650000000000E+0003	 1.15445046705687E-0001	
 1.46850000000000E+0003	 1.14476975677495E-0001	
 1.47050000000000E+0003	 1.12716404649303E-0001	
 1.47250000000000E+0003	 1.10382333621110E-0001	
 1.47450000000000E+0003	 1.08384762592918E-0001	
 1.47650000000000E+0003	 1.06951691564725E-0001	
 1.47850000000000E+0003	 1.06428120536533E-0001	
 1.48050000000000E+0003	 1.06383049508341E-0001	
 1.48250000000000E+0003	 1.06597478480148E-0001	
 1.48450000000000E+0003	 1.06829907451956E-0001	
 1.48650000000000E+0003	 1.07256836423764E-0001	
 1.48850000000000E+0003	 1.08054265395571E-0001	
 1.49050000000000E+0003	 1.09532194367379E-0001	
 1.49250000000000E+0003	 1.11282123339186E-0001	
 1.49450000000000E+0003	 1.13263552310994E-0001	
 1.49650000000000E+0003	 1.15117981282802E-0001	
 1.49850000000000E+0003	 1.17306410254609E-0001	
 1.50050000000000E+0003	 1.19368339226417E-0001	
 1.50250000000000E+0003	 1.21553268198225E-0001	
 1.50450000000000E+0003	 1.22884697170032E-0001	
 1.50650000000000E+0003	 1.25096626141840E-0001	
 1.50850000000000E+0003	 1.28930555113647E-0001	
 1.51050000000000E+0003	 1.31557484085455E-0001	
 1.51250000000000E+0003	 1.34530913057263E-0001	
 1.51450000000000E+0003	 1.37149342029070E-0001	
 1.51650000000000E+0003	 1.39701771000878E-0001	
 1.51850000000000E+0003	 1.41900699972686E-0001	
 1.52050000000000E+0003	 1.43343128944493E-0001	
 1.52250000000000E+0003	 1.45607557916301E-0001	
 1.52450000000000E+0003	 1.47208486888108E-0001	
 1.52650000000000E+0003	 1.49267415859916E-0001	
 1.52850000000000E+0003	 1.51633344831724E-0001	
 1.53050000000000E+0003	 1.53576273803531E-0001	
 1.53250000000000E+0003	 1.55250202775339E-0001	
 1.53450000000000E+0003	 1.57731631747147E-0001	
 1.53650000000000E+0003	 1.59611060718954E-0001	
 1.53850000000000E+0003	 1.61067989690762E-0001	
 1.54050000000000E+0003	 1.63552918662570E-0001	
 1.54250000000000E+0003	 1.64052347634377E-0001	
 1.54450000000000E+0003	 1.64097776606185E-0001	
 1.54650000000000E+0003	 1.64116205577992E-0001	
 1.54850000000000E+0003	 1.63795134549800E-0001	
 1.55050000000000E+0003	 1.63008063521608E-0001	
 1.55250000000000E+0003	 1.61686992493415E-0001	
 1.55450000000000E+0003	 1.59700921465223E-0001	
 1.55650000000000E+0003	 1.57169350437031E-0001	
 1.55850000000000E+0003	 1.54375279408838E-0001	
 1.56050000000000E+0003	 1.52317208380646E-0001	
 1.56250000000000E+0003	 1.50609637352453E-0001	
 1.56450000000000E+0003	 1.49713066324261E-0001	
 1.56650000000000E+0003	 1.47885495296069E-0001	
 1.56850000000000E+0003	 1.46113924267876E-0001	
 1.57050000000000E+0003	 1.44692853239684E-0001	
 1.57250000000000E+0003	 1.43344782211492E-0001	
 1.57450000000000E+0003	 1.42455711183299E-0001	
 1.57650000000000E+0003	 1.41563640155107E-0001	
 1.57850000000000E+0003	 1.39600069126914E-0001	
 1.58050000000000E+0003	 1.38154498098722E-0001	
 1.58250000000000E+0003	 1.36933927070530E-0001	
 1.58450000000000E+0003	 1.36056356042337E-0001	
 1.58650000000000E+0003	 1.35395285014145E-0001	
 1.58850000000000E+0003	 1.35155213985953E-0001	
 1.59050000000000E+0003	 1.35157142957760E-0001	
 1.59250000000000E+0003	 1.35532571929568E-0001	
 1.59450000000000E+0003	 1.36085000901375E-0001	
 1.59650000000000E+0003	 1.36888929873183E-0001	
 1.59850000000000E+0003	 1.37623358844991E-0001	
 1.60050000000000E+0003	 1.38760787816798E-0001	
 1.60250000000000E+0003	 1.40197216788606E-0001	
 1.60450000000000E+0003	 1.41939645760414E-0001	
 1.60650000000000E+0003	 1.43826574732221E-0001	
 1.60850000000000E+0003	 1.46360003704029E-0001	
 1.61050000000000E+0003	 1.49170932675837E-0001	
 1.61250000000000E+0003	 1.52281361647644E-0001	
 1.61450000000000E+0003	 1.55527790619452E-0001	
 1.61650000000000E+0003	 1.59985719591259E-0001	
 1.61850000000000E+0003	 1.64138148563067E-0001	
 1.62050000000000E+0003	 1.67540077534875E-0001	
 1.62250000000000E+0003	 1.71704506506682E-0001	
 1.62450000000000E+0003	 1.76561935478490E-0001	
 1.62650000000000E+0003	 1.80782364450298E-0001	
 1.62850000000000E+0003	 1.85303293422105E-0001	
 1.63050000000000E+0003	 1.89358722393913E-0001	
 1.63250000000000E+0003	 1.92422651365720E-0001	
 1.63450000000000E+0003	 1.94778580337528E-0001	
 1.63650000000000E+0003	 1.98388009309336E-0001	
 1.63850000000000E+0003	 2.00763938281143E-0001	
 1.64050000000000E+0003	 2.02367867252951E-0001	
 1.64250000000000E+0003	 2.03526796224759E-0001	
 1.64450000000000E+0003	 2.04107225196566E-0001	
 1.64650000000000E+0003	 2.05178654168374E-0001	
 1.64850000000000E+0003	 2.06924583140181E-0001	
 1.65050000000000E+0003	 2.07742512111989E-0001	
 1.65250000000000E+0003	 2.07886941083797E-0001	
 1.65450000000000E+0003	 2.08705870055604E-0001	
 1.65650000000000E+0003	 2.08657799027412E-0001	
 1.65850000000000E+0003	 2.08871727999220E-0001	
 1.66050000000000E+0003	 2.07807156971027E-0001	
 1.66250000000000E+0003	 2.06298585942835E-0001	
 1.66450000000000E+0003	 2.04448514914642E-0001	
 1.66650000000000E+0003	 2.02307443886450E-0001	
 1.66850000000000E+0003	 1.99909372858258E-0001	
 1.67050000000000E+0003	 1.97783801830065E-0001	
 1.67250000000000E+0003	 1.95611230801873E-0001	
 1.67450000000000E+0003	 1.93118159773681E-0001	
 1.67650000000000E+0003	 1.90663588745488E-0001	
 1.67850000000000E+0003	 1.89072017717296E-0001	
 1.68050000000000E+0003	 1.87394946689104E-0001	
 1.68250000000000E+0003	 1.85100875660911E-0001	
 1.68450000000000E+0003	 1.83598804632719E-0001	
 1.68650000000000E+0003	 1.81387233604526E-0001	
 1.68850000000000E+0003	 1.79628662576334E-0001	
 1.69050000000000E+0003	 1.78195091548142E-0001	
 1.69250000000000E+0003	 1.76437520519949E-0001	
 1.69450000000000E+0003	 1.74935949491757E-0001	
 1.69650000000000E+0003	 1.74158878463565E-0001	
 1.69850000000000E+0003	 1.73720307435372E-0001	
 1.70050000000000E+0003	 1.73850236407180E-0001	
 1.70250000000000E+0003	 1.76549665378987E-0001	
 1.70450000000000E+0003	 1.80974594350795E-0001	
 1.70650000000000E+0003	 1.85652523322603E-0001	
 1.70850000000000E+0003	 1.89493952294410E-0001	
 1.71050000000000E+0003	 1.92668381266218E-0001	
 1.71250000000000E+0003	 1.94320310238026E-0001	
 1.71450000000000E+0003	 1.93684239209833E-0001	
 1.71650000000000E+0003	 1.89718168181641E-0001	
 1.71850000000000E+0003	 1.80094097153448E-0001	
 1.72050000000000E+0003	 1.68759026125256E-0001	
 1.72250000000000E+0003	 1.59125955097064E-0001	
 1.72450000000000E+0003	 1.49954884068871E-0001	
 1.72650000000000E+0003	 1.42561313040679E-0001	
 1.72850000000000E+0003	 1.36913742012487E-0001	
 1.73050000000000E+0003	 1.32778670984294E-0001	
 1.73250000000000E+0003	 1.29622099956102E-0001	
 1.73450000000000E+0003	 1.26575528927909E-0001	
 1.73650000000000E+0003	 1.24377457899717E-0001	
 1.73850000000000E+0003	 1.23352886871525E-0001	
 1.74050000000000E+0003	 1.21712315843332E-0001	
 1.74250000000000E+0003	 1.19965244815140E-0001	
 1.74450000000000E+0003	 1.18497173786948E-0001	
 1.74650000000000E+0003	 1.16819102758755E-0001	
 1.74850000000000E+0003	 1.14937031730563E-0001	
 1.75050000000000E+0003	 1.12486460702371E-0001	
 1.75250000000000E+0003	 1.09705389674178E-0001	
 1.75450000000000E+0003	 1.07512318645986E-0001	
 1.75650000000000E+0003	 1.05095247617793E-0001	
 1.75850000000000E+0003	 1.02660676589601E-0001	
 1.76050000000000E+0003	 1.00366105561409E-0001	
 1.76250000000000E+0003	 9.81295345332163E-0002	
 1.76450000000000E+0003	 9.60269635050239E-0002	
 1.76650000000000E+0003	 9.40668924768315E-0002	
 1.76850000000000E+0003	 9.18948214486392E-0002	
 1.77050000000000E+0003	 9.06197504204468E-0002	
 1.77250000000000E+0003	 8.99236793922544E-0002	
 1.77450000000000E+0003	 8.85006083640620E-0002	
 1.77650000000000E+0003	 8.72845373358697E-0002	
 1.77850000000000E+0003	 8.62899663076773E-0002	
 1.78050000000000E+0003	 8.53798952794849E-0002	
 1.78250000000000E+0003	 8.44678242512926E-0002	
 1.78450000000000E+0003	 8.33032532231002E-0002	
 1.78650000000000E+0003	 8.24971821949078E-0002	
 1.78850000000000E+0003	 8.18146111667154E-0002	
 1.79050000000000E+0003	 8.09210401385231E-0002	
 1.79250000000000E+0003	 8.02224691103307E-0002	
 1.79450000000000E+0003	 7.97228980821383E-0002	
 1.79650000000000E+0003	 7.93443270539460E-0002	
 1.79850000000000E+0003	 7.87372560257536E-0002	
 1.80050000000000E+0003	 7.79236849975612E-0002	
 1.80250000000000E+0003	 7.73146139693688E-0002	
 1.80450000000000E+0003	 7.68905429411765E-0002	
 1.80650000000000E+0003	 7.64799719129841E-0002	
 1.80850000000000E+0003	 7.59009008847917E-0002	
 1.81050000000000E+0003	 7.54823298565994E-0002	
 1.81250000000000E+0003	 7.50417588284070E-0002	
 1.81450000000000E+0003	 7.45006878002146E-0002	
 1.81650000000000E+0003	 7.39076167720222E-0002	
 1.81850000000000E+0003	 7.34650457438299E-0002	
 1.82050000000000E+0003	 7.30604747156375E-0002	
 1.82250000000000E+0003	 7.25349036874451E-0002	
 1.82450000000000E+0003	 7.18908326592528E-0002	
 1.82650000000000E+0003	 7.14732616310604E-0002	
 1.82850000000000E+0003	 7.12771906028680E-0002	
 1.83050000000000E+0003	 7.12011195746756E-0002	
 1.83250000000000E+0003	 7.06615485464833E-0002	
 1.83450000000000E+0003	 7.03614775182909E-0002	
 1.83650000000000E+0003	 7.01714064900985E-0002	
 1.83850000000000E+0003	 6.99023354619062E-0002	
 1.84050000000000E+0003	 6.94037644337138E-0002	
 1.84250000000000E+0003	 6.87391934055214E-0002	
 1.84450000000000E+0003	 6.81821223773290E-0002	
 1.84650000000000E+0003	 6.80350513491367E-0002	
 1.84850000000000E+0003	 6.82259803209443E-0002	
 1.85050000000000E+0003	 6.81604092927519E-0002	
 1.85250000000000E+0003	 6.79378382645596E-0002	
 1.85450000000000E+0003	 6.77132672363672E-0002	
 1.85650000000000E+0003	 6.74566962081748E-0002	
 1.85850000000000E+0003	 6.72261251799824E-0002	
 1.86050000000000E+0003	 6.69780541517901E-0002	
 1.86250000000000E+0003	 6.67304831235977E-0002	
 1.86450000000000E+0003	 6.64574120954053E-0002	
 1.86650000000000E+0003	 6.62153410672130E-0002	
 1.86850000000000E+0003	 6.60782700390206E-0002	
 1.87050000000000E+0003	 6.57881990108282E-0002	
 1.87250000000000E+0003	 6.56076279826358E-0002	
 1.87450000000000E+0003	 6.56165569544435E-0002	
 1.87650000000000E+0003	 6.54964859262511E-0002	
 1.87850000000000E+0003	 6.53459148980587E-0002	
 1.88050000000000E+0003	 6.51908438698664E-0002	
 1.88250000000000E+0003	 6.50472728416740E-0002	
 1.88450000000000E+0003	 6.49382018134816E-0002	
 1.88650000000000E+0003	 6.47286307852892E-0002	
 1.88850000000000E+0003	 6.44940597570969E-0002	
 1.89050000000000E+0003	 6.44234887289045E-0002	
 1.89250000000000E+0003	 6.42719177007121E-0002	
 1.89450000000000E+0003	 6.42143466725198E-0002	
 1.89650000000000E+0003	 6.41742756443274E-0002	
 1.89850000000000E+0003	 6.39967046161350E-0002	
 1.90050000000000E+0003	 6.38561335879426E-0002	
 1.90250000000000E+0003	 6.37420625597503E-0002	
 1.90450000000000E+0003	 6.36459915315579E-0002	
 1.90650000000000E+0003	 6.35074205033655E-0002	
 1.90850000000000E+0003	 6.34488494751732E-0002	
 1.91050000000000E+0003	 6.34127784469808E-0002	
 1.91250000000000E+0003	 6.32462074187884E-0002	
 1.91450000000000E+0003	 6.30021363905960E-0002	
 1.91650000000000E+0003	 6.27040653624037E-0002	
 1.91850000000000E+0003	 6.24999943342113E-0002	
 1.92050000000000E+0003	 6.24799233060189E-0002	
 1.92250000000000E+0003	 6.26638522778266E-0002	
 1.92450000000000E+0003	 6.27592812496342E-0002	
 1.92650000000000E+0003	 6.26182102214418E-0002	
 1.92850000000000E+0003	 6.25516391932494E-0002	
 1.93050000000000E+0003	 6.24845681650571E-0002	
 1.93250000000000E+0003	 6.24324971368647E-0002	
 1.93450000000000E+0003	 6.23709261086723E-0002	
 1.93650000000000E+0003	 6.23078550804800E-0002	
 1.93850000000000E+0003	 6.22057840522876E-0002	
 1.94050000000000E+0003	 6.20327130240952E-0002	
 1.94250000000000E+0003	 6.20121419959028E-0002	
 1.94450000000000E+0003	 6.21065709677105E-0002	
 1.94650000000000E+0003	 6.21364999395181E-0002	
 1.94850000000000E+0003	 6.21039289113257E-0002	
 1.95050000000000E+0003	 6.20223578831334E-0002	
 1.95250000000000E+0003	 6.19877868549410E-0002	
 1.95450000000000E+0003	 6.19662158267486E-0002	
 1.95650000000000E+0003	 6.19531447985562E-0002	
 1.95850000000000E+0003	 6.18985737703639E-0002	
 1.96050000000000E+0003	 6.18635027421715E-0002	
 1.96250000000000E+0003	 6.18419317139791E-0002	
 1.96450000000000E+0003	 6.17658606857868E-0002	
 1.96650000000000E+0003	 6.17607896575944E-0002	
 1.96850000000000E+0003	 6.17997186294020E-0002	
 1.97050000000000E+0003	 6.17411476012096E-0002	
 1.97250000000000E+0003	 6.17100765730173E-0002	
 1.97450000000000E+0003	 6.17050055448249E-0002	
 1.97650000000000E+0003	 6.17004345166325E-0002	
 1.97850000000000E+0003	 6.16873634884402E-0002	
 1.98050000000000E+0003	 6.16672924602478E-0002	
 1.98250000000000E+0003	 6.16532214320554E-0002	
 1.98450000000000E+0003	 6.16311504038630E-0002	
 1.98650000000000E+0003	 6.16070793756707E-0002	
 1.98850000000000E+0003	 6.15785083474783E-0002	
 1.99050000000000E+0003	 6.15154373192859E-0002	
 1.99250000000000E+0003	 6.15448662910936E-0002	
 1.99450000000000E+0003	 6.16007952629012E-0002	
 1.99650000000000E+0003	 6.16127242347088E-0002	
 1.99850000000000E+0003	 6.16401532065164E-0002	
 2.00050000000000E+0003	 6.16455821783241E-0002	
 2.00250000000000E+0003	 6.16425111501317E-0002	
 2.00450000000000E+0003	 6.16369401219393E-0002	
 2.00650000000000E+0003	 6.16393690937470E-0002	
 2.00850000000000E+0003	 6.16487980655546E-0002	
 2.01050000000000E+0003	 6.16602270373622E-0002	
 2.01250000000000E+0003	 6.16566560091698E-0002	
 2.01450000000000E+0003	 6.16300849809775E-0002	
 2.01650000000000E+0003	 6.16400139527851E-0002	
 2.01850000000000E+0003	 6.17004429245927E-0002	
 2.02050000000000E+0003	 6.17163718964004E-0002	
 2.02250000000000E+0003	 6.17283008682080E-0002	
 2.02450000000000E+0003	 6.17512298400156E-0002	
 2.02650000000000E+0003	 6.17816588118232E-0002	
 2.02850000000000E+0003	 6.18030877836309E-0002	
 2.03050000000000E+0003	 6.18175167554385E-0002	
 2.03250000000000E+0003	 6.18329457272461E-0002	
 2.03450000000000E+0003	 6.18488746990538E-0002	
 2.03650000000000E+0003	 6.18658036708614E-0002	
 2.03850000000000E+0003	 6.18697326426690E-0002	
 2.04050000000000E+0003	 6.18816616144766E-0002	
 2.04250000000000E+0003	 6.19195905862843E-0002	
 2.04450000000000E+0003	 6.19380195580919E-0002	
 2.04650000000000E+0003	 6.19479485298995E-0002	
 2.04850000000000E+0003	 6.19613775017072E-0002	
 2.05050000000000E+0003	 6.19783064735148E-0002	
 2.05250000000000E+0003	 6.19892354453224E-0002	
 2.05450000000000E+0003	 6.19996644171300E-0002	
 2.05650000000000E+0003	 6.20080933889377E-0002	
 2.05850000000000E+0003	 6.20205223607453E-0002	
 2.06050000000000E+0003	 6.20339513325529E-0002	
 2.06250000000000E+0003	 6.20243803043606E-0002	
 2.06450000000000E+0003	 6.20253092761682E-0002	
 2.06650000000000E+0003	 6.20552382479758E-0002	
 2.06850000000000E+0003	 6.20626672197834E-0002	
 2.07050000000000E+0003	 6.20725961915911E-0002	
 2.07250000000000E+0003	 6.20800251633987E-0002	
 2.07450000000000E+0003	 6.20884541352063E-0002	
 2.07650000000000E+0003	 6.20938831070139E-0002	
 2.07850000000000E+0003	 6.20988120788216E-0002	
 2.08050000000000E+0003	 6.21042410506292E-0002	
 2.08250000000000E+0003	 6.21081700224368E-0002	
 2.08450000000000E+0003	 6.21130989942445E-0002	
 2.08650000000000E+0003	 6.21135279660521E-0002	
 2.08850000000000E+0003	 6.21159569378597E-0002	
 2.09050000000000E+0003	 6.21278859096673E-0002	
 2.09250000000000E+0003	 6.21378148814750E-0002	
 2.09450000000000E+0003	 6.21432438532826E-0002	
 2.09650000000000E+0003	 6.21511728250902E-0002	
 2.09850000000000E+0003	 6.21551017968979E-0002	
 2.10050000000000E+0003	 6.21560307687055E-0002	
 2.10250000000000E+0003	 6.21594597405131E-0002	
 2.10450000000000E+0003	 6.21638887123207E-0002	
 2.10650000000000E+0003	 6.21668176841284E-0002	
 2.10850000000000E+0003	 6.21617466559360E-0002	
 2.11050000000000E+0003	 6.21546756277436E-0002	
 2.11250000000000E+0003	 6.21416045995513E-0002	
 2.11450000000000E+0003	 6.21325335713589E-0002	
 2.11650000000000E+0003	 6.21264625431665E-0002	
 2.11850000000000E+0003	 6.21228915149741E-0002	
 2.12050000000000E+0003	 6.21148204867818E-0002	
 2.12250000000000E+0003	 6.21067494585894E-0002	
 2.12450000000000E+0003	 6.20956784303970E-0002	
 2.12650000000000E+0003	 6.20871074022047E-0002	
 2.12850000000000E+0003	 6.20770363740123E-0002	
 2.13050000000000E+0003	 6.20679653458199E-0002	
 2.13250000000000E+0003	 6.20568943176275E-0002	
 2.13450000000000E+0003	 6.20448232894352E-0002	
 2.13650000000000E+0003	 6.20337522612428E-0002	
 2.13850000000000E+0003	 6.20251812330504E-0002	
 2.14050000000000E+0003	 6.20151102048581E-0002	
 2.14250000000000E+0003	 6.20040391766657E-0002	
 2.14450000000000E+0003	 6.19844681484733E-0002	
 2.14650000000000E+0003	 6.19563971202809E-0002	
 2.14850000000000E+0003	 6.19218260920886E-0002	
 2.15050000000000E+0003	 6.18767550638962E-0002	
 2.15250000000000E+0003	 6.18271840357038E-0002	
 2.15450000000000E+0003	 6.17746130075115E-0002	
 2.15650000000000E+0003	 6.17210419793191E-0002	
 2.15850000000000E+0003	 6.16634709511267E-0002	
 2.16050000000000E+0003	 6.16033999229343E-0002	
 2.16250000000000E+0003	 6.15468288947420E-0002	
 2.16450000000000E+0003	 6.14967578665496E-0002	
 2.16650000000000E+0003	 6.14456868383572E-0002	
 2.16850000000000E+0003	 6.14031158101649E-0002	
 2.17050000000000E+0003	 6.13565447819725E-0002	
 2.17250000000000E+0003	 6.12979737537801E-0002	
 2.17450000000000E+0003	 6.12434027255877E-0002	
 2.17650000000000E+0003	 6.11948316973954E-0002	
 2.17850000000000E+0003	 6.11517606692030E-0002	
 2.18050000000000E+0003	 6.11116896410106E-0002	
 2.18250000000000E+0003	 6.10736186128183E-0002	
 2.18450000000000E+0003	 6.10380475846259E-0002	
 2.18650000000000E+0003	 6.10039765564335E-0002	
 2.18850000000000E+0003	 6.09694055282411E-0002	
 2.19050000000000E+0003	 6.09393345000488E-0002	
 2.19250000000000E+0003	 6.09042634718564E-0002	
 2.19450000000000E+0003	 6.08711924436640E-0002	
 2.19650000000000E+0003	 6.08356214154717E-0002	
 2.19850000000000E+0003	 6.08000503872793E-0002	
 2.20050000000000E+0003	 6.07659793590869E-0002	
 2.20250000000000E+0003	 6.07404083308945E-0002	
 2.20450000000000E+0003	 6.07098373027022E-0002	
 2.20650000000000E+0003	 6.06817662745098E-0002	
 2.20850000000000E+0003	 6.06516952463174E-0002	
 2.21050000000000E+0003	 6.06286242181251E-0002	
 2.21250000000000E+0003	 6.06060531899327E-0002	
 2.21450000000000E+0003	 6.05874821617403E-0002	
 2.21650000000000E+0003	 6.05614111335479E-0002	
 2.21850000000000E+0003	 6.05383401053556E-0002	
 2.22050000000000E+0003	 6.05152690771632E-0002	
 2.22250000000000E+0003	 6.04991980489708E-0002	
 2.22450000000000E+0003	 6.04766270207785E-0002	
 2.22650000000000E+0003	 6.04560559925861E-0002	
 2.22850000000000E+0003	 6.04324849643937E-0002	
 2.23050000000000E+0003	 6.04119139362013E-0002	
 2.23250000000000E+0003	 6.03868429080090E-0002	
 2.23450000000000E+0003	 6.03702718798166E-0002	
 2.23650000000000E+0003	 6.03492008516242E-0002	
 2.23850000000000E+0003	 6.03306298234319E-0002	
 2.24050000000000E+0003	 6.03115587952395E-0002	
 2.24250000000000E+0003	 6.02989877670471E-0002	
 2.24450000000000E+0003	 6.02824167388547E-0002	
 2.24650000000000E+0003	 6.02723457106624E-0002	
 2.24850000000000E+0003	 6.02632746824700E-0002	
 2.25050000000000E+0003	 6.02562036542776E-0002	
 2.25250000000000E+0003	 6.02486326260853E-0002	
 2.25450000000000E+0003	 6.02440615978929E-0002	
 2.25650000000000E+0003	 6.02384905697005E-0002	
 2.25850000000000E+0003	 6.02319195415081E-0002	
 2.26050000000000E+0003	 6.02213485133158E-0002	
 2.26250000000000E+0003	 6.02127774851234E-0002	
 2.26450000000000E+0003	 6.02052064569310E-0002	
 2.26650000000000E+0003	 6.02001354287387E-0002	
 2.26850000000000E+0003	 6.01930644005463E-0002	
 2.27050000000000E+0003	 6.01809933723539E-0002	
 2.27250000000000E+0003	 6.01694223441615E-0002	
 2.27450000000000E+0003	 6.01648513159692E-0002	
 2.27650000000000E+0003	 6.01697802877768E-0002	
 2.27850000000000E+0003	 6.01777092595844E-0002	
 2.28050000000000E+0003	 6.01821382313921E-0002	
 2.28250000000000E+0003	 6.01835672031997E-0002	
 2.28450000000000E+0003	 6.01854961750073E-0002	
 2.28650000000000E+0003	 6.01974251468149E-0002	
 2.28850000000000E+0003	 6.02198541186226E-0002	
 2.29050000000000E+0003	 6.02502830904302E-0002	
 2.29250000000000E+0003	 6.02867120622378E-0002	
 2.29450000000000E+0003	 6.03316410340455E-0002	
 2.29650000000000E+0003	 6.03805700058531E-0002	
 2.29850000000000E+0003	 6.04254989776607E-0002	
 2.30050000000000E+0003	 6.04529279494683E-0002	
 2.30250000000000E+0003	 6.04778569212760E-0002	
 2.30450000000000E+0003	 6.05212858930836E-0002	
 2.30650000000000E+0003	 6.05812148648912E-0002	
 2.30850000000000E+0003	 6.06426438366989E-0002	
 2.31050000000000E+0003	 6.07130728085065E-0002	
 2.31250000000000E+0003	 6.07590017803141E-0002	
 2.31450000000000E+0003	 6.07594307521217E-0002	
 2.31650000000000E+0003	 6.07788597239294E-0002	
 2.31850000000000E+0003	 6.08847886957370E-0002	
 2.32050000000000E+0003	 6.10352176675446E-0002	
 2.32250000000000E+0003	 6.11381466393523E-0002	
 2.32450000000000E+0003	 6.10695756111599E-0002	
 2.32650000000000E+0003	 6.09745045829675E-0002	
 2.32850000000000E+0003	 6.10424335547751E-0002	
 2.33050000000000E+0003	 6.11958625265828E-0002	
 2.33250000000000E+0003	 6.11967914983904E-0002	
 2.33450000000000E+0003	 6.10927204701980E-0002	
 2.33650000000000E+0003	 6.10706494420057E-0002	
 2.33850000000000E+0003	 6.11190784138133E-0002	
 2.34050000000000E+0003	 6.10665073856209E-0002	
 2.34250000000000E+0003	 6.10834363574285E-0002	
 2.34450000000000E+0003	 6.12398653292362E-0002	
 2.34650000000000E+0003	 6.12217943010438E-0002	
 2.34850000000000E+0003	 6.11202232728514E-0002	
 2.35050000000000E+0003	 6.11856522446591E-0002	
 2.35250000000000E+0003	 6.11540812164667E-0002	
 2.35450000000000E+0003	 6.11105101882743E-0002	
 2.35650000000000E+0003	 6.10964391600819E-0002	
 2.35850000000000E+0003	 6.11208681318896E-0002	
 2.36050000000000E+0003	 6.11212971036972E-0002	
 2.36250000000000E+0003	 6.11257260755048E-0002	
 2.36450000000000E+0003	 6.11556550473125E-0002	
 2.36650000000000E+0003	 6.11585840191201E-0002	
 2.36850000000000E+0003	 6.11490129909277E-0002	
 2.37050000000000E+0003	 6.11339419627353E-0002	
 2.37250000000000E+0003	 6.10973709345430E-0002	
 2.37450000000000E+0003	 6.10527999063506E-0002	
 2.37650000000000E+0003	 6.10517288781582E-0002	
 2.37850000000000E+0003	 6.11481578499659E-0002	
 2.38050000000000E+0003	 6.13025868217735E-0002	
 2.38250000000000E+0003	 6.14040157935811E-0002	
 2.38450000000000E+0003	 6.14119447653887E-0002	
 2.38650000000000E+0003	 6.13768737371964E-0002	
 2.38850000000000E+0003	 6.13593027090040E-0002	
 2.39050000000000E+0003	 6.13722316808116E-0002	
 2.39250000000000E+0003	 6.14096606526193E-0002	
 2.39450000000000E+0003	 6.14640896244269E-0002	
 2.39650000000000E+0003	 6.15270185962345E-0002	
 2.39850000000000E+0003	 6.15954475680421E-0002	
 2.40050000000000E+0003	 6.16638765398498E-0002	
 2.40250000000000E+0003	 6.17323055116574E-0002	
 2.40450000000000E+0003	 6.18042344834650E-0002	
 2.40650000000000E+0003	 6.18831634552727E-0002	
 2.40850000000000E+0003	 6.19645924270803E-0002	
 2.41050000000000E+0003	 6.20460213988879E-0002	
 2.41250000000000E+0003	 6.21274503706955E-0002	
 2.41450000000000E+0003	 6.22128793425032E-0002	
 2.41650000000000E+0003	 6.23003083143108E-0002	
 2.41850000000000E+0003	 6.23927372861184E-0002	
 2.42050000000000E+0003	 6.24866662579261E-0002	
 2.42250000000000E+0003	 6.25835952297337E-0002	
 2.42450000000000E+0003	 6.26815242015413E-0002	
 2.42650000000000E+0003	 6.27794531733489E-0002	
 2.42850000000000E+0003	 6.28748821451566E-0002	
 2.43050000000000E+0003	 6.29723111169642E-0002	
 2.43250000000000E+0003	 6.30707400887718E-0002	
 2.43450000000000E+0003	 6.31761690605795E-0002	
 2.43650000000000E+0003	 6.32850980323871E-0002	
 2.43850000000000E+0003	 6.33920270041947E-0002	
 2.44050000000000E+0003	 6.34914559760023E-0002	
 2.44250000000000E+0003	 6.35948849478100E-0002	
 2.44450000000000E+0003	 6.36973139196176E-0002	
 2.44650000000000E+0003	 6.37937428914252E-0002	
 2.44850000000000E+0003	 6.38851718632329E-0002	
 2.45050000000000E+0003	 6.39776008350405E-0002	
 2.45250000000000E+0003	 6.40695298068481E-0002	
 2.45450000000000E+0003	 6.41649587786557E-0002	
 2.45650000000000E+0003	 6.42633877504634E-0002	
 2.45850000000000E+0003	 6.43628167222710E-0002	
 2.46050000000000E+0003	 6.44597456940786E-0002	
 2.46250000000000E+0003	 6.45611746658863E-0002	
 2.46450000000000E+0003	 6.46656036376939E-0002	
 2.46650000000000E+0003	 6.47745326095015E-0002	
 2.46850000000000E+0003	 6.48864615813091E-0002	
 2.47050000000000E+0003	 6.50008905531168E-0002	
 2.47250000000000E+0003	 6.51173195249244E-0002	
 2.47450000000000E+0003	 6.52367484967320E-0002	
 2.47650000000000E+0003	 6.53576774685397E-0002	
 2.47850000000000E+0003	 6.54831064403473E-0002	
 2.48050000000000E+0003	 6.56090354121549E-0002	
 2.48250000000000E+0003	 6.57329643839625E-0002	
 2.48450000000000E+0003	 6.58558933557702E-0002	
 2.48650000000000E+0003	 6.59803223275778E-0002	
 2.48850000000000E+0003	 6.61132512993854E-0002	
 2.49050000000000E+0003	 6.62446802711931E-0002	
 2.49250000000000E+0003	 6.63766092430007E-0002	
 2.49450000000000E+0003	 6.65085382148083E-0002	
 2.49650000000000E+0003	 6.66409671866159E-0002	
 2.49850000000000E+0003	 6.67708961584236E-0002	
 2.50050000000000E+0003	 6.69008251302312E-0002	
 2.50250000000000E+0003	 6.70297541020388E-0002	
 2.50450000000000E+0003	 6.71606830738465E-0002	
 2.50650000000000E+0003	 6.72881120456541E-0002	
 2.50850000000000E+0003	 6.74120410174617E-0002	
 2.51050000000000E+0003	 6.75319699892693E-0002	
 2.51250000000000E+0003	 6.76538989610770E-0002	
 2.51450000000000E+0003	 6.77718279328846E-0002	
 2.51650000000000E+0003	 6.78847569046922E-0002	
 2.51850000000000E+0003	 6.79876858764999E-0002	
 2.52050000000000E+0003	 6.80891148483075E-0002	
 2.52250000000000E+0003	 6.81920438201151E-0002	
 2.52450000000000E+0003	 6.82999727919227E-0002	
 2.52650000000000E+0003	 6.84059017637304E-0002	
 2.52850000000000E+0003	 6.85133307355380E-0002	
 2.53050000000000E+0003	 6.86167597073456E-0002	
 2.53250000000000E+0003	 6.87221886791533E-0002	
 2.53450000000000E+0003	 6.88231176509609E-0002	
 2.53650000000000E+0003	 6.89215466227685E-0002	
 2.53850000000000E+0003	 6.90219755945761E-0002	
 2.54050000000000E+0003	 6.91269045663838E-0002	
 2.54250000000000E+0003	 6.92303335381914E-0002	
 2.54450000000000E+0003	 6.93392625099990E-0002	
 2.54650000000000E+0003	 6.94516914818067E-0002	
 2.54850000000000E+0003	 6.95601204536143E-0002	
 2.55050000000000E+0003	 6.96690494254219E-0002	
 2.55250000000000E+0003	 6.97774783972295E-0002	
 2.55450000000000E+0003	 6.98864073690372E-0002	
 2.55650000000000E+0003	 6.99968363408448E-0002	
 2.55850000000000E+0003	 7.01082653126524E-0002	
 2.56050000000000E+0003	 7.02216942844601E-0002	
 2.56250000000000E+0003	 7.03376232562677E-0002	
 2.56450000000000E+0003	 7.04525522280753E-0002	
 2.56650000000000E+0003	 7.05729811998829E-0002	
 2.56850000000000E+0003	 7.06969101716906E-0002	
 2.57050000000000E+0003	 7.08228391434982E-0002	
 2.57250000000000E+0003	 7.09497681153058E-0002	
 2.57450000000000E+0003	 7.10756970871135E-0002	
 2.57650000000000E+0003	 7.12026260589211E-0002	
 2.57850000000000E+0003	 7.13320550307287E-0002	
 2.58050000000000E+0003	 7.14594840025363E-0002	
 2.58250000000000E+0003	 7.15899129743440E-0002	
 2.58450000000000E+0003	 7.17168419461516E-0002	
 2.58650000000000E+0003	 7.18402709179592E-0002	
 2.58850000000000E+0003	 7.19661998897669E-0002	
 2.59050000000000E+0003	 7.20971288615745E-0002	
 2.59250000000000E+0003	 7.22270578333821E-0002	
 2.59450000000000E+0003	 7.23584868051897E-0002	
 2.59650000000000E+0003	 7.24944157769974E-0002	
 2.59850000000000E+0003	 7.26358447488050E-0002	
 2.60050000000000E+0003	 7.27782737206126E-0002	
 2.60250000000000E+0003	 7.29217026924203E-0002	
 2.60450000000000E+0003	 7.30651316642279E-0002	
 2.60650000000000E+0003	 7.32090606360355E-0002	
 2.60850000000000E+0003	 7.33549896078431E-0002	
 2.61050000000000E+0003	 7.35039185796508E-0002	
 2.61250000000000E+0003	 7.36483475514584E-0002	
 2.61450000000000E+0003	 7.37897765232660E-0002	
 2.61650000000000E+0003	 7.39302054950737E-0002	
 2.61850000000000E+0003	 7.40726344668813E-0002	
 2.62050000000000E+0003	 7.42120634386889E-0002	
 2.62250000000000E+0003	 7.43544924104965E-0002	
 2.62450000000000E+0003	 7.44979213823042E-0002	
 2.62650000000000E+0003	 7.46363503541118E-0002	
 2.62850000000000E+0003	 7.47717793259194E-0002	
 2.63050000000000E+0003	 7.49082082977271E-0002	
 2.63250000000000E+0003	 7.50436372695347E-0002	
 2.63450000000000E+0003	 7.51785662413423E-0002	
 2.63650000000000E+0003	 7.53069952131499E-0002	
 2.63850000000000E+0003	 7.54384241849576E-0002	
 2.64050000000000E+0003	 7.55673531567652E-0002	
 2.64250000000000E+0003	 7.56947821285728E-0002	
 2.64450000000000E+0003	 7.58237111003805E-0002	
 2.64650000000000E+0003	 7.59561400721881E-0002	
 2.64850000000000E+0003	 7.60895690439957E-0002	
 2.65050000000000E+0003	 7.62209980158033E-0002	
 2.65250000000000E+0003	 7.63529269876110E-0002	
 2.65450000000000E+0003	 7.64878559594186E-0002	
 2.65650000000000E+0003	 7.66212849312262E-0002	
 2.65850000000000E+0003	 7.67557139030339E-0002	
 2.66050000000000E+0003	 7.68891428748415E-0002	
 2.66250000000000E+0003	 7.70240718466491E-0002	
 2.66450000000000E+0003	 7.71610008184567E-0002	
 2.66650000000000E+0003	 7.73034297902644E-0002	
 2.66850000000000E+0003	 7.74468587620720E-0002	
 2.67050000000000E+0003	 7.75912877338796E-0002	
 2.67250000000000E+0003	 7.77422167056873E-0002	
 2.67450000000000E+0003	 7.78976456774949E-0002	
 2.67650000000000E+0003	 7.80525746493025E-0002	
 2.67850000000000E+0003	 7.82075036211101E-0002	
 2.68050000000000E+0003	 7.83569325929178E-0002	
 2.68250000000000E+0003	 7.85083615647254E-0002	
 2.68450000000000E+0003	 7.86607905365330E-0002	
 2.68650000000000E+0003	 7.88172195083406E-0002	
 2.68850000000000E+0003	 7.89736484801483E-0002	
 2.69050000000000E+0003	 7.91320774519559E-0002	
 2.69250000000000E+0003	 7.92910064237635E-0002	
 2.69450000000000E+0003	 7.94529353955712E-0002	
 2.69650000000000E+0003	 7.96193643673788E-0002	
 2.69850000000000E+0003	 7.97927933391864E-0002	
 2.70050000000000E+0003	 7.99737223109940E-0002	
 2.70250000000000E+0003	 8.01631512828017E-0002	
 2.70450000000000E+0003	 8.03575802546093E-0002	
 2.70650000000000E+0003	 8.05575092264169E-0002	
 2.70850000000000E+0003	 8.07659381982246E-0002	
 2.71050000000000E+0003	 8.09853671700322E-0002	
 2.71250000000000E+0003	 8.12132961418398E-0002	
 2.71450000000000E+0003	 8.14472251136474E-0002	
 2.71650000000000E+0003	 8.16831540854551E-0002	
 2.71850000000000E+0003	 8.19195830572627E-0002	
 2.72050000000000E+0003	 8.21640120290703E-0002	
 2.72250000000000E+0003	 8.24199410008780E-0002	
 2.72450000000000E+0003	 8.26708699726856E-0002	
 2.72650000000000E+0003	 8.29237989444932E-0002	
 2.72850000000000E+0003	 8.31727279163008E-0002	
 2.73050000000000E+0003	 8.34076568881085E-0002	
 2.73250000000000E+0003	 8.36425858599161E-0002	
 2.73450000000000E+0003	 8.38780148317237E-0002	
 2.73650000000000E+0003	 8.41084438035314E-0002	
 2.73850000000000E+0003	 8.43318727753390E-0002	
 2.74050000000000E+0003	 8.45468017471466E-0002	
 2.74250000000000E+0003	 8.47557307189542E-0002	
 2.74450000000000E+0003	 8.49631596907619E-0002	
 2.74650000000000E+0003	 8.51750886625695E-0002	
 2.74850000000000E+0003	 8.53935176343771E-0002	
 2.75050000000000E+0003	 8.56074466061848E-0002	
 2.75250000000000E+0003	 8.58183755779924E-0002	
 2.75450000000000E+0003	 8.60293045498000E-0002	
 2.75650000000000E+0003	 8.62522335216076E-0002	
 2.75850000000000E+0003	 8.64846624934153E-0002	
 2.76050000000000E+0003	 8.67245914652229E-0002	
 2.76250000000000E+0003	 8.69675204370305E-0002	
 2.76450000000000E+0003	 8.72134494088382E-0002	
 2.76650000000000E+0003	 8.74618783806458E-0002	
 2.76850000000000E+0003	 8.77158073524534E-0002	
 2.77050000000000E+0003	 8.79707363242610E-0002	
 2.77250000000000E+0003	 8.82311652960687E-0002	
 2.77450000000000E+0003	 8.85030942678763E-0002	
 2.77650000000000E+0003	 8.87725232396839E-0002	
 2.77850000000000E+0003	 8.90269522114916E-0002	
 2.78050000000000E+0003	 8.92853811832992E-0002	
 2.78250000000000E+0003	 8.95518101551068E-0002	
 2.78450000000000E+0003	 8.98227391269144E-0002	
 2.78650000000000E+0003	 9.00976680987221E-0002	
 2.78850000000000E+0003	 9.03875970705297E-0002	
 2.79050000000000E+0003	 9.06825260423373E-0002	
 2.79250000000000E+0003	 9.09714550141450E-0002	
 2.79450000000000E+0003	 9.12648839859526E-0002	
 2.79650000000000E+0003	 9.15733129577602E-0002	
 2.79850000000000E+0003	 9.18927419295678E-0002	
 2.80050000000000E+0003	 9.22096709013755E-0002	
 2.80250000000000E+0003	 9.25335998731831E-0002	
 2.80450000000000E+0003	 9.28715288449907E-0002	
 2.80650000000000E+0003	 9.32124578167984E-0002	
 2.80850000000000E+0003	 9.35623867886060E-0002	
 2.81050000000000E+0003	 9.39278157604136E-0002	
 2.81250000000000E+0003	 9.42947447322212E-0002	
 2.81450000000000E+0003	 9.46641737040289E-0002	
 2.81650000000000E+0003	 9.50456026758365E-0002	
 2.81850000000000E+0003	 9.54435316476441E-0002	
 2.82050000000000E+0003	 9.58574606194518E-0002	
 2.82250000000000E+0003	 9.62848895912594E-0002	
 2.82450000000000E+0003	 9.67308185630670E-0002	
 2.82650000000000E+0003	 9.72007475348746E-0002	
 2.82850000000000E+0003	 9.77051765066823E-0002	
 2.83050000000000E+0003	 9.82506054784899E-0002	
 2.83250000000000E+0003	 9.88500344502975E-0002	
 2.83450000000000E+0003	 9.95259634221052E-0002	
 2.83650000000000E+0003	 1.00315892393913E-0001	
 2.83850000000000E+0003	 1.01277321365720E-0001	
 2.84050000000000E+0003	 1.02452750337528E-0001	
 2.84250000000000E+0003	 1.03976679309336E-0001	
 2.84450000000000E+0003	 1.06084108281143E-0001	
 2.84650000000000E+0003	 1.08867537252951E-0001	
 2.84850000000000E+0003	 1.11938966224759E-0001	
 2.85050000000000E+0003	 1.14421895196566E-0001	
 2.85250000000000E+0003	 1.15823324168374E-0001	
 2.85450000000000E+0003	 1.16353253140181E-0001	
 2.85650000000000E+0003	 1.16348682111989E-0001	
 2.85850000000000E+0003	 1.16036111083797E-0001	
 2.86050000000000E+0003	 1.15623040055604E-0001	
 2.86250000000000E+0003	 1.15317969027412E-0001	
 2.86450000000000E+0003	 1.15303397999220E-0001	
 2.86650000000000E+0003	 1.15637826971027E-0001	
 2.86850000000000E+0003	 1.16250755942835E-0001	
 2.87050000000000E+0003	 1.17014184914642E-0001	
 2.87250000000000E+0003	 1.17747113886450E-0001	
 2.87450000000000E+0003	 1.18219042858258E-0001	
 2.87650000000000E+0003	 1.18359971830065E-0001	
 2.87850000000000E+0003	 1.18328900801873E-0001	
 2.88050000000000E+0003	 1.18274829773681E-0001	
 2.88250000000000E+0003	 1.18295758745488E-0001	
 2.88450000000000E+0003	 1.18460187717296E-0001	
 2.88650000000000E+0003	 1.18797616689104E-0001	
 2.88850000000000E+0003	 1.19303545660911E-0001	
 2.89050000000000E+0003	 1.19960974632719E-0001	
 2.89250000000000E+0003	 1.20739903604526E-0001	
 2.89450000000000E+0003	 1.21624832576334E-0001	
 2.89650000000000E+0003	 1.22581261548142E-0001	
 2.89850000000000E+0003	 1.23569190519949E-0001	
 2.90050000000000E+0003	 1.24605119491757E-0001	
 2.90250000000000E+0003	 1.25726548463565E-0001	
 2.90450000000000E+0003	 1.26962477435372E-0001	
 2.90650000000000E+0003	 1.28368406407180E-0001	
 2.90850000000000E+0003	 1.30044835378987E-0001	
 2.91050000000000E+0003	 1.32124764350795E-0001	
 2.91250000000000E+0003	 1.34722693322603E-0001	
 2.91450000000000E+0003	 1.37746622294410E-0001	
 2.91650000000000E+0003	 1.40790551266218E-0001	
 2.91850000000000E+0003	 1.43385480238026E-0001	
 2.92050000000000E+0003	 1.45306409209833E-0001	
 2.92250000000000E+0003	 1.46630338181641E-0001	
 2.92450000000000E+0003	 1.47455267153448E-0001	
 2.92650000000000E+0003	 1.47822696125256E-0001	
 2.92850000000000E+0003	 1.47779125097064E-0001	
 2.93050000000000E+0003	 1.47329054068871E-0001	
 2.93250000000000E+0003	 1.46489483040679E-0001	
 2.93450000000000E+0003	 1.45386412012487E-0001	
 2.93650000000000E+0003	 1.44101840984294E-0001	
 2.93850000000000E+0003	 1.42693269956102E-0001	
 2.94050000000000E+0003	 1.41260198927909E-0001	
 2.94250000000000E+0003	 1.39944127899717E-0001	
 2.94450000000000E+0003	 1.38843056871525E-0001	
 2.94650000000000E+0003	 1.38015985843332E-0001	
 2.94850000000000E+0003	 1.37546914815140E-0001	
 2.95050000000000E+0003	 1.37520343786948E-0001	
 2.95250000000000E+0003	 1.37907272758755E-0001	
 2.95450000000000E+0003	 1.38484701730563E-0001	
 2.95650000000000E+0003	 1.39057630702371E-0001	
 2.95850000000000E+0003	 1.39472059674178E-0001	
 2.96050000000000E+0003	 1.39604488645986E-0001	
 2.96250000000000E+0003	 1.39402417617793E-0001	
 2.96450000000000E+0003	 1.38846846589601E-0001	
 2.96650000000000E+0003	 1.37993775561409E-0001	
 2.96850000000000E+0003	 1.36931704533216E-0001	
 2.97050000000000E+0003	 1.35713633505024E-0001	
 2.97250000000000E+0003	 1.34401062476832E-0001	
 2.97450000000000E+0003	 1.33103491448639E-0001	
 2.97650000000000E+0003	 1.31891420420447E-0001	
 2.97850000000000E+0003	 1.30806849392254E-0001	
 2.98050000000000E+0003	 1.29836778364062E-0001	
 2.98250000000000E+0003	 1.28923707335870E-0001	
 2.98450000000000E+0003	 1.28079136307677E-0001	
 2.98650000000000E+0003	 1.27350565279485E-0001	
 2.98850000000000E+0003	 1.26746494251293E-0001	
 2.99050000000000E+0003	 1.26272423223100E-0001	
 2.99250000000000E+0003	 1.25920352194908E-0001	
 2.99450000000000E+0003	 1.25654781166715E-0001	
 2.99650000000000E+0003	 1.25519710138523E-0001	
 2.99850000000000E+0003	 1.25519639110331E-0001	
 3.00050000000000E+0003	 1.25585568082138E-0001	
 3.00250000000000E+0003	 1.25708997053946E-0001	
 3.00450000000000E+0003	 1.25850926025754E-0001	
 3.00650000000000E+0003	 1.25949854997561E-0001	
 3.00850000000000E+0003	 1.26015283969369E-0001	
 3.01050000000000E+0003	 1.26102212941176E-0001	
 3.01250000000000E+0003	 1.26200141912984E-0001	
 3.01450000000000E+0003	 1.26272070884792E-0001	
 3.01650000000000E+0003	 1.26335999856599E-0001	
 3.01850000000000E+0003	 1.26444928828407E-0001	
 3.02050000000000E+0003	 1.26641857800215E-0001	
 3.02250000000000E+0003	 1.26934286772022E-0001	
 3.02450000000000E+0003	 1.27316715743830E-0001	
 3.02650000000000E+0003	 1.27726644715637E-0001	
 3.02850000000000E+0003	 1.28139573687445E-0001	
 3.03050000000000E+0003	 1.28573502659253E-0001	
 3.03250000000000E+0003	 1.29033431631060E-0001	
 3.03450000000000E+0003	 1.29508360602868E-0001	
 3.03650000000000E+0003	 1.29954789574676E-0001	
 3.03850000000000E+0003	 1.30406718546483E-0001	
 3.04050000000000E+0003	 1.30937647518291E-0001	
 3.04250000000000E+0003	 1.31495076490099E-0001	
 3.04450000000000E+0003	 1.32015505461906E-0001	
 3.04650000000000E+0003	 1.32512934433714E-0001	
 3.04850000000000E+0003	 1.33035863405521E-0001	
 3.05050000000000E+0003	 1.33612792377329E-0001	
 3.05250000000000E+0003	 1.34176221349137E-0001	
 3.05450000000000E+0003	 1.34710150320944E-0001	
 3.05650000000000E+0003	 1.35248579292752E-0001	
 3.05850000000000E+0003	 1.35761508264560E-0001	
 3.06050000000000E+0003	 1.36235937236367E-0001	
 3.06250000000000E+0003	 1.36688366208175E-0001	
 3.06450000000000E+0003	 1.37122795179982E-0001	
 3.06650000000000E+0003	 1.37551724151790E-0001	
 3.06850000000000E+0003	 1.37941153123598E-0001	
 3.07050000000000E+0003	 1.38261082095405E-0001	
 3.07250000000000E+0003	 1.38563011067213E-0001	
 3.07450000000000E+0003	 1.38860440039021E-0001	
 3.07650000000000E+0003	 1.39163369010828E-0001	
 3.07850000000000E+0003	 1.39469797982636E-0001	
 3.08050000000000E+0003	 1.39737226954443E-0001	
 3.08250000000000E+0003	 1.39975155926251E-0001	
 3.08450000000000E+0003	 1.40213584898059E-0001	
 3.08650000000000E+0003	 1.40424513869866E-0001	
 3.08850000000000E+0003	 1.40627442841674E-0001	
 3.09050000000000E+0003	 1.40840871813482E-0001	
 3.09250000000000E+0003	 1.41017300785289E-0001	
 3.09450000000000E+0003	 1.41172729757097E-0001	
 3.09650000000000E+0003	 1.41356158728904E-0001	
 3.09850000000000E+0003	 1.41572587700712E-0001	
 3.10050000000000E+0003	 1.41812516672520E-0001	
 3.10250000000000E+0003	 1.42048945644327E-0001	
 3.10450000000000E+0003	 1.42281874616135E-0001	
 3.10650000000000E+0003	 1.42552303587943E-0001	
 3.10850000000000E+0003	 1.42868232559750E-0001	
 3.11050000000000E+0003	 1.43169161531558E-0001	
 3.11250000000000E+0003	 1.43461590503366E-0001	
 3.11450000000000E+0003	 1.43839519475173E-0001	
 3.11650000000000E+0003	 1.44276448446981E-0001	
 3.11850000000000E+0003	 1.44705377418788E-0001	
 3.12050000000000E+0003	 1.45114306390596E-0001	
 3.12250000000000E+0003	 1.45498735362404E-0001	
 3.12450000000000E+0003	 1.45908164334211E-0001	
 3.12650000000000E+0003	 1.46383593306019E-0001	
 3.12850000000000E+0003	 1.46907522277827E-0001	
 3.13050000000000E+0003	 1.47448951249634E-0001	
 3.13250000000000E+0003	 1.47983380221442E-0001	
 3.13450000000000E+0003	 1.48546809193249E-0001	
 3.13650000000000E+0003	 1.49156238165057E-0001	
 3.13850000000000E+0003	 1.49815167136865E-0001	
 3.14050000000000E+0003	 1.50448096108672E-0001	
 3.14250000000000E+0003	 1.51040025080480E-0001	
 3.14450000000000E+0003	 1.51662454052288E-0001	
 3.14650000000000E+0003	 1.52330383024095E-0001	
 3.14850000000000E+0003	 1.53032311995903E-0001	
 3.15050000000000E+0003	 1.53799740967710E-0001	
 3.15250000000000E+0003	 1.54585669939518E-0001	
 3.15450000000000E+0003	 1.55296598911326E-0001	
 3.15650000000000E+0003	 1.55983527883133E-0001	
 3.15850000000000E+0003	 1.56724956854941E-0001	
 3.16050000000000E+0003	 1.57503885826749E-0001	
 3.16250000000000E+0003	 1.58300314798556E-0001	
 3.16450000000000E+0003	 1.59105243770364E-0001	
 3.16650000000000E+0003	 1.59922172742171E-0001	
 3.16850000000000E+0003	 1.60741601713979E-0001	
 3.17050000000000E+0003	 1.61567530685787E-0001	
 3.17250000000000E+0003	 1.62399959657594E-0001	
 3.17450000000000E+0003	 1.63233888629402E-0001	
 3.17650000000000E+0003	 1.64063317601210E-0001	
 3.17850000000000E+0003	 1.64904246573017E-0001	
 3.18050000000000E+0003	 1.65746675544825E-0001	
 3.18250000000000E+0003	 1.66574604516633E-0001	
 3.18450000000000E+0003	 1.67393533488440E-0001	
 3.18650000000000E+0003	 1.68215462460248E-0001	
 3.18850000000000E+0003	 1.69037891432055E-0001	
 3.19050000000000E+0003	 1.69844820403863E-0001	
 3.19250000000000E+0003	 1.70629749375671E-0001	
 3.19450000000000E+0003	 1.71396678347478E-0001	
 3.19650000000000E+0003	 1.72152107319286E-0001	
 3.19850000000000E+0003	 1.72915036291094E-0001	
 3.20050000000000E+0003	 1.73675965262901E-0001	
 3.20250000000000E+0003	 1.74424394234709E-0001	
 3.20450000000000E+0003	 1.75155823206516E-0001	
 3.20650000000000E+0003	 1.75875752178324E-0001	
 3.20850000000000E+0003	 1.76584181150132E-0001	
 3.21050000000000E+0003	 1.77293110121939E-0001	
 3.21250000000000E+0003	 1.78001039093747E-0001	
 3.21450000000000E+0003	 1.78717468065555E-0001	
 3.21650000000000E+0003	 1.79427897037362E-0001	
 3.21850000000000E+0003	 1.80138826009170E-0001	
 3.22050000000000E+0003	 1.80859754980977E-0001	
 3.22250000000000E+0003	 1.81581183952785E-0001	
 3.22450000000000E+0003	 1.82303612924593E-0001	
 3.22650000000000E+0003	 1.83034541896400E-0001	
 3.22850000000000E+0003	 1.83786970868208E-0001	
 3.23050000000000E+0003	 1.84580899840016E-0001	
 3.23250000000000E+0003	 1.85425328811823E-0001	
 3.23450000000000E+0003	 1.86233257783631E-0001	
 3.23650000000000E+0003	 1.86975186755438E-0001	
 3.23850000000000E+0003	 1.87754115727246E-0001	
 3.24050000000000E+0003	 1.88581044699054E-0001	
 3.24250000000000E+0003	 1.89434473670861E-0001	
 3.24450000000000E+0003	 1.90336402642669E-0001	
 3.24650000000000E+0003	 1.91292331614477E-0001	
 3.24850000000000E+0003	 1.92219260586284E-0001	
 3.25050000000000E+0003	 1.93115189558092E-0001	
 3.25250000000000E+0003	 1.94043618529900E-0001	
 3.25450000000000E+0003	 1.95035047501707E-0001	
 3.25650000000000E+0003	 1.96049476473515E-0001	
 3.25850000000000E+0003	 1.97043405445322E-0001	
 3.26050000000000E+0003	 1.98038334417130E-0001	
 3.26250000000000E+0003	 1.99049263388938E-0001	
 3.26450000000000E+0003	 2.00059692360745E-0001	
 3.26650000000000E+0003	 2.01057121332553E-0001	
 3.26850000000000E+0003	 2.02067550304361E-0001	
 3.27050000000000E+0003	 2.03070979276168E-0001	
 3.27250000000000E+0003	 2.03976908247976E-0001	
 3.27450000000000E+0003	 2.04807337219783E-0001	
 3.27650000000000E+0003	 2.05623266191591E-0001	
 3.27850000000000E+0003	 2.06405195163399E-0001	
 3.28050000000000E+0003	 2.07151124135206E-0001	
 3.28250000000000E+0003	 2.07866053107014E-0001	
 3.28450000000000E+0003	 2.08539482078822E-0001	
 3.28650000000000E+0003	 2.09162411050629E-0001	
 3.28850000000000E+0003	 2.09746340022437E-0001	
 3.29050000000000E+0003	 2.10319268994244E-0001	
 3.29250000000000E+0003	 2.10871697966052E-0001	
 3.29450000000000E+0003	 2.11351626937860E-0001	
 3.29650000000000E+0003	 2.11771555909667E-0001	
 3.29850000000000E+0003	 2.12140484881475E-0001	
 3.30050000000000E+0003	 2.12476913853283E-0001	
 3.30250000000000E+0003	 2.12839342825090E-0001	
 3.30450000000000E+0003	 2.13247771796898E-0001	
 3.30650000000000E+0003	 2.13599700768705E-0001	
 3.30850000000000E+0003	 2.13844129740513E-0001	
 3.31050000000000E+0003	 2.14036058712321E-0001	
 3.31250000000000E+0003	 2.14234487684128E-0001	
 3.31450000000000E+0003	 2.14466416655936E-0001	
 3.31650000000000E+0003	 2.14711845627744E-0001	
 3.31850000000000E+0003	 2.14961274599551E-0001	
 3.32050000000000E+0003	 2.15210703571359E-0001	
 3.32250000000000E+0003	 2.15464132543167E-0001	
 3.32450000000000E+0003	 2.15749561514974E-0001	
 3.32650000000000E+0003	 2.16039490486782E-0001	
 3.32850000000000E+0003	 2.16295919458589E-0001	
 3.33050000000000E+0003	 2.16554848430397E-0001	
 3.33250000000000E+0003	 2.16837777402205E-0001	
 3.33450000000000E+0003	 2.17147206374012E-0001	
 3.33650000000000E+0003	 2.17510135345820E-0001	
 3.33850000000000E+0003	 2.17886564317628E-0001	
 3.34050000000000E+0003	 2.18204493289435E-0001	
 3.34250000000000E+0003	 2.18512922261243E-0001	
 3.34450000000000E+0003	 2.18840851233050E-0001	
 3.34650000000000E+0003	 2.19171780204858E-0001	
 3.34850000000000E+0003	 2.19560209176666E-0001	
 3.35050000000000E+0003	 2.19986138148473E-0001	
 3.35250000000000E+0003	 2.20329567120281E-0001	
 3.35450000000000E+0003	 2.20631496092089E-0001	
 3.35650000000000E+0003	 2.20988425063896E-0001	
 3.35850000000000E+0003	 2.21382854035704E-0001	
 3.36050000000000E+0003	 2.21783283007511E-0001	
 3.36250000000000E+0003	 2.22162211979319E-0001	
 3.36450000000000E+0003	 2.22572140951127E-0001	
 3.36650000000000E+0003	 2.23062569922934E-0001	
 3.36850000000000E+0003	 2.23550498894742E-0001	
 3.37050000000000E+0003	 2.23919927866550E-0001	
 3.37250000000000E+0003	 2.24201356838357E-0001	
 3.37450000000000E+0003	 2.24532285810165E-0001	
 3.37650000000000E+0003	 2.24928214781972E-0001	
 3.37850000000000E+0003	 2.25326143753780E-0001	
 3.38050000000000E+0003	 2.25711072725588E-0001	
 3.38250000000000E+0003	 2.26081501697395E-0001	
 3.38450000000000E+0003	 2.26461430669203E-0001	
 3.38650000000000E+0003	 2.26857859641011E-0001	
 3.38850000000000E+0003	 2.27291288612818E-0001	
 3.39050000000000E+0003	 2.27784217584626E-0001	
 3.39250000000000E+0003	 2.28222646556434E-0001	
 3.39450000000000E+0003	 2.28535575528241E-0001	
 3.39650000000000E+0003	 2.28878504500049E-0001	
 3.39850000000000E+0003	 2.29357433471856E-0001	
 3.40050000000000E+0003	 2.29842362443664E-0001	
 3.40250000000000E+0003	 2.30157791415472E-0001	
 3.40450000000000E+0003	 2.30385220387279E-0001	
 3.40650000000000E+0003	 2.30685649359087E-0001	
 3.40850000000000E+0003	 2.31044578330895E-0001	
 3.41050000000000E+0003	 2.31376007302702E-0001	
 3.41250000000000E+0003	 2.31666436274510E-0001	
 3.41450000000000E+0003	 2.31889365246317E-0001	
 3.41650000000000E+0003	 2.32053794218125E-0001	
 3.41850000000000E+0003	 2.32204723189933E-0001	
 3.42050000000000E+0003	 2.32366152161740E-0001	
 3.42250000000000E+0003	 2.32496581133548E-0001	
 3.42450000000000E+0003	 2.32594010105356E-0001	
 3.42650000000000E+0003	 2.32695939077163E-0001	
 3.42850000000000E+0003	 2.32808868048971E-0001	
 3.43050000000000E+0003	 2.32885297020778E-0001	
 3.43250000000000E+0003	 2.32931725992586E-0001	
 3.43450000000000E+0003	 2.32988154964394E-0001	
 3.43650000000000E+0003	 2.32998583936201E-0001	
 3.43850000000000E+0003	 2.32891512908009E-0001	
 3.44050000000000E+0003	 2.32734941879817E-0001	
 3.44250000000000E+0003	 2.32616370851624E-0001	
 3.44450000000000E+0003	 2.32501799823432E-0001	
 3.44650000000000E+0003	 2.32407728795239E-0001	
 3.44850000000000E+0003	 2.32316157767047E-0001	
 3.45050000000000E+0003	 2.32160586738855E-0001	
 3.45250000000000E+0003	 2.31991515710662E-0001	
 3.45450000000000E+0003	 2.31805444682470E-0001	
 3.45650000000000E+0003	 2.31608373654278E-0001	
 3.45850000000000E+0003	 2.31410802626085E-0001	
 3.46050000000000E+0003	 2.31173731597893E-0001	
 3.46250000000000E+0003	 2.30880160569701E-0001	
 3.46450000000000E+0003	 2.30620089541508E-0001	
 3.46650000000000E+0003	 2.30450518513316E-0001	
 3.46850000000000E+0003	 2.30212447485123E-0001	
 3.47050000000000E+0003	 2.29754376456931E-0001	
 3.47250000000000E+0003	 2.29210805428739E-0001	
 3.47450000000000E+0003	 2.28753734400546E-0001	
 3.47650000000000E+0003	 2.28371163372354E-0001	
 3.47850000000000E+0003	 2.28001592344162E-0001	
 3.48050000000000E+0003	 2.27551021315969E-0001	
 3.48250000000000E+0003	 2.27026450287777E-0001	
 3.48450000000000E+0003	 2.26537879259584E-0001	
 3.48650000000000E+0003	 2.26080308231392E-0001	
 3.48850000000000E+0003	 2.25578737203200E-0001	
 3.49050000000000E+0003	 2.25040666175007E-0001	
 3.49250000000000E+0003	 2.24520095146815E-0001	
 3.49450000000000E+0003	 2.24011524118623E-0001	
 3.49650000000000E+0003	 2.23501953090430E-0001	
 3.49850000000000E+0003	 2.22934382062238E-0001	
 3.50050000000000E+0003	 2.22329811034045E-0001	
 3.50250000000000E+0003	 2.21742240005853E-0001	
 3.50450000000000E+0003	 2.21091668977661E-0001	
 3.50650000000000E+0003	 2.20373597949468E-0001	
 3.50850000000000E+0003	 2.19697026921276E-0001	
 3.51050000000000E+0003	 2.19097955893084E-0001	
 3.51250000000000E+0003	 2.18547384864891E-0001	
 3.51450000000000E+0003	 2.17924813836699E-0001	
 3.51650000000000E+0003	 2.17181742808506E-0001	
 3.51850000000000E+0003	 2.16436671780314E-0001	
 3.52050000000000E+0003	 2.15728100752122E-0001	
 3.52250000000000E+0003	 2.15048529723929E-0001	
 3.52450000000000E+0003	 2.14271458695737E-0001	
 3.52650000000000E+0003	 2.13412887667545E-0001	
 3.52850000000000E+0003	 2.12663316639352E-0001	
 3.53050000000000E+0003	 2.11955245611160E-0001	
 3.53250000000000E+0003	 2.11227174582968E-0001	
 3.53450000000000E+0003	 2.10512103554775E-0001	
 3.53650000000000E+0003	 2.09774032526583E-0001	
 3.53850000000000E+0003	 2.08913961498390E-0001	
 3.54050000000000E+0003	 2.08054390470198E-0001	
 3.54250000000000E+0003	 2.07251819442006E-0001	
 3.54450000000000E+0003	 2.06354248413813E-0001	
 3.54650000000000E+0003	 2.05312177385621E-0001	
 3.54850000000000E+0003	 2.04297606357429E-0001	
 3.55050000000000E+0003	 2.03384035329236E-0001	
 3.55250000000000E+0003	 2.02481464301044E-0001	
 3.55450000000000E+0003	 2.01515393272851E-0001	
 3.55650000000000E+0003	 2.00549822244659E-0001	
 3.55850000000000E+0003	 1.99583751216467E-0001	
 3.56050000000000E+0003	 1.98577180188274E-0001	
 3.56250000000000E+0003	 1.97481609160082E-0001	
 3.56450000000000E+0003	 1.96236038131890E-0001	
 3.56650000000000E+0003	 1.94965967103697E-0001	
 3.56850000000000E+0003	 1.93977396075505E-0001	
 3.57050000000000E+0003	 1.93096325047312E-0001	
 3.57250000000000E+0003	 1.92080754019120E-0001	
 3.57450000000000E+0003	 1.90971182990928E-0001	
 3.57650000000000E+0003	 1.89855111962735E-0001	
 3.57850000000000E+0003	 1.88739540934543E-0001	
 3.58050000000000E+0003	 1.87616469906351E-0001	
 3.58250000000000E+0003	 1.86489898878158E-0001	
 3.58450000000000E+0003	 1.85306827849966E-0001	
 3.58650000000000E+0003	 1.83957256821773E-0001	
 3.58850000000000E+0003	 1.82534185793581E-0001	
 3.59050000000000E+0003	 1.81239614765389E-0001	
 3.59250000000000E+0003	 1.80069543737196E-0001	
 3.59450000000000E+0003	 1.78843472709004E-0001	
 3.59650000000000E+0003	 1.77586901680812E-0001	
 3.59850000000000E+0003	 1.76368830652619E-0001	
 3.60050000000000E+0003	 1.75137259624427E-0001	
 3.60250000000000E+0003	 1.73868188596235E-0001	
 3.60450000000000E+0003	 1.72528117568042E-0001	
 3.60650000000000E+0003	 1.71064546539850E-0001	
 3.60850000000000E+0003	 1.69579475511657E-0001	
 3.61050000000000E+0003	 1.68151404483465E-0001	
 3.61250000000000E+0003	 1.66824333455273E-0001	
 3.61450000000000E+0003	 1.65559262427080E-0001	
 3.61650000000000E+0003	 1.64261191398888E-0001	
 3.61850000000000E+0003	 1.63084620370696E-0001	
 3.62050000000000E+0003	 1.61838049342503E-0001	
 3.62250000000000E+0003	 1.60333978314311E-0001	
 3.62450000000000E+0003	 1.58901407286118E-0001	
 3.62650000000000E+0003	 1.57486836257926E-0001	
 3.62850000000000E+0003	 1.56098765229734E-0001	
 3.63050000000000E+0003	 1.54712194201541E-0001	
 3.63250000000000E+0003	 1.53289123173349E-0001	
 3.63450000000000E+0003	 1.52079552145157E-0001	
 3.63650000000000E+0003	 1.50779981116964E-0001	
 3.63850000000000E+0003	 1.49483410088772E-0001	
 3.64050000000000E+0003	 1.48118839060579E-0001	
 3.64250000000000E+0003	 1.46720268032387E-0001	
 3.64450000000000E+0003	 1.45269697004195E-0001	
 3.64650000000000E+0003	 1.43770125976002E-0001	
 3.64850000000000E+0003	 1.42318554947810E-0001	
 3.65050000000000E+0003	 1.41186483919618E-0001	
 3.65250000000000E+0003	 1.40055412891425E-0001	
 3.65450000000000E+0003	 1.38845841863233E-0001	
 3.65650000000000E+0003	 1.37781270835040E-0001	
 3.65850000000000E+0003	 1.36671199806848E-0001	
 3.66050000000000E+0003	 1.35559628778656E-0001	
 3.66250000000000E+0003	 1.34359557750463E-0001	
 3.66450000000000E+0003	 1.33152986722271E-0001	
 3.66650000000000E+0003	 1.32048915694079E-0001	
 3.66850000000000E+0003	 1.30912844665886E-0001	
 3.67050000000000E+0003	 1.29921773637694E-0001	
 3.67250000000000E+0003	 1.28843702609502E-0001	
 3.67450000000000E+0003	 1.27840631581309E-0001	
 3.67650000000000E+0003	 1.27029560553117E-0001	
 3.67850000000000E+0003	 1.26153489524924E-0001	
 3.68050000000000E+0003	 1.25476418496732E-0001	
 3.68250000000000E+0003	 1.24730847468540E-0001	
 3.68450000000000E+0003	 1.24083276440347E-0001	
 3.68650000000000E+0003	 1.23391205412155E-0001	
 3.68850000000000E+0003	 1.22786634383963E-0001	
 3.69050000000000E+0003	 1.22220063355770E-0001	
 3.69250000000000E+0003	 1.21535492327578E-0001	
 3.69450000000000E+0003	 1.20904921299385E-0001	
 3.69650000000000E+0003	 1.20389350271193E-0001	
 3.69850000000000E+0003	 1.19857779243001E-0001	
 3.70050000000000E+0003	 1.19332208214808E-0001	
 3.70250000000000E+0003	 1.18885137186616E-0001	
 3.70450000000000E+0003	 1.18378566158424E-0001	
 3.70650000000000E+0003	 1.17895495130231E-0001	
 3.70850000000000E+0003	 1.17427424102039E-0001	
 3.71050000000000E+0003	 1.16970853073846E-0001	
 3.71250000000000E+0003	 1.16660782045654E-0001	
 3.71450000000000E+0003	 1.16417211017462E-0001	
 3.71650000000000E+0003	 1.16180139989269E-0001	
 3.71850000000000E+0003	 1.15902068961077E-0001	
 3.72050000000000E+0003	 1.15530997932885E-0001	
 3.72250000000000E+0003	 1.15222926904692E-0001	
 3.72450000000000E+0003	 1.14893855876500E-0001	
 3.72650000000000E+0003	 1.14619284848307E-0001	
 3.72850000000000E+0003	 1.14387713820115E-0001	
 3.73050000000000E+0003	 1.14103642791923E-0001	
 3.73250000000000E+0003	 1.13882071763730E-0001	
 3.73450000000000E+0003	 1.13566000735538E-0001	
 3.73650000000000E+0003	 1.13320429707346E-0001	
 3.73850000000000E+0003	 1.13089358679153E-0001	
 3.74050000000000E+0003	 1.13131787650961E-0001	
 3.74250000000000E+0003	 1.12969716622769E-0001	
 3.74450000000000E+0003	 1.12710145594576E-0001	
 3.74650000000000E+0003	 1.12447574566384E-0001	
 3.74850000000000E+0003	 1.12243003538191E-0001	
 3.75050000000000E+0003	 1.12083432509999E-0001	
 3.75250000000000E+0003	 1.11991361481807E-0001	
 3.75450000000000E+0003	 1.11979290453614E-0001	
 3.75650000000000E+0003	 1.11966719425422E-0001	
 3.75850000000000E+0003	 1.11890648397230E-0001	
 3.76050000000000E+0003	 1.11856077369037E-0001	
 3.76250000000000E+0003	 1.11748006340845E-0001	
 3.76450000000000E+0003	 1.11623435312652E-0001	
 3.76650000000000E+0003	 1.11538864284460E-0001	
 3.76850000000000E+0003	 1.11363293256268E-0001	
 3.77050000000000E+0003	 1.11348722228075E-0001	
 3.77250000000000E+0003	 1.11287151199883E-0001	
 3.77450000000000E+0003	 1.11245080171691E-0001	
 3.77650000000000E+0003	 1.11140509143498E-0001	
 3.77850000000000E+0003	 1.11015938115306E-0001	
 3.78050000000000E+0003	 1.10970367087113E-0001	
 3.78250000000000E+0003	 1.10809796058921E-0001	
 3.78450000000000E+0003	 1.10733225030729E-0001	
 3.78650000000000E+0003	 1.10686654002536E-0001	
 3.78850000000000E+0003	 1.10636582974344E-0001	
 3.79050000000000E+0003	 1.10578511946152E-0001	
 3.79250000000000E+0003	 1.10475440917959E-0001	
 3.79450000000000E+0003	 1.10241869889767E-0001	
 3.79650000000000E+0003	 1.10160298861574E-0001	
 3.79850000000000E+0003	 1.10115727833382E-0001	
 3.80050000000000E+0003	 1.09932156805190E-0001	
 3.80250000000000E+0003	 1.09913085776997E-0001	
 3.80450000000000E+0003	 1.09734014748805E-0001	
 3.80650000000000E+0003	 1.09788443720613E-0001	
 3.80850000000000E+0003	 1.09819872692420E-0001	
 3.81050000000000E+0003	 1.09771301664228E-0001	
 3.81250000000000E+0003	 1.09806230636036E-0001	
 3.81450000000000E+0003	 1.09577159607843E-0001	
 3.81650000000000E+0003	 1.09512088579651E-0001	
 3.81850000000000E+0003	 1.09389017551458E-0001	
 3.82050000000000E+0003	 1.09399946523266E-0001	
 3.82250000000000E+0003	 1.09442375495074E-0001	
 3.82450000000000E+0003	 1.09259304466881E-0001	
 3.82650000000000E+0003	 1.09322733438689E-0001	
 3.82850000000000E+0003	 1.09299662410497E-0001	
 3.83050000000000E+0003	 1.09248591382304E-0001	
 3.83250000000000E+0003	 1.09333520354112E-0001	
 3.83450000000000E+0003	 1.09422449325919E-0001	
 3.83650000000000E+0003	 1.09350878297727E-0001	
 3.83850000000000E+0003	 1.09101307269535E-0001	
 3.84050000000000E+0003	 1.08930236241342E-0001	
 3.84250000000000E+0003	 1.08933165213150E-0001	
 3.84450000000000E+0003	 1.09032094184958E-0001	
 3.84650000000000E+0003	 1.09016023156765E-0001	
 3.84850000000000E+0003	 1.09057452128573E-0001	
 3.85050000000000E+0003	 1.09124381100380E-0001	
 3.85250000000000E+0003	 1.09163810072188E-0001	
 3.85450000000000E+0003	 1.09334239043996E-0001	
 3.85650000000000E+0003	 1.09074668015803E-0001	
 3.85850000000000E+0003	 1.08899596987611E-0001	
 3.86050000000000E+0003	 1.08876525959419E-0001	
 3.86250000000000E+0003	 1.08886954931226E-0001	
 3.86450000000000E+0003	 1.08950883903034E-0001	
 3.86650000000000E+0003	 1.08983312874841E-0001	
 3.86850000000000E+0003	 1.08817241846649E-0001	
 3.87050000000000E+0003	 1.08845670818457E-0001	
 3.87250000000000E+0003	 1.08769599790264E-0001	
 3.87450000000000E+0003	 1.08933028762072E-0001	
 3.87650000000000E+0003	 1.08994957733880E-0001	
 3.87850000000000E+0003	 1.08912886705687E-0001	
 3.88050000000000E+0003	 1.08969815677495E-0001	
 3.88250000000000E+0003	 1.08994744649303E-0001	
 3.88450000000000E+0003	 1.08911673621110E-0001	
 3.88650000000000E+0003	 1.08943102592918E-0001	
 3.88850000000000E+0003	 1.08940031564725E-0001	
 3.89050000000000E+0003	 1.09124460536533E-0001	
 3.89250000000000E+0003	 1.09207389508341E-0001	
 3.89450000000000E+0003	 1.09129318480148E-0001	
 3.89650000000000E+0003	 1.09152247451956E-0001	
 3.89850000000000E+0003	 1.09164176423764E-0001	
 3.90050000000000E+0003	 1.08993105395571E-0001	
 3.90250000000000E+0003	 1.08832534367379E-0001	
 3.90450000000000E+0003	 1.09085463339186E-0001	
 3.90650000000000E+0003	 1.09270892310994E-0001	
 3.90850000000000E+0003	 1.09291821282802E-0001	
 3.91050000000000E+0003	 1.09335750254609E-0001	
 3.91250000000000E+0003	 1.09393179226417E-0001	
 3.91450000000000E+0003	 1.09368608198225E-0001	
 3.91650000000000E+0003	 1.09282037170032E-0001	
 3.91850000000000E+0003	 1.09219466141840E-0001	
 3.92050000000000E+0003	 1.09314895113647E-0001	
 3.92250000000000E+0003	 1.09410324085455E-0001	
 3.92450000000000E+0003	 1.09517253057263E-0001	
 3.92650000000000E+0003	 1.09589182029070E-0001	
 3.92850000000000E+0003	 1.09585611000878E-0001	
 3.93050000000000E+0003	 1.09532039972686E-0001	
 3.93250000000000E+0003	 1.09449968944493E-0001	
 3.93450000000000E+0003	 1.09502397916301E-0001	
 3.93650000000000E+0003	 1.09618826888108E-0001	
 3.93850000000000E+0003	 1.09723255859916E-0001	
 3.94050000000000E+0003	 1.09734184831724E-0001	
 3.94250000000000E+0003	 1.09755113803531E-0001	
 3.94450000000000E+0003	 1.09739542775339E-0001	
 3.94650000000000E+0003	 1.09682971747147E-0001	
 3.94850000000000E+0003	 1.09701400718954E-0001	
 3.95050000000000E+0003	 1.09800329690762E-0001	
 3.95250000000000E+0003	 1.09899258662570E-0001	
 3.95450000000000E+0003	 1.09944187634377E-0001	
 3.95650000000000E+0003	 1.09969116606185E-0001	
 3.95850000000000E+0003	 1.09995045577992E-0001	
 3.96050000000000E+0003	 1.09993474549800E-0001	
 3.96250000000000E+0003	 1.10005403521608E-0001	
 3.96450000000000E+0003	 1.10054332493415E-0001	
 3.96650000000000E+0003	 1.10117761465223E-0001	
 3.96850000000000E+0003	 1.10156690437031E-0001	
 3.97050000000000E+0003	 1.10186619408838E-0001	
 3.97250000000000E+0003	 1.10222048380646E-0001	
 3.97450000000000E+0003	 1.10257477352453E-0001	
 3.97650000000000E+0003	 1.10286906324261E-0001	
 3.97850000000000E+0003	 1.10330835296069E-0001	
 3.98050000000000E+0003	 1.10383764267876E-0001	
 3.98250000000000E+0003	 1.10443193239684E-0001	
 3.98450000000000E+0003	 1.10488622211492E-0001	
 3.98650000000000E+0003	 1.10514051183299E-0001	
 3.98850000000000E+0003	 1.10522480155107E-0001	
 3.99050000000000E+0003	 1.10545909126914E-0001	
 3.99250000000000E+0003	 1.10576338098722E-0001	
 3.99450000000000E+0003	 1.10621267070530E-0001	
 3.99650000000000E+0003	 1.10428196042337E-0001	
 3.99850000000000E+0003	 1.10591625014145E-0001	

>1	DATALINE
