*CPCWIN*

>1	DATALINE
DATALINE
1
Operator:

Description:

Remarks:





15.9.2008
11:15


_x	_y
	
	
UNIT	UNIT
 4.50500000000000E+0002	 1.25390557850318E-0001	
 4.52500000000000E+0002	 1.25491871626441E-0001	
 4.54500000000000E+0002	 1.26373685402563E-0001	
 4.56500000000000E+0002	 1.26900999178686E-0001	
 4.58500000000000E+0002	 1.27371812954808E-0001	
 4.60500000000000E+0002	 1.27927626730931E-0001	
 4.62500000000000E+0002	 1.28721440507053E-0001	
 4.64500000000000E+0002	 1.29563254283176E-0001	
 4.66500000000000E+0002	 1.29569568059298E-0001	
 4.68500000000000E+0002	 1.29594881835421E-0001	
 4.70500000000000E+0002	 1.30279695611543E-0001	
 4.72500000000000E+0002	 1.30891509387666E-0001	
 4.74500000000000E+0002	 1.31606323163788E-0001	
 4.76500000000000E+0002	 1.32216636939911E-0001	
 4.78500000000000E+0002	 1.32971450716033E-0001	
 4.80500000000000E+0002	 1.33568264492156E-0001	
 4.82500000000000E+0002	 1.34021078268278E-0001	
 4.84500000000000E+0002	 1.34276892044401E-0001	
 4.86500000000000E+0002	 1.34710205820523E-0001	
 4.88500000000000E+0002	 1.35392519596646E-0001	
 4.90500000000000E+0002	 1.35707333372768E-0001	
 4.92500000000000E+0002	 1.36028147148891E-0001	
 4.94500000000000E+0002	 1.36756460925013E-0001	
 4.96500000000000E+0002	 1.37445274701136E-0001	
 4.98500000000000E+0002	 1.38009088477258E-0001	
 5.00500000000000E+0002	 1.38146402253381E-0001	
 5.02500000000000E+0002	 1.38480716029503E-0001	
 5.04500000000000E+0002	 1.39609029805626E-0001	
 5.06500000000000E+0002	 1.40635343581748E-0001	
 5.08500000000000E+0002	 1.41416657357871E-0001	
 5.10500000000000E+0002	 1.42256971133993E-0001	
 5.12500000000000E+0002	 1.43246284910116E-0001	
 5.14500000000000E+0002	 1.44042098686238E-0001	
 5.16500000000000E+0002	 1.44536912462360E-0001	
 5.18500000000000E+0002	 1.45300726238483E-0001	
 5.20500000000000E+0002	 1.46617540014605E-0001	
 5.22500000000000E+0002	 1.47915353790728E-0001	
 5.24500000000000E+0002	 1.48840667566850E-0001	
 5.26500000000000E+0002	 1.50312481342973E-0001	
 5.28500000000000E+0002	 1.52432795119095E-0001	
 5.30500000000000E+0002	 1.53723108895218E-0001	
 5.32500000000000E+0002	 1.53727422671340E-0001	
 5.34500000000000E+0002	 1.53127736447463E-0001	
 5.36500000000000E+0002	 1.52548550223585E-0001	
 5.38500000000000E+0002	 1.52009863999708E-0001	
 5.40500000000000E+0002	 1.51480177775830E-0001	
 5.42500000000000E+0002	 1.50932491551953E-0001	
 5.44500000000000E+0002	 1.50392305328075E-0001	
 5.46500000000000E+0002	 1.49786119104198E-0001	
 5.48500000000000E+0002	 1.49332432880320E-0001	
 5.50500000000000E+0002	 1.49029246656443E-0001	
 5.52500000000000E+0002	 1.48970560432565E-0001	
 5.54500000000000E+0002	 1.48778374208688E-0001	
 5.56500000000000E+0002	 1.48569687984810E-0001	
 5.58500000000000E+0002	 1.48312001760933E-0001	
 5.60500000000000E+0002	 1.48079315537055E-0001	
 5.62500000000000E+0002	 1.47682629313178E-0001	
 5.64500000000000E+0002	 1.47293943089300E-0001	
 5.66500000000000E+0002	 1.46775756865423E-0001	
 5.68500000000000E+0002	 1.46336570641545E-0001	
 5.70500000000000E+0002	 1.45948884417668E-0001	
 5.72500000000000E+0002	 1.45799698193790E-0001	
 5.74500000000000E+0002	 1.45415011969913E-0001	
 5.76500000000000E+0002	 1.45087825746035E-0001	
 5.78500000000000E+0002	 1.44864639522158E-0001	
 5.80500000000000E+0002	 1.44594453298280E-0001	
 5.82500000000000E+0002	 1.44258267074403E-0001	
 5.84500000000000E+0002	 1.44008080850525E-0001	
 5.86500000000000E+0002	 1.43753894626648E-0001	
 5.88500000000000E+0002	 1.43653208402770E-0001	
 5.90500000000000E+0002	 1.43280022178893E-0001	
 5.92500000000000E+0002	 1.43156335955015E-0001	
 5.94500000000000E+0002	 1.43250149731138E-0001	
 5.96500000000000E+0002	 1.43378963507260E-0001	
 5.98500000000000E+0002	 1.43151277283383E-0001	
 6.00500000000000E+0002	 1.43000091059505E-0001	
 6.02500000000000E+0002	 1.42937904835628E-0001	
 6.04500000000000E+0002	 1.42954718611750E-0001	
 6.06500000000000E+0002	 1.42837532387873E-0001	
 6.08500000000000E+0002	 1.42820346163995E-0001	
 6.10500000000000E+0002	 1.42666659940118E-0001	
 6.12500000000000E+0002	 1.42618473716240E-0001	
 6.14500000000000E+0002	 1.42434787492363E-0001	
 6.16500000000000E+0002	 1.42410101268485E-0001	
 6.18500000000000E+0002	 1.42213915044608E-0001	
 6.20500000000000E+0002	 1.41982228820730E-0001	
 6.22500000000000E+0002	 1.41549042596853E-0001	
 6.24500000000000E+0002	 1.41129356372975E-0001	
 6.26500000000000E+0002	 1.40629670149098E-0001	
 6.28500000000000E+0002	 1.40368983925220E-0001	
 6.30500000000000E+0002	 1.39873297701342E-0001	
 6.32500000000000E+0002	 1.39370611477465E-0001	
 6.34500000000000E+0002	 1.38719425253587E-0001	
 6.36500000000000E+0002	 1.38438739029710E-0001	
 6.38500000000000E+0002	 1.38116052805832E-0001	
 6.40500000000000E+0002	 1.37947866581955E-0001	
 6.42500000000000E+0002	 1.37698680358077E-0001	
 6.44500000000000E+0002	 1.37560494134200E-0001	
 6.46500000000000E+0002	 1.37258807910322E-0001	
 6.48500000000000E+0002	 1.37145121686445E-0001	
 6.50500000000000E+0002	 1.36874435462567E-0001	
 6.52500000000000E+0002	 1.36777249238690E-0001	
 6.54500000000000E+0002	 1.36560063014812E-0001	
 6.56500000000000E+0002	 1.36466876790935E-0001	
 6.58500000000000E+0002	 1.36167190567057E-0001	
 6.60500000000000E+0002	 1.36034504343180E-0001	
 6.62500000000000E+0002	 1.35748818119302E-0001	
 6.64500000000000E+0002	 1.35594131895425E-0001	
 6.66500000000000E+0002	 1.35378445671547E-0001	
 6.68500000000000E+0002	 1.34943259447670E-0001	
 6.70500000000000E+0002	 1.34064073223792E-0001	
 6.72500000000000E+0002	 1.33662386999915E-0001	
 6.74500000000000E+0002	 1.33047200776037E-0001	
 6.76500000000000E+0002	 1.32515514552160E-0001	
 6.78500000000000E+0002	 1.31832328328282E-0001	
 6.80500000000000E+0002	 1.31334142104405E-0001	
 6.82500000000000E+0002	 1.30742955880527E-0001	
 6.84500000000000E+0002	 1.30320269656650E-0001	
 6.86500000000000E+0002	 1.29759083432772E-0001	
 6.88500000000000E+0002	 1.29356897208895E-0001	
 6.90500000000000E+0002	 1.29017210985017E-0001	
 6.92500000000000E+0002	 1.28936524761140E-0001	
 6.94500000000000E+0002	 1.28775838537262E-0001	
 6.96500000000000E+0002	 1.28836652313385E-0001	
 6.98500000000000E+0002	 1.28833466089507E-0001	
 7.00500000000000E+0002	 1.28764279865630E-0001	
 7.02500000000000E+0002	 1.28225093641752E-0001	
 7.04500000000000E+0002	 1.27506407417875E-0001	
 7.06500000000000E+0002	 1.26669721193997E-0001	
 7.08500000000000E+0002	 1.25992034970120E-0001	
 7.10500000000000E+0002	 1.25383348746242E-0001	
 7.12500000000000E+0002	 1.24921662522365E-0001	
 7.14500000000000E+0002	 1.24326976298487E-0001	
 7.16500000000000E+0002	 1.23772290074610E-0001	
 7.18500000000000E+0002	 1.23243103850732E-0001	
 7.20500000000000E+0002	 1.22620917626855E-0001	
 7.22500000000000E+0002	 1.21793731402977E-0001	
 7.24500000000000E+0002	 1.20902545179100E-0001	
 7.26500000000000E+0002	 1.19965858955222E-0001	
 7.28500000000000E+0002	 1.19030672731345E-0001	
 7.30500000000000E+0002	 1.18144486507467E-0001	
 7.32500000000000E+0002	 1.17285800283590E-0001	
 7.34500000000000E+0002	 1.16571614059712E-0001	
 7.36500000000000E+0002	 1.15972927835835E-0001	
 7.38500000000000E+0002	 1.15522741611957E-0001	
 7.40500000000000E+0002	 1.15083055388080E-0001	
 7.42500000000000E+0002	 1.14732369164202E-0001	
 7.44500000000000E+0002	 1.14291182940324E-0001	
 7.46500000000000E+0002	 1.13928996716447E-0001	
 7.48500000000000E+0002	 1.13433310492569E-0001	
 7.50500000000000E+0002	 1.12967124268692E-0001	
 7.52500000000000E+0002	 1.12385438044814E-0001	
 7.54500000000000E+0002	 1.11926751820937E-0001	
 7.56500000000000E+0002	 1.11358565597059E-0001	
 7.58500000000000E+0002	 1.10893879373182E-0001	
 7.60500000000000E+0002	 1.10323693149304E-0001	
 7.62500000000000E+0002	 1.09989506925427E-0001	
 7.64500000000000E+0002	 1.09637320701549E-0001	
 7.66500000000000E+0002	 1.09444134477672E-0001	
 7.68500000000000E+0002	 1.09051948253794E-0001	
 7.70500000000000E+0002	 1.08779762029917E-0001	
 7.72500000000000E+0002	 1.08391075806039E-0001	
 7.74500000000000E+0002	 1.08271889582162E-0001	
 7.76500000000000E+0002	 1.08204703358284E-0001	
 7.78500000000000E+0002	 1.08389017134407E-0001	
 7.80500000000000E+0002	 1.08143330910529E-0001	
 7.82500000000000E+0002	 1.07610644686652E-0001	
 7.84500000000000E+0002	 1.06753458462774E-0001	
 7.86500000000000E+0002	 1.06136772238897E-0001	
 7.88500000000000E+0002	 1.05461586015019E-0001	
 7.90500000000000E+0002	 1.05011899791142E-0001	
 7.92500000000000E+0002	 1.04597713567264E-0001	
 7.94500000000000E+0002	 1.04515527343387E-0001	
 7.96500000000000E+0002	 1.04303341119509E-0001	
 7.98500000000000E+0002	 1.04057654895632E-0001	
 8.00500000000000E+0002	 1.03585968671754E-0001	
 8.02500000000000E+0002	 1.03265282447877E-0001	
 8.04500000000000E+0002	 1.02978596223999E-0001	
 8.06500000000000E+0002	 1.02909410000122E-0001	
 8.08500000000000E+0002	 1.02758223776244E-0001	
 8.10500000000000E+0002	 1.02628037552367E-0001	
 8.12500000000000E+0002	 1.02332851328489E-0001	
 8.14500000000000E+0002	 1.02019665104612E-0001	
 8.16500000000000E+0002	 1.01595978880734E-0001	
 8.18500000000000E+0002	 1.01184292656857E-0001	
 8.20500000000000E+0002	 1.00766606432979E-0001	
 8.22500000000000E+0002	 1.00394420209102E-0001	
 8.24500000000000E+0002	 1.00062233985224E-0001	
 8.26500000000000E+0002	 9.97605477613466E-0002	
 8.28500000000000E+0002	 9.94973615374691E-0002	
 8.30500000000000E+0002	 9.92526753135916E-0002	
 8.32500000000000E+0002	 9.90374890897141E-0002	
 8.34500000000000E+0002	 9.88053028658366E-0002	
 8.36500000000000E+0002	 9.86381166419591E-0002	
 8.38500000000000E+0002	 9.84499304180816E-0002	
 8.40500000000000E+0002	 9.83902441942041E-0002	
 8.42500000000000E+0002	 9.82950579703266E-0002	
 8.44500000000000E+0002	 9.83488717464490E-0002	
 8.46500000000000E+0002	 9.83666855225715E-0002	
 8.48500000000000E+0002	 9.85509992986940E-0002	
 8.50500000000000E+0002	 9.86763130748165E-0002	
 8.52500000000000E+0002	 9.90146268509390E-0002	
 8.54500000000000E+0002	 9.93044406270615E-0002	
 8.56500000000000E+0002	 9.97867544031840E-0002	
 8.58500000000000E+0002	 1.00108568179306E-0001	
 8.60500000000000E+0002	 1.00521881955429E-0001	
 8.62500000000000E+0002	 1.00685195731551E-0001	
 8.64500000000000E+0002	 1.00942009507674E-0001	
 8.66500000000000E+0002	 1.01031823283796E-0001	
 8.68500000000000E+0002	 1.01609137059919E-0001	
 8.70500000000000E+0002	 1.02850450836041E-0001	
 8.72500000000000E+0002	 1.04361264612164E-0001	
 8.74500000000000E+0002	 1.04242078388286E-0001	
 8.76500000000000E+0002	 1.03309892164409E-0001	
 8.78500000000000E+0002	 1.02249205940531E-0001	
 8.80500000000000E+0002	 1.01511519716654E-0001	
 8.82500000000000E+0002	 1.00685833492776E-0001	
 8.84500000000000E+0002	 1.00073147268899E-0001	
 8.86500000000000E+0002	 9.93524610450214E-0002	
 8.88500000000000E+0002	 9.88892748211439E-0002	
 8.90500000000000E+0002	 9.84150885972663E-0002	
 8.92500000000000E+0002	 9.81844023733888E-0002	
 8.94500000000000E+0002	 9.79267161495113E-0002	
 8.96500000000000E+0002	 9.78295299256338E-0002	
 8.98500000000000E+0002	 9.76308437017563E-0002	
 9.00500000000000E+0002	 9.75686574778788E-0002	
 9.02500000000000E+0002	 9.74909712540013E-0002	
 9.04500000000000E+0002	 9.76237850301238E-0002	
 9.06500000000000E+0002	 9.78380988062463E-0002	
 9.08500000000000E+0002	 9.82214125823688E-0002	
 9.10500000000000E+0002	 9.85892263584913E-0002	
 9.12500000000000E+0002	 9.89150401346137E-0002	
 9.14500000000000E+0002	 9.90528539107362E-0002	
 9.16500000000000E+0002	 9.90021676868587E-0002	
 9.18500000000000E+0002	 9.87694814629812E-0002	
 9.20500000000000E+0002	 9.84292952391037E-0002	
 9.22500000000000E+0002	 9.81186090152262E-0002	
 9.24500000000000E+0002	 9.78724227913487E-0002	
 9.26500000000000E+0002	 9.78112365674712E-0002	
 9.28500000000000E+0002	 9.78405503435937E-0002	
 9.30500000000000E+0002	 9.80198641197162E-0002	
 9.32500000000000E+0002	 9.81931778958387E-0002	
 9.34500000000000E+0002	 9.85029916719611E-0002	
 9.36500000000000E+0002	 9.87928054480836E-0002	
 9.38500000000000E+0002	 9.92556192242061E-0002	
 9.40500000000000E+0002	 9.97194330003286E-0002	
 9.42500000000000E+0002	 1.00396246776451E-0001	
 9.44500000000000E+0002	 1.01074560552574E-0001	
 9.46500000000000E+0002	 1.01970874328696E-0001	
 9.48500000000000E+0002	 1.02837188104819E-0001	
 9.50500000000000E+0002	 1.03903001880941E-0001	
 9.52500000000000E+0002	 1.04942815657064E-0001	
 9.54500000000000E+0002	 1.06213129433186E-0001	
 9.56500000000000E+0002	 1.07456943209309E-0001	
 9.58500000000000E+0002	 1.08865756985431E-0001	
 9.60500000000000E+0002	 1.10124070761554E-0001	
 9.62500000000000E+0002	 1.11409884537676E-0001	
 9.64500000000000E+0002	 1.12434698313799E-0001	
 9.66500000000000E+0002	 1.13398512089921E-0001	
 9.68500000000000E+0002	 1.14111825866044E-0001	
 9.70500000000000E+0002	 1.14851139642166E-0001	
 9.72500000000000E+0002	 1.15500453418288E-0001	
 9.74500000000000E+0002	 1.16328267194411E-0001	
 9.76500000000000E+0002	 1.17241580970533E-0001	
 9.78500000000000E+0002	 1.18440894746656E-0001	
 9.80500000000000E+0002	 1.19750708522778E-0001	
 9.82500000000000E+0002	 1.21195022298901E-0001	
 9.84500000000000E+0002	 1.22553336075023E-0001	
 9.86500000000000E+0002	 1.23861149851146E-0001	
 9.88500000000000E+0002	 1.25033963627268E-0001	
 9.90500000000000E+0002	 1.26127277403391E-0001	
 9.92500000000000E+0002	 1.27095091179513E-0001	
 9.94500000000000E+0002	 1.27987904955636E-0001	
 9.96500000000000E+0002	 1.28878718731758E-0001	
 9.98500000000000E+0002	 1.29784032507881E-0001	
 1.00050000000000E+0003	 1.30784846284003E-0001	
 1.00250000000000E+0003	 1.31978660060126E-0001	
 1.00450000000000E+0003	 1.33520973836248E-0001	
 1.00650000000000E+0003	 1.35284787612371E-0001	
 1.00850000000000E+0003	 1.37325601388493E-0001	
 1.01050000000000E+0003	 1.39436415164616E-0001	
 1.01250000000000E+0003	 1.41699228940738E-0001	
 1.01450000000000E+0003	 1.43944042716861E-0001	
 1.01650000000000E+0003	 1.46336356492983E-0001	
 1.01850000000000E+0003	 1.48679170269106E-0001	
 1.02050000000000E+0003	 1.51124984045228E-0001	
 1.02250000000000E+0003	 1.53433797821351E-0001	
 1.02450000000000E+0003	 1.55794111597473E-0001	
 1.02650000000000E+0003	 1.57992425373596E-0001	
 1.02850000000000E+0003	 1.60222239149718E-0001	
 1.03050000000000E+0003	 1.62315552925841E-0001	
 1.03250000000000E+0003	 1.64448866701963E-0001	
 1.03450000000000E+0003	 1.65908180478086E-0001	
 1.03650000000000E+0003	 1.67010994254208E-0001	
 1.03850000000000E+0003	 1.68002808030331E-0001	
 1.04050000000000E+0003	 1.69020621806453E-0001	
 1.04250000000000E+0003	 1.69810935582576E-0001	
 1.04450000000000E+0003	 1.70661749358698E-0001	
 1.04650000000000E+0003	 1.71458563134821E-0001	
 1.04850000000000E+0003	 1.72465376910943E-0001	
 1.05050000000000E+0003	 1.73511190687066E-0001	
 1.05250000000000E+0003	 1.74672004463188E-0001	
 1.05450000000000E+0003	 1.75695318239311E-0001	
 1.05650000000000E+0003	 1.76676132015433E-0001	
 1.05850000000000E+0003	 1.77402945791556E-0001	
 1.06050000000000E+0003	 1.77967259567678E-0001	
 1.06250000000000E+0003	 1.78279573343801E-0001	
 1.06450000000000E+0003	 1.78515887119923E-0001	
 1.06650000000000E+0003	 1.78696200896046E-0001	
 1.06850000000000E+0003	 1.78952514672168E-0001	
 1.07050000000000E+0003	 1.79243828448291E-0001	
 1.07250000000000E+0003	 1.79611142224413E-0001	
 1.07450000000000E+0003	 1.79976456000536E-0001	
 1.07650000000000E+0003	 1.80292769776658E-0001	
 1.07850000000000E+0003	 1.80493583552781E-0001	
 1.08050000000000E+0003	 1.80527897328903E-0001	
 1.08250000000000E+0003	 1.80415711105025E-0001	
 1.08450000000000E+0003	 1.80110524881148E-0001	
 1.08650000000000E+0003	 1.79631338657270E-0001	
 1.08850000000000E+0003	 1.78889652433393E-0001	
 1.09050000000000E+0003	 1.77919966209515E-0001	
 1.09250000000000E+0003	 1.76680279985638E-0001	
 1.09450000000000E+0003	 1.75357093761760E-0001	
 1.09650000000000E+0003	 1.73993907537883E-0001	
 1.09850000000000E+0003	 1.72756721314005E-0001	
 1.10050000000000E+0003	 1.71538035090128E-0001	
 1.10250000000000E+0003	 1.70404348866250E-0001	
 1.10450000000000E+0003	 1.69200162642373E-0001	
 1.10650000000000E+0003	 1.68016976418495E-0001	
 1.10850000000000E+0003	 1.66796790194618E-0001	
 1.11050000000000E+0003	 1.65706103970740E-0001	
 1.11250000000000E+0003	 1.64619417746863E-0001	
 1.11450000000000E+0003	 1.63544231522985E-0001	
 1.11650000000000E+0003	 1.62262045299108E-0001	
 1.11850000000000E+0003	 1.60821859075230E-0001	
 1.12050000000000E+0003	 1.59136672851353E-0001	
 1.12250000000000E+0003	 1.57360486627475E-0001	
 1.12450000000000E+0003	 1.55432800403598E-0001	
 1.12650000000000E+0003	 1.53337114179720E-0001	
 1.12850000000000E+0003	 1.50944427955843E-0001	
 1.13050000000000E+0003	 1.48378741731965E-0001	
 1.13250000000000E+0003	 1.45829555508088E-0001	
 1.13450000000000E+0003	 1.43509369284210E-0001	
 1.13650000000000E+0003	 1.41460183060333E-0001	
 1.13850000000000E+0003	 1.39764496836455E-0001	
 1.14050000000000E+0003	 1.38463810612578E-0001	
 1.14250000000000E+0003	 1.37535124388700E-0001	
 1.14450000000000E+0003	 1.36921438164823E-0001	
 1.14650000000000E+0003	 1.36468251940945E-0001	
 1.14850000000000E+0003	 1.36071565717068E-0001	
 1.15050000000000E+0003	 1.35579379493190E-0001	
 1.15250000000000E+0003	 1.35009193269313E-0001	
 1.15450000000000E+0003	 1.34275007045435E-0001	
 1.15650000000000E+0003	 1.33461320821558E-0001	
 1.15850000000000E+0003	 1.32509634597680E-0001	
 1.16050000000000E+0003	 1.31551448373803E-0001	
 1.16250000000000E+0003	 1.30490762149925E-0001	
 1.16450000000000E+0003	 1.29426075926048E-0001	
 1.16650000000000E+0003	 1.28264389702170E-0001	
 1.16850000000000E+0003	 1.27154203478293E-0001	
 1.17050000000000E+0003	 1.25938517254415E-0001	
 1.17250000000000E+0003	 1.24648331030538E-0001	
 1.17450000000000E+0003	 1.23116144806660E-0001	
 1.17650000000000E+0003	 1.21571958582783E-0001	
 1.17850000000000E+0003	 1.19994272358905E-0001	
 1.18050000000000E+0003	 1.18652086135028E-0001	
 1.18250000000000E+0003	 1.17508899911150E-0001	
 1.18450000000000E+0003	 1.16745713687273E-0001	
 1.18650000000000E+0003	 1.16274527463395E-0001	
 1.18850000000000E+0003	 1.16267341239518E-0001	
 1.19050000000000E+0003	 1.16568155015640E-0001	
 1.19250000000000E+0003	 1.17265468791763E-0001	
 1.19450000000000E+0003	 1.18242282567885E-0001	
 1.19650000000000E+0003	 1.19552096344007E-0001	
 1.19850000000000E+0003	 1.21049910120130E-0001	
 1.20050000000000E+0003	 1.22830723896252E-0001	
 1.20250000000000E+0003	 1.24763037672375E-0001	
 1.20450000000000E+0003	 1.26863351448497E-0001	
 1.20650000000000E+0003	 1.29027665224620E-0001	
 1.20850000000000E+0003	 1.31334479000742E-0001	
 1.21050000000000E+0003	 1.33842792776865E-0001	
 1.21250000000000E+0003	 1.36871106552987E-0001	
 1.21450000000000E+0003	 1.40645920329110E-0001	
 1.21650000000000E+0003	 1.45156734105232E-0001	
 1.21850000000000E+0003	 1.49884547881355E-0001	
 1.22050000000000E+0003	 1.53900361657477E-0001	
 1.22250000000000E+0003	 1.56285675433600E-0001	
 1.22450000000000E+0003	 1.57004489209722E-0001	
 1.22650000000000E+0003	 1.56996802985845E-0001	
 1.22850000000000E+0003	 1.56953616761967E-0001	
 1.23050000000000E+0003	 1.56902430538090E-0001	
 1.23250000000000E+0003	 1.56699244314212E-0001	
 1.23450000000000E+0003	 1.56404558090335E-0001	
 1.23650000000000E+0003	 1.56039871866457E-0001	
 1.23850000000000E+0003	 1.55677185642580E-0001	
 1.24050000000000E+0003	 1.55281999418702E-0001	
 1.24250000000000E+0003	 1.54874813194825E-0001	
 1.24450000000000E+0003	 1.54377626970947E-0001	
 1.24650000000000E+0003	 1.53827440747070E-0001	
 1.24850000000000E+0003	 1.53111254523192E-0001	
 1.25050000000000E+0003	 1.52254568299315E-0001	
 1.25250000000000E+0003	 1.51189882075437E-0001	
 1.25450000000000E+0003	 1.50004195851560E-0001	
 1.25650000000000E+0003	 1.48708509627682E-0001	
 1.25850000000000E+0003	 1.47394323403805E-0001	
 1.26050000000000E+0003	 1.46013637179927E-0001	
 1.26250000000000E+0003	 1.44607950956050E-0001	
 1.26450000000000E+0003	 1.43048764732172E-0001	
 1.26650000000000E+0003	 1.41492078508295E-0001	
 1.26850000000000E+0003	 1.40082392284417E-0001	
 1.27050000000000E+0003	 1.38942206060540E-0001	
 1.27250000000000E+0003	 1.38093519836662E-0001	
 1.27450000000000E+0003	 1.37475333612785E-0001	
 1.27650000000000E+0003	 1.36954147388907E-0001	
 1.27850000000000E+0003	 1.36545961165030E-0001	
 1.28050000000000E+0003	 1.36232774941152E-0001	
 1.28250000000000E+0003	 1.35936588717275E-0001	
 1.28450000000000E+0003	 1.35514902493397E-0001	
 1.28650000000000E+0003	 1.34922716269520E-0001	
 1.28850000000000E+0003	 1.34377030045642E-0001	
 1.29050000000000E+0003	 1.34020343821765E-0001	
 1.29250000000000E+0003	 1.33716657597887E-0001	
 1.29450000000000E+0003	 1.33331471374010E-0001	
 1.29650000000000E+0003	 1.32978785150132E-0001	
 1.29850000000000E+0003	 1.32794098926255E-0001	
 1.30050000000000E+0003	 1.32757912702377E-0001	
 1.30250000000000E+0003	 1.32729226478500E-0001	
 1.30450000000000E+0003	 1.32741540254622E-0001	
 1.30650000000000E+0003	 1.32717854030745E-0001	
 1.30850000000000E+0003	 1.32747167806867E-0001	
 1.31050000000000E+0003	 1.32655481582989E-0001	
 1.31250000000000E+0003	 1.32371295359112E-0001	
 1.31450000000000E+0003	 1.32101109135234E-0001	
 1.31650000000000E+0003	 1.31831422911357E-0001	
 1.31850000000000E+0003	 1.31372736687479E-0001	
 1.32050000000000E+0003	 1.31045550463602E-0001	
 1.32250000000000E+0003	 1.30714864239724E-0001	
 1.32450000000000E+0003	 1.30368178015847E-0001	
 1.32650000000000E+0003	 1.30034491791969E-0001	
 1.32850000000000E+0003	 1.29881305568092E-0001	
 1.33050000000000E+0003	 1.29888619344214E-0001	
 1.33250000000000E+0003	 1.30128933120337E-0001	
 1.33450000000000E+0003	 1.30256746896459E-0001	
 1.33650000000000E+0003	 1.30072560672582E-0001	
 1.33850000000000E+0003	 1.29757374448704E-0001	
 1.34050000000000E+0003	 1.30458188224827E-0001	
 1.34250000000000E+0003	 1.31894002000949E-0001	
 1.34450000000000E+0003	 1.32873815777072E-0001	
 1.34650000000000E+0003	 1.33569629553194E-0001	
 1.34850000000000E+0003	 1.34560943329317E-0001	
 1.35050000000000E+0003	 1.36003757105439E-0001	
 1.35250000000000E+0003	 1.37939570881562E-0001	
 1.35450000000000E+0003	 1.40089884657684E-0001	
 1.35650000000000E+0003	 1.42332198433807E-0001	
 1.35850000000000E+0003	 1.44302012209929E-0001	
 1.36050000000000E+0003	 1.45810325986052E-0001	
 1.36250000000000E+0003	 1.47204639762174E-0001	
 1.36450000000000E+0003	 1.49170453538297E-0001	
 1.36650000000000E+0003	 1.50457267314419E-0001	
 1.36850000000000E+0003	 1.50470581090542E-0001	
 1.37050000000000E+0003	 1.49958894866664E-0001	
 1.37250000000000E+0003	 1.49320208642787E-0001	
 1.37450000000000E+0003	 1.48886522418909E-0001	
 1.37650000000000E+0003	 1.49158836195032E-0001	
 1.37850000000000E+0003	 1.49677649971154E-0001	
 1.38050000000000E+0003	 1.50633963747277E-0001	
 1.38250000000000E+0003	 1.51890277523399E-0001	
 1.38450000000000E+0003	 1.52934091299522E-0001	
 1.38650000000000E+0003	 1.53543405075644E-0001	
 1.38850000000000E+0003	 1.54809218851767E-0001	
 1.39050000000000E+0003	 1.56471532627889E-0001	
 1.39250000000000E+0003	 1.57756346404012E-0001	
 1.39450000000000E+0003	 1.58695160180134E-0001	
 1.39650000000000E+0003	 1.59534473956257E-0001	
 1.39850000000000E+0003	 1.60524787732379E-0001	
 1.40050000000000E+0003	 1.61416601508502E-0001	
 1.40250000000000E+0003	 1.61601915284624E-0001	
 1.40450000000000E+0003	 1.61107229060747E-0001	
 1.40650000000000E+0003	 1.60602542836869E-0001	
 1.40850000000000E+0003	 1.60040356612992E-0001	
 1.41050000000000E+0003	 1.59231170389114E-0001	
 1.41250000000000E+0003	 1.58565484165237E-0001	
 1.41450000000000E+0003	 1.57775797941359E-0001	
 1.41650000000000E+0003	 1.56328611717482E-0001	
 1.41850000000000E+0003	 1.54834925493604E-0001	
 1.42050000000000E+0003	 1.53863239269727E-0001	
 1.42250000000000E+0003	 1.52854553045849E-0001	
 1.42450000000000E+0003	 1.51191366821971E-0001	
 1.42650000000000E+0003	 1.49939180598094E-0001	
 1.42850000000000E+0003	 1.49058994374216E-0001	
 1.43050000000000E+0003	 1.48360308150339E-0001	
 1.43250000000000E+0003	 1.47916621926461E-0001	
 1.43450000000000E+0003	 1.47872435702584E-0001	
 1.43650000000000E+0003	 1.48366749478706E-0001	
 1.43850000000000E+0003	 1.49671563254829E-0001	
 1.44050000000000E+0003	 1.50802877030951E-0001	
 1.44250000000000E+0003	 1.51520190807074E-0001	
 1.44450000000000E+0003	 1.52058004583196E-0001	
 1.44650000000000E+0003	 1.52511318359319E-0001	
 1.44850000000000E+0003	 1.52799632135441E-0001	
 1.45050000000000E+0003	 1.53108945911564E-0001	
 1.45250000000000E+0003	 1.53217259687686E-0001	
 1.45450000000000E+0003	 1.52636073463809E-0001	
 1.45650000000000E+0003	 1.51817387239931E-0001	
 1.45850000000000E+0003	 1.51371701016054E-0001	
 1.46050000000000E+0003	 1.50916014792176E-0001	
 1.46250000000000E+0003	 1.50322828568299E-0001	
 1.46450000000000E+0003	 1.49602142344421E-0001	
 1.46650000000000E+0003	 1.48357456120544E-0001	
 1.46850000000000E+0003	 1.46936269896666E-0001	
 1.47050000000000E+0003	 1.45200583672789E-0001	
 1.47250000000000E+0003	 1.42367397448911E-0001	
 1.47450000000000E+0003	 1.39606211225034E-0001	
 1.47650000000000E+0003	 1.37970025001156E-0001	
 1.47850000000000E+0003	 1.37080338777279E-0001	
 1.48050000000000E+0003	 1.36619152553401E-0001	
 1.48250000000000E+0003	 1.36692466329524E-0001	
 1.48450000000000E+0003	 1.37315280105646E-0001	
 1.48650000000000E+0003	 1.38332093881769E-0001	
 1.48850000000000E+0003	 1.39173907657891E-0001	
 1.49050000000000E+0003	 1.40746221434014E-0001	
 1.49250000000000E+0003	 1.43252035210136E-0001	
 1.49450000000000E+0003	 1.45485848986259E-0001	
 1.49650000000000E+0003	 1.48214162762381E-0001	
 1.49850000000000E+0003	 1.51577976538504E-0001	
 1.50050000000000E+0003	 1.53950290314626E-0001	
 1.50250000000000E+0003	 1.56321104090749E-0001	
 1.50450000000000E+0003	 1.58831917866871E-0001	
 1.50650000000000E+0003	 1.61716731642994E-0001	
 1.50850000000000E+0003	 1.64525045419116E-0001	
 1.51050000000000E+0003	 1.68949359195239E-0001	
 1.51250000000000E+0003	 1.73388172971361E-0001	
 1.51450000000000E+0003	 1.77403986747484E-0001	
 1.51650000000000E+0003	 1.80806300523606E-0001	
 1.51850000000000E+0003	 1.83264614299729E-0001	
 1.52050000000000E+0003	 1.84857928075851E-0001	
 1.52250000000000E+0003	 1.87504241851974E-0001	
 1.52450000000000E+0003	 1.89874055628096E-0001	
 1.52650000000000E+0003	 1.92131369404219E-0001	
 1.52850000000000E+0003	 1.95010683180341E-0001	
 1.53050000000000E+0003	 1.97825996956464E-0001	
 1.53250000000000E+0003	 2.00818310732586E-0001	
 1.53450000000000E+0003	 2.03655624508709E-0001	
 1.53650000000000E+0003	 2.05404438284831E-0001	
 1.53850000000000E+0003	 2.07641252060953E-0001	
 1.54050000000000E+0003	 2.10895565837076E-0001	
 1.54250000000000E+0003	 2.11631879613198E-0001	
 1.54450000000000E+0003	 2.11305193389321E-0001	
 1.54650000000000E+0003	 2.11491007165443E-0001	
 1.54850000000000E+0003	 2.11025820941566E-0001	
 1.55050000000000E+0003	 2.09492134717688E-0001	
 1.55250000000000E+0003	 2.07924448493811E-0001	
 1.55450000000000E+0003	 2.05992262269933E-0001	
 1.55650000000000E+0003	 2.04382076046056E-0001	
 1.55850000000000E+0003	 2.01952389822178E-0001	
 1.56050000000000E+0003	 1.96986203598301E-0001	
 1.56250000000000E+0003	 1.94758517374423E-0001	
 1.56450000000000E+0003	 1.93166831150546E-0001	
 1.56650000000000E+0003	 1.90911644926668E-0001	
 1.56850000000000E+0003	 1.89435458702791E-0001	
 1.57050000000000E+0003	 1.87309772478913E-0001	
 1.57250000000000E+0003	 1.84967086255036E-0001	
 1.57450000000000E+0003	 1.82815400031158E-0001	
 1.57650000000000E+0003	 1.80909213807281E-0001	
 1.57850000000000E+0003	 1.79478527583403E-0001	
 1.58050000000000E+0003	 1.78516841359526E-0001	
 1.58250000000000E+0003	 1.77222155135648E-0001	
 1.58450000000000E+0003	 1.76385468911771E-0001	
 1.58650000000000E+0003	 1.75826282687893E-0001	
 1.58850000000000E+0003	 1.75702096464016E-0001	
 1.59050000000000E+0003	 1.75829910240138E-0001	
 1.59250000000000E+0003	 1.76474224016261E-0001	
 1.59450000000000E+0003	 1.77228537792383E-0001	
 1.59650000000000E+0003	 1.78261851568506E-0001	
 1.59850000000000E+0003	 1.79441165344628E-0001	
 1.60050000000000E+0003	 1.80981979120751E-0001	
 1.60250000000000E+0003	 1.82691292896873E-0001	
 1.60450000000000E+0003	 1.84895606672996E-0001	
 1.60650000000000E+0003	 1.87372920449118E-0001	
 1.60850000000000E+0003	 1.90437734225241E-0001	
 1.61050000000000E+0003	 1.93956048001363E-0001	
 1.61250000000000E+0003	 1.98069361777486E-0001	
 1.61450000000000E+0003	 2.02081675553608E-0001	
 1.61650000000000E+0003	 2.07069989329731E-0001	
 1.61850000000000E+0003	 2.12491803105853E-0001	
 1.62050000000000E+0003	 2.17726616881976E-0001	
 1.62250000000000E+0003	 2.23637430658098E-0001	
 1.62450000000000E+0003	 2.29984744434221E-0001	
 1.62650000000000E+0003	 2.35817058210343E-0001	
 1.62850000000000E+0003	 2.41814871986466E-0001	
 1.63050000000000E+0003	 2.47412685762588E-0001	
 1.63250000000000E+0003	 2.52718499538711E-0001	
 1.63450000000000E+0003	 2.58162313314833E-0001	
 1.63650000000000E+0003	 2.62690127090956E-0001	
 1.63850000000000E+0003	 2.65300440867078E-0001	
 1.64050000000000E+0003	 2.67173754643201E-0001	
 1.64250000000000E+0003	 2.68761068419323E-0001	
 1.64450000000000E+0003	 2.70177382195446E-0001	
 1.64650000000000E+0003	 2.72118695971568E-0001	
 1.64850000000000E+0003	 2.73235509747691E-0001	
 1.65050000000000E+0003	 2.73056323523813E-0001	
 1.65250000000000E+0003	 2.73958637299935E-0001	
 1.65450000000000E+0003	 2.74207451076058E-0001	
 1.65650000000000E+0003	 2.74036764852180E-0001	
 1.65850000000000E+0003	 2.73114578628303E-0001	
 1.66050000000000E+0003	 2.71565392404425E-0001	
 1.66250000000000E+0003	 2.69323706180548E-0001	
 1.66450000000000E+0003	 2.65753519956670E-0001	
 1.66650000000000E+0003	 2.62392333732793E-0001	
 1.66850000000000E+0003	 2.59486147508915E-0001	
 1.67050000000000E+0003	 2.55704961285038E-0001	
 1.67250000000000E+0003	 2.51876275061160E-0001	
 1.67450000000000E+0003	 2.48642088837283E-0001	
 1.67650000000000E+0003	 2.44665902613405E-0001	
 1.67850000000000E+0003	 2.40814216389528E-0001	
 1.68050000000000E+0003	 2.37513030165650E-0001	
 1.68250000000000E+0003	 2.34762343941773E-0001	
 1.68450000000000E+0003	 2.30707157717895E-0001	
 1.68650000000000E+0003	 2.26671471494018E-0001	
 1.68850000000000E+0003	 2.24121785270140E-0001	
 1.69050000000000E+0003	 2.20946099046263E-0001	
 1.69250000000000E+0003	 2.17477912822385E-0001	
 1.69450000000000E+0003	 2.13585726598508E-0001	
 1.69650000000000E+0003	 2.09818540374630E-0001	
 1.69850000000000E+0003	 2.08257354150753E-0001	
 1.70050000000000E+0003	 2.07060167926875E-0001	
 1.70250000000000E+0003	 2.05515481702998E-0001	
 1.70450000000000E+0003	 2.05532295479120E-0001	
 1.70650000000000E+0003	 2.05497609255243E-0001	
 1.70850000000000E+0003	 2.05131923031365E-0001	
 1.71050000000000E+0003	 2.05014236807488E-0001	
 1.71250000000000E+0003	 2.04638050583610E-0001	
 1.71450000000000E+0003	 2.02825364359733E-0001	
 1.71650000000000E+0003	 1.98474678135855E-0001	
 1.71850000000000E+0003	 1.91575991911978E-0001	
 1.72050000000000E+0003	 1.83850305688100E-0001	
 1.72250000000000E+0003	 1.76035119464223E-0001	
 1.72450000000000E+0003	 1.68646433240345E-0001	
 1.72650000000000E+0003	 1.62855247016468E-0001	
 1.72850000000000E+0003	 1.58162060792590E-0001	
 1.73050000000000E+0003	 1.53947874568713E-0001	
 1.73250000000000E+0003	 1.50486688344835E-0001	
 1.73450000000000E+0003	 1.48419502120958E-0001	
 1.73650000000000E+0003	 1.47389315897080E-0001	
 1.73850000000000E+0003	 1.46611129673203E-0001	
 1.74050000000000E+0003	 1.44847443449325E-0001	
 1.74250000000000E+0003	 1.42236757225448E-0001	
 1.74450000000000E+0003	 1.39979571001570E-0001	
 1.74650000000000E+0003	 1.38324884777693E-0001	
 1.74850000000000E+0003	 1.35970198553815E-0001	
 1.75050000000000E+0003	 1.32665512329938E-0001	
 1.75250000000000E+0003	 1.30153826106060E-0001	
 1.75450000000000E+0003	 1.28546639882183E-0001	
 1.75650000000000E+0003	 1.26051453658305E-0001	
 1.75850000000000E+0003	 1.23376267434428E-0001	
 1.76050000000000E+0003	 1.21171081210550E-0001	
 1.76250000000000E+0003	 1.18877894986673E-0001	
 1.76450000000000E+0003	 1.16520708762795E-0001	
 1.76650000000000E+0003	 1.14284522538917E-0001	
 1.76850000000000E+0003	 1.12417336315040E-0001	
 1.77050000000000E+0003	 1.11728150091162E-0001	
 1.77250000000000E+0003	 1.10397463867285E-0001	
 1.77450000000000E+0003	 1.08478277643407E-0001	
 1.77650000000000E+0003	 1.07109591419530E-0001	
 1.77850000000000E+0003	 1.06044905195652E-0001	
 1.78050000000000E+0003	 1.04989718971775E-0001	
 1.78250000000000E+0003	 1.03985532747897E-0001	
 1.78450000000000E+0003	 1.02907346524020E-0001	
 1.78650000000000E+0003	 1.02240160300142E-0001	
 1.78850000000000E+0003	 1.01635474076265E-0001	
 1.79050000000000E+0003	 1.00949787852387E-0001	
 1.79250000000000E+0003	 1.00288601628510E-0001	
 1.79450000000000E+0003	 9.94674154046324E-0002	
 1.79650000000000E+0003	 9.87182291807549E-0002	
 1.79850000000000E+0003	 9.83850429568774E-0002	
 1.80050000000000E+0003	 9.74368567329998E-0002	
 1.80250000000000E+0003	 9.65151705091223E-0002	
 1.80450000000000E+0003	 9.62289842852448E-0002	
 1.80650000000000E+0003	 9.58392980613673E-0002	
 1.80850000000000E+0003	 9.52801118374898E-0002	
 1.81050000000000E+0003	 9.47799256136123E-0002	
 1.81250000000000E+0003	 9.41542393897348E-0002	
 1.81450000000000E+0003	 9.37835531658573E-0002	
 1.81650000000000E+0003	 9.32338669419798E-0002	
 1.81850000000000E+0003	 9.28056807181023E-0002	
 1.82050000000000E+0003	 9.24749944942248E-0002	
 1.82250000000000E+0003	 9.20458082703472E-0002	
 1.82450000000000E+0003	 9.15536220464697E-0002	
 1.82650000000000E+0003	 9.13084358225922E-0002	
 1.82850000000000E+0003	 9.13867495987147E-0002	
 1.83050000000000E+0003	 9.09945633748372E-0002	
 1.83250000000000E+0003	 9.02128771509597E-0002	
 1.83450000000000E+0003	 8.97751909270822E-0002	
 1.83650000000000E+0003	 8.94690047032047E-0002	
 1.83850000000000E+0003	 8.91398184793272E-0002	
 1.84050000000000E+0003	 8.87681322554497E-0002	
 1.84250000000000E+0003	 8.83409460315722E-0002	
 1.84450000000000E+0003	 8.80312598076946E-0002	
 1.84650000000000E+0003	 8.76025735838171E-0002	
 1.84850000000000E+0003	 8.74198873599396E-0002	
 1.85050000000000E+0003	 8.74482011360621E-0002	
 1.85250000000000E+0003	 8.73885149121846E-0002	
 1.85450000000000E+0003	 8.71638286883071E-0002	
 1.85650000000000E+0003	 8.68941424644296E-0002	
 1.85850000000000E+0003	 8.65594562405521E-0002	
 1.86050000000000E+0003	 8.62767700166746E-0002	
 1.86250000000000E+0003	 8.61035837927971E-0002	
 1.86450000000000E+0003	 8.60198975689196E-0002	
 1.86650000000000E+0003	 8.58652113450421E-0002	
 1.86850000000000E+0003	 8.55615251211645E-0002	
 1.87050000000000E+0003	 8.52363388972870E-0002	
 1.87250000000000E+0003	 8.51976526734095E-0002	
 1.87450000000000E+0003	 8.51839664495320E-0002	
 1.87650000000000E+0003	 8.50527802256545E-0002	
 1.87850000000000E+0003	 8.48600940017770E-0002	
 1.88050000000000E+0003	 8.47329077778995E-0002	
 1.88250000000000E+0003	 8.46257215540220E-0002	
 1.88450000000000E+0003	 8.44855353301445E-0002	
 1.88650000000000E+0003	 8.43548491062670E-0002	
 1.88850000000000E+0003	 8.42281628823895E-0002	
 1.89050000000000E+0003	 8.40214766585119E-0002	
 1.89250000000000E+0003	 8.39032904346344E-0002	
 1.89450000000000E+0003	 8.37526042107569E-0002	
 1.89650000000000E+0003	 8.36374179868794E-0002	
 1.89850000000000E+0003	 8.36082317630019E-0002	
 1.90050000000000E+0003	 8.35310455391244E-0002	
 1.90250000000000E+0003	 8.34223593152469E-0002	
 1.90450000000000E+0003	 8.33341730913694E-0002	
 1.90650000000000E+0003	 8.31804868674919E-0002	
 1.90850000000000E+0003	 8.29778006436144E-0002	
 1.91050000000000E+0003	 8.28716144197369E-0002	
 1.91250000000000E+0003	 8.28754281958593E-0002	
 1.91450000000000E+0003	 8.28297419719818E-0002	
 1.91650000000000E+0003	 8.27105557481043E-0002	
 1.91850000000000E+0003	 8.25508695242268E-0002	
 1.92050000000000E+0003	 8.23786833003493E-0002	
 1.92250000000000E+0003	 8.21879970764718E-0002	
 1.92450000000000E+0003	 8.22358108525943E-0002	
 1.92650000000000E+0003	 8.24141246287168E-0002	
 1.92850000000000E+0003	 8.24209384048393E-0002	
 1.93050000000000E+0003	 8.23727521809618E-0002	
 1.93250000000000E+0003	 8.22960659570843E-0002	
 1.93450000000000E+0003	 8.22558797332068E-0002	
 1.93650000000000E+0003	 8.22306935093292E-0002	
 1.93850000000000E+0003	 8.21905072854517E-0002	
 1.94050000000000E+0003	 8.20313210615742E-0002	
 1.94250000000000E+0003	 8.18321348376967E-0002	
 1.94450000000000E+0003	 8.18719486138192E-0002	
 1.94650000000000E+0003	 8.20162623899417E-0002	
 1.94850000000000E+0003	 8.20490761660642E-0002	
 1.95050000000000E+0003	 8.20583899421867E-0002	
 1.95250000000000E+0003	 8.20267037183092E-0002	
 1.95450000000000E+0003	 8.19750174944317E-0002	
 1.95650000000000E+0003	 8.19528312705542E-0002	
 1.95850000000000E+0003	 8.19726450466766E-0002	
 1.96050000000000E+0003	 8.19529588227991E-0002	
 1.96250000000000E+0003	 8.19367725989216E-0002	
 1.96450000000000E+0003	 8.18565863750441E-0002	
 1.96650000000000E+0003	 8.16829001511666E-0002	
 1.96850000000000E+0003	 8.16757139272891E-0002	
 1.97050000000000E+0003	 8.18395277034116E-0002	
 1.97250000000000E+0003	 8.19023414795341E-0002	
 1.97450000000000E+0003	 8.19006552556566E-0002	
 1.97650000000000E+0003	 8.18919690317791E-0002	
 1.97850000000000E+0003	 8.18877828079016E-0002	
 1.98050000000000E+0003	 8.18865965840241E-0002	
 1.98250000000000E+0003	 8.18859103601465E-0002	
 1.98450000000000E+0003	 8.18722241362690E-0002	
 1.98650000000000E+0003	 8.18005379123915E-0002	
 1.98850000000000E+0003	 8.17053516885140E-0002	
 1.99050000000000E+0003	 8.16156654646365E-0002	
 1.99250000000000E+0003	 8.15599792407590E-0002	
 1.99450000000000E+0003	 8.17282930168815E-0002	
 1.99650000000000E+0003	 8.18971067930040E-0002	
 1.99850000000000E+0003	 8.19239205691265E-0002	
 2.00050000000000E+0003	 8.19337343452490E-0002	
 2.00250000000000E+0003	 8.19430481213715E-0002	
 2.00450000000000E+0003	 8.19563618974939E-0002	
 2.00650000000000E+0003	 8.19531756736164E-0002	
 2.00850000000000E+0003	 8.19659894497389E-0002	
 2.01050000000000E+0003	 8.19943032258614E-0002	
 2.01250000000000E+0003	 8.20231170019839E-0002	
 2.01450000000000E+0003	 8.19709307781064E-0002	
 2.01650000000000E+0003	 8.18392445542289E-0002	
 2.01850000000000E+0003	 8.18435583303514E-0002	
 2.02050000000000E+0003	 8.20168721064739E-0002	
 2.02250000000000E+0003	 8.21071858825964E-0002	
 2.02450000000000E+0003	 8.21539996587189E-0002	
 2.02650000000000E+0003	 8.21963134348413E-0002	
 2.02850000000000E+0003	 8.22361272109638E-0002	
 2.03050000000000E+0003	 8.22659409870863E-0002	
 2.03250000000000E+0003	 8.22932547632088E-0002	
 2.03450000000000E+0003	 8.23105685393313E-0002	
 2.03650000000000E+0003	 8.23348823154538E-0002	
 2.03850000000000E+0003	 8.23271960915763E-0002	
 2.04050000000000E+0003	 8.22670098676988E-0002	
 2.04250000000000E+0003	 8.22758236438213E-0002	
 2.04450000000000E+0003	 8.23676374199438E-0002	
 2.04650000000000E+0003	 8.24209511960663E-0002	
 2.04850000000000E+0003	 8.24502649721888E-0002	
 2.05050000000000E+0003	 8.24770787483112E-0002	
 2.05250000000000E+0003	 8.24973925244337E-0002	
 2.05450000000000E+0003	 8.25147063005562E-0002	
 2.05650000000000E+0003	 8.25200200766787E-0002	
 2.05850000000000E+0003	 8.25298338528012E-0002	
 2.06050000000000E+0003	 8.25296476289237E-0002	
 2.06250000000000E+0003	 8.24984614050462E-0002	
 2.06450000000000E+0003	 8.24092751811687E-0002	
 2.06650000000000E+0003	 8.24450889572912E-0002	
 2.06850000000000E+0003	 8.25584027334137E-0002	
 2.07050000000000E+0003	 8.26117165095362E-0002	
 2.07250000000000E+0003	 8.26135302856586E-0002	
 2.07450000000000E+0003	 8.26198440617811E-0002	
 2.07650000000000E+0003	 8.26156578379036E-0002	
 2.07850000000000E+0003	 8.26224716140261E-0002	
 2.08050000000000E+0003	 8.26217853901486E-0002	
 2.08250000000000E+0003	 8.26285991662711E-0002	
 2.08450000000000E+0003	 8.26134129423936E-0002	
 2.08650000000000E+0003	 8.25897267185161E-0002	
 2.08850000000000E+0003	 8.25345404946386E-0002	
 2.09050000000000E+0003	 8.25223542707611E-0002	
 2.09250000000000E+0003	 8.25601680468836E-0002	
 2.09450000000000E+0003	 8.25949818230060E-0002	
 2.09650000000000E+0003	 8.25917955991285E-0002	
 2.09850000000000E+0003	 8.25941093752510E-0002	
 2.10050000000000E+0003	 8.25854231513735E-0002	
 2.10250000000000E+0003	 8.25882369274960E-0002	
 2.10450000000000E+0003	 8.25800507036185E-0002	
 2.10650000000000E+0003	 8.25758644797410E-0002	
 2.10850000000000E+0003	 8.25616782558635E-0002	
 2.11050000000000E+0003	 8.25554920319860E-0002	
 2.11250000000000E+0003	 8.25308058081085E-0002	
 2.11450000000000E+0003	 8.24991195842310E-0002	
 2.11650000000000E+0003	 8.24909333603535E-0002	
 2.11850000000000E+0003	 8.25007471364759E-0002	
 2.12050000000000E+0003	 8.24905609125984E-0002	
 2.12250000000000E+0003	 8.24773746887209E-0002	
 2.12450000000000E+0003	 8.24591884648434E-0002	
 2.12650000000000E+0003	 8.24425022409659E-0002	
 2.12850000000000E+0003	 8.24223160170884E-0002	
 2.13050000000000E+0003	 8.24016297932109E-0002	
 2.13250000000000E+0003	 8.23829435693334E-0002	
 2.13450000000000E+0003	 8.23442573454559E-0002	
 2.13650000000000E+0003	 8.23055711215784E-0002	
 2.13850000000000E+0003	 8.22863848977009E-0002	
 2.14050000000000E+0003	 8.22826986738233E-0002	
 2.14250000000000E+0003	 8.22655124499458E-0002	
 2.14450000000000E+0003	 8.22383262260683E-0002	
 2.14650000000000E+0003	 8.21971400021908E-0002	
 2.14850000000000E+0003	 8.21639537783133E-0002	
 2.15050000000000E+0003	 8.21167675544358E-0002	
 2.15250000000000E+0003	 8.20735813305583E-0002	
 2.15450000000000E+0003	 8.20188951066808E-0002	
 2.15650000000000E+0003	 8.19727088828033E-0002	
 2.15850000000000E+0003	 8.19150226589258E-0002	
 2.16050000000000E+0003	 8.18603364350483E-0002	
 2.16250000000000E+0003	 8.17956502111708E-0002	
 2.16450000000000E+0003	 8.17599639872932E-0002	
 2.16650000000000E+0003	 8.17142777634157E-0002	
 2.16850000000000E+0003	 8.16830915395382E-0002	
 2.17050000000000E+0003	 8.16324053156607E-0002	
 2.17250000000000E+0003	 8.15812190917832E-0002	
 2.17450000000000E+0003	 8.15200328679057E-0002	
 2.17650000000000E+0003	 8.14788466440282E-0002	
 2.17850000000000E+0003	 8.14286604201507E-0002	
 2.18050000000000E+0003	 8.13919741962732E-0002	
 2.18250000000000E+0003	 8.13492879723957E-0002	
 2.18450000000000E+0003	 8.13131017485182E-0002	
 2.18650000000000E+0003	 8.12704155246406E-0002	
 2.18850000000000E+0003	 8.12422293007631E-0002	
 2.19050000000000E+0003	 8.12055430768856E-0002	
 2.19250000000000E+0003	 8.11733568530081E-0002	
 2.19450000000000E+0003	 8.11356706291306E-0002	
 2.19650000000000E+0003	 8.11054844052531E-0002	
 2.19850000000000E+0003	 8.10727981813756E-0002	
 2.20050000000000E+0003	 8.10441119574981E-0002	
 2.20250000000000E+0003	 8.10129257336206E-0002	
 2.20450000000000E+0003	 8.09827395097431E-0002	
 2.20650000000000E+0003	 8.09570532858656E-0002	
 2.20850000000000E+0003	 8.09348670619880E-0002	
 2.21050000000000E+0003	 8.09116808381105E-0002	
 2.21250000000000E+0003	 8.08879946142330E-0002	
 2.21450000000000E+0003	 8.08718083903555E-0002	
 2.21650000000000E+0003	 8.08531221664780E-0002	
 2.21850000000000E+0003	 8.08374359426005E-0002	
 2.22050000000000E+0003	 8.08152497187230E-0002	
 2.22250000000000E+0003	 8.08005634948455E-0002	
 2.22450000000000E+0003	 8.07778772709680E-0002	
 2.22650000000000E+0003	 8.07651910470905E-0002	
 2.22850000000000E+0003	 8.07455048232130E-0002	
 2.23050000000000E+0003	 8.07358185993355E-0002	
 2.23250000000000E+0003	 8.07181323754579E-0002	
 2.23450000000000E+0003	 8.07114461515804E-0002	
 2.23650000000000E+0003	 8.06922599277029E-0002	
 2.23850000000000E+0003	 8.06815737038254E-0002	
 2.24050000000000E+0003	 8.06628874799479E-0002	
 2.24250000000000E+0003	 8.06587012560704E-0002	
 2.24450000000000E+0003	 8.06420150321929E-0002	
 2.24650000000000E+0003	 8.06408288083154E-0002	
 2.24850000000000E+0003	 8.06301425844379E-0002	
 2.25050000000000E+0003	 8.06364563605604E-0002	
 2.25250000000000E+0003	 8.06307701366829E-0002	
 2.25450000000000E+0003	 8.06335839128053E-0002	
 2.25650000000000E+0003	 8.06273976889278E-0002	
 2.25850000000000E+0003	 8.06347114650503E-0002	
 2.26050000000000E+0003	 8.06295252411728E-0002	
 2.26250000000000E+0003	 8.06393390172953E-0002	
 2.26450000000000E+0003	 8.06411527934178E-0002	
 2.26650000000000E+0003	 8.06459665695403E-0002	
 2.26850000000000E+0003	 8.06422803456628E-0002	
 2.27050000000000E+0003	 8.06535941217853E-0002	
 2.27250000000000E+0003	 8.06574078979078E-0002	
 2.27450000000000E+0003	 8.06672216740303E-0002	
 2.27650000000000E+0003	 8.06740354501527E-0002	
 2.27850000000000E+0003	 8.06828492262752E-0002	
 2.28050000000000E+0003	 8.06861630023977E-0002	
 2.28250000000000E+0003	 8.06979767785202E-0002	
 2.28450000000000E+0003	 8.07142905546427E-0002	
 2.28650000000000E+0003	 8.07296043307652E-0002	
 2.28850000000000E+0003	 8.07409181068877E-0002	
 2.29050000000000E+0003	 8.07477318830102E-0002	
 2.29250000000000E+0003	 8.07575456591327E-0002	
 2.29450000000000E+0003	 8.07658594352552E-0002	
 2.29650000000000E+0003	 8.07811732113777E-0002	
 2.29850000000000E+0003	 8.07964869875002E-0002	
 2.30050000000000E+0003	 8.08218007636226E-0002	
 2.30250000000000E+0003	 8.08486145397451E-0002	
 2.30450000000000E+0003	 8.08899283158676E-0002	
 2.30650000000000E+0003	 8.09172420919901E-0002	
 2.30850000000000E+0003	 8.09495558681126E-0002	
 2.31050000000000E+0003	 8.09763696442351E-0002	
 2.31250000000000E+0003	 8.10276834203576E-0002	
 2.31450000000000E+0003	 8.10719971964801E-0002	
 2.31650000000000E+0003	 8.11123109726026E-0002	
 2.31850000000000E+0003	 8.11281247487251E-0002	
 2.32050000000000E+0003	 8.11424385248476E-0002	
 2.32250000000000E+0003	 8.11417523009700E-0002	
 2.32450000000000E+0003	 8.11730660770925E-0002	
 2.32650000000000E+0003	 8.12138798532150E-0002	
 2.32850000000000E+0003	 8.12676936293375E-0002	
 2.33050000000000E+0003	 8.13070074054600E-0002	
 2.33250000000000E+0003	 8.13713211815825E-0002	
 2.33450000000000E+0003	 8.14471349577050E-0002	
 2.33650000000000E+0003	 8.15309487338275E-0002	
 2.33850000000000E+0003	 8.15857625099500E-0002	
 2.34050000000000E+0003	 8.16165762860725E-0002	
 2.34250000000000E+0003	 8.16118900621950E-0002	
 2.34450000000000E+0003	 8.16227038383174E-0002	
 2.34650000000000E+0003	 8.16425176144399E-0002	
 2.34850000000000E+0003	 8.16973313905624E-0002	
 2.35050000000000E+0003	 8.17521451666849E-0002	
 2.35250000000000E+0003	 8.17984589428074E-0002	
 2.35450000000000E+0003	 8.18352727189299E-0002	
 2.35650000000000E+0003	 8.18790864950524E-0002	
 2.35850000000000E+0003	 8.19284002711749E-0002	
 2.36050000000000E+0003	 8.19842140472974E-0002	
 2.36250000000000E+0003	 8.20285278234199E-0002	
 2.36450000000000E+0003	 8.20638415995424E-0002	
 2.36650000000000E+0003	 8.20846553756649E-0002	
 2.36850000000000E+0003	 8.21169691517873E-0002	
 2.37050000000000E+0003	 8.21887829279098E-0002	
 2.37250000000000E+0003	 8.23010967040323E-0002	
 2.37450000000000E+0003	 8.24239104801548E-0002	
 2.37650000000000E+0003	 8.24992242562773E-0002	
 2.37850000000000E+0003	 8.25095380323998E-0002	
 2.38050000000000E+0003	 8.24993518085223E-0002	
 2.38250000000000E+0003	 8.25346655846448E-0002	
 2.38450000000000E+0003	 8.26144793607673E-0002	
 2.38650000000000E+0003	 8.27252931368898E-0002	
 2.38850000000000E+0003	 8.28271069130123E-0002	
 2.39050000000000E+0003	 8.29254206891347E-0002	
 2.39250000000000E+0003	 8.30077344652572E-0002	
 2.39450000000000E+0003	 8.30955482413797E-0002	
 2.39650000000000E+0003	 8.31798620175022E-0002	
 2.39850000000000E+0003	 8.32721757936247E-0002	
 2.40050000000000E+0003	 8.33574895697472E-0002	
 2.40250000000000E+0003	 8.34533033458697E-0002	
 2.40450000000000E+0003	 8.35491171219922E-0002	
 2.40650000000000E+0003	 8.36544308981147E-0002	
 2.40850000000000E+0003	 8.37547446742372E-0002	
 2.41050000000000E+0003	 8.38610584503597E-0002	
 2.41250000000000E+0003	 8.39628722264822E-0002	
 2.41450000000000E+0003	 8.40736860026046E-0002	
 2.41650000000000E+0003	 8.41804997787271E-0002	
 2.41850000000000E+0003	 8.42938135548496E-0002	
 2.42050000000000E+0003	 8.44081273309721E-0002	
 2.42250000000000E+0003	 8.45249411070946E-0002	
 2.42450000000000E+0003	 8.46417548832171E-0002	
 2.42650000000000E+0003	 8.47625686593396E-0002	
 2.42850000000000E+0003	 8.48843824354621E-0002	
 2.43050000000000E+0003	 8.50106962115846E-0002	
 2.43250000000000E+0003	 8.51365099877071E-0002	
 2.43450000000000E+0003	 8.52633237638296E-0002	
 2.43650000000000E+0003	 8.53926375399520E-0002	
 2.43850000000000E+0003	 8.55189513160745E-0002	
 2.44050000000000E+0003	 8.56472650921970E-0002	
 2.44250000000000E+0003	 8.57720788683195E-0002	
 2.44450000000000E+0003	 8.58993926444420E-0002	
 2.44650000000000E+0003	 8.60217064205645E-0002	
 2.44850000000000E+0003	 8.61455201966870E-0002	
 2.45050000000000E+0003	 8.62643339728095E-0002	
 2.45250000000000E+0003	 8.63926477489320E-0002	
 2.45450000000000E+0003	 8.65164615250545E-0002	
 2.45650000000000E+0003	 8.66437753011770E-0002	
 2.45850000000000E+0003	 8.67675890772994E-0002	
 2.46050000000000E+0003	 8.69034028534219E-0002	
 2.46250000000000E+0003	 8.70367166295444E-0002	
 2.46450000000000E+0003	 8.71805304056669E-0002	
 2.46650000000000E+0003	 8.73163441817894E-0002	
 2.46850000000000E+0003	 8.74606579579119E-0002	
 2.47050000000000E+0003	 8.75999717340344E-0002	
 2.47250000000000E+0003	 8.77502855101569E-0002	
 2.47450000000000E+0003	 8.78955992862794E-0002	
 2.47650000000000E+0003	 8.80524130624019E-0002	
 2.47850000000000E+0003	 8.82067268385244E-0002	
 2.48050000000000E+0003	 8.83675406146469E-0002	
 2.48250000000000E+0003	 8.85183543907693E-0002	
 2.48450000000000E+0003	 8.86806681668918E-0002	
 2.48650000000000E+0003	 8.88364819430143E-0002	
 2.48850000000000E+0003	 8.89992957191368E-0002	
 2.49050000000000E+0003	 8.91576094952593E-0002	
 2.49250000000000E+0003	 8.93204232713818E-0002	
 2.49450000000000E+0003	 8.94772370475043E-0002	
 2.49650000000000E+0003	 8.96455508236268E-0002	
 2.49850000000000E+0003	 8.98108645997493E-0002	
 2.50050000000000E+0003	 8.99766783758718E-0002	
 2.50250000000000E+0003	 9.01364921519943E-0002	
 2.50450000000000E+0003	 9.03028059281167E-0002	
 2.50650000000000E+0003	 9.04616197042392E-0002	
 2.50850000000000E+0003	 9.06209334803617E-0002	
 2.51050000000000E+0003	 9.07772472564842E-0002	
 2.51250000000000E+0003	 9.09270610326067E-0002	
 2.51450000000000E+0003	 9.10663748087292E-0002	
 2.51650000000000E+0003	 9.12076885848517E-0002	
 2.51850000000000E+0003	 9.13465023609742E-0002	
 2.52050000000000E+0003	 9.14803161370967E-0002	
 2.52250000000000E+0003	 9.16096299132192E-0002	
 2.52450000000000E+0003	 9.17389436893417E-0002	
 2.52650000000000E+0003	 9.18742574654641E-0002	
 2.52850000000000E+0003	 9.20075712415866E-0002	
 2.53050000000000E+0003	 9.21363850177091E-0002	
 2.53250000000000E+0003	 9.22606987938316E-0002	
 2.53450000000000E+0003	 9.23860125699541E-0002	
 2.53650000000000E+0003	 9.25073263460766E-0002	
 2.53850000000000E+0003	 9.26381401221991E-0002	
 2.54050000000000E+0003	 9.27654538983216E-0002	
 2.54250000000000E+0003	 9.28962676744441E-0002	
 2.54450000000000E+0003	 9.30255814505666E-0002	
 2.54650000000000E+0003	 9.31598952266891E-0002	
 2.54850000000000E+0003	 9.32872090028116E-0002	
 2.55050000000000E+0003	 9.34220227789340E-0002	
 2.55250000000000E+0003	 9.35548365550565E-0002	
 2.55450000000000E+0003	 9.36956503311790E-0002	
 2.55650000000000E+0003	 9.38254641073015E-0002	
 2.55850000000000E+0003	 9.39622778834240E-0002	
 2.56050000000000E+0003	 9.40960916595465E-0002	
 2.56250000000000E+0003	 9.42409054356690E-0002	
 2.56450000000000E+0003	 9.43772192117915E-0002	
 2.56650000000000E+0003	 9.45190329879140E-0002	
 2.56850000000000E+0003	 9.46573467640365E-0002	
 2.57050000000000E+0003	 9.48076605401590E-0002	
 2.57250000000000E+0003	 9.49509743162814E-0002	
 2.57450000000000E+0003	 9.51012880924039E-0002	
 2.57650000000000E+0003	 9.52481018685264E-0002	
 2.57850000000000E+0003	 9.54049156446489E-0002	
 2.58050000000000E+0003	 9.55552294207714E-0002	
 2.58250000000000E+0003	 9.57130431968939E-0002	
 2.58450000000000E+0003	 9.58673569730164E-0002	
 2.58650000000000E+0003	 9.60321707491389E-0002	
 2.58850000000000E+0003	 9.61929845252614E-0002	
 2.59050000000000E+0003	 9.63547983013839E-0002	
 2.59250000000000E+0003	 9.65166120775064E-0002	
 2.59450000000000E+0003	 9.66899258536289E-0002	
 2.59650000000000E+0003	 9.68617396297513E-0002	
 2.59850000000000E+0003	 9.70360534058738E-0002	
 2.60050000000000E+0003	 9.72123671819963E-0002	
 2.60250000000000E+0003	 9.73921809581188E-0002	
 2.60450000000000E+0003	 9.75704947342413E-0002	
 2.60650000000000E+0003	 9.77448085103638E-0002	
 2.60850000000000E+0003	 9.79211222864863E-0002	
 2.61050000000000E+0003	 9.80989360626088E-0002	
 2.61250000000000E+0003	 9.82797498387313E-0002	
 2.61450000000000E+0003	 9.84515636148538E-0002	
 2.61650000000000E+0003	 9.86243773909763E-0002	
 2.61850000000000E+0003	 9.87891911670987E-0002	
 2.62050000000000E+0003	 9.89575049432212E-0002	
 2.62250000000000E+0003	 9.91203187193437E-0002	
 2.62450000000000E+0003	 9.92936324954662E-0002	
 2.62650000000000E+0003	 9.94574462715887E-0002	
 2.62850000000000E+0003	 9.96252600477112E-0002	
 2.63050000000000E+0003	 9.97800738238337E-0002	
 2.63250000000000E+0003	 9.99433875999562E-0002	
 2.63450000000000E+0003	 1.00095201376079E-0001	
 2.63650000000000E+0003	 1.00256015152201E-0001	
 2.63850000000000E+0003	 1.00407328928324E-0001	
 2.64050000000000E+0003	 1.00566142704446E-0001	
 2.64250000000000E+0003	 1.00715956480569E-0001	
 2.64450000000000E+0003	 1.00879270256691E-0001	
 2.64650000000000E+0003	 1.01028084032814E-0001	
 2.64850000000000E+0003	 1.01188397808936E-0001	
 2.65050000000000E+0003	 1.01342711585059E-0001	
 2.65250000000000E+0003	 1.01509025361181E-0001	
 2.65450000000000E+0003	 1.01661839137304E-0001	
 2.65650000000000E+0003	 1.01824652913426E-0001	
 2.65850000000000E+0003	 1.01980466689549E-0001	
 2.66050000000000E+0003	 1.02150280465671E-0001	
 2.66250000000000E+0003	 1.02310094241794E-0001	
 2.66450000000000E+0003	 1.02479408017916E-0001	
 2.66650000000000E+0003	 1.02648221794039E-0001	
 2.66850000000000E+0003	 1.02828035570161E-0001	
 2.67050000000000E+0003	 1.02999349346284E-0001	
 2.67250000000000E+0003	 1.03177163122406E-0001	
 2.67450000000000E+0003	 1.03352476898528E-0001	
 2.67650000000000E+0003	 1.03534790674651E-0001	
 2.67850000000000E+0003	 1.03723604450773E-0001	
 2.68050000000000E+0003	 1.03912918226896E-0001	
 2.68250000000000E+0003	 1.04096732003018E-0001	
 2.68450000000000E+0003	 1.04278045779141E-0001	
 2.68650000000000E+0003	 1.04463359555263E-0001	
 2.68850000000000E+0003	 1.04646173331386E-0001	
 2.69050000000000E+0003	 1.04831487107508E-0001	
 2.69250000000000E+0003	 1.05020800883631E-0001	
 2.69450000000000E+0003	 1.05220114659753E-0001	
 2.69650000000000E+0003	 1.05417928435876E-0001	
 2.69850000000000E+0003	 1.05629742211998E-0001	
 2.70050000000000E+0003	 1.05841055988121E-0001	
 2.70250000000000E+0003	 1.06066369764243E-0001	
 2.70450000000000E+0003	 1.06289683540366E-0001	
 2.70650000000000E+0003	 1.06529997316488E-0001	
 2.70850000000000E+0003	 1.06770811092611E-0001	
 2.71050000000000E+0003	 1.07034124868733E-0001	
 2.71250000000000E+0003	 1.07293938644856E-0001	
 2.71450000000000E+0003	 1.07573252420978E-0001	
 2.71650000000000E+0003	 1.07852066197101E-0001	
 2.71850000000000E+0003	 1.08141879973223E-0001	
 2.72050000000000E+0003	 1.08423693749346E-0001	
 2.72250000000000E+0003	 1.08725007525468E-0001	
 2.72450000000000E+0003	 1.09019321301591E-0001	
 2.72650000000000E+0003	 1.09330135077713E-0001	
 2.72850000000000E+0003	 1.09618448853836E-0001	
 2.73050000000000E+0003	 1.09898762629958E-0001	
 2.73250000000000E+0003	 1.10172576406081E-0001	
 2.73450000000000E+0003	 1.10451890182203E-0001	
 2.73650000000000E+0003	 1.10718703958326E-0001	
 2.73850000000000E+0003	 1.10987017734448E-0001	
 2.74050000000000E+0003	 1.11242831510571E-0001	
 2.74250000000000E+0003	 1.11498645286693E-0001	
 2.74450000000000E+0003	 1.11745959062816E-0001	
 2.74650000000000E+0003	 1.11997272838938E-0001	
 2.74850000000000E+0003	 1.12255086615061E-0001	
 2.75050000000000E+0003	 1.12510900391183E-0001	
 2.75250000000000E+0003	 1.12762214167306E-0001	
 2.75450000000000E+0003	 1.13015527943428E-0001	
 2.75650000000000E+0003	 1.13283341719551E-0001	
 2.75850000000000E+0003	 1.13557155495673E-0001	
 2.76050000000000E+0003	 1.13841469271796E-0001	
 2.76250000000000E+0003	 1.14123283047918E-0001	
 2.76450000000000E+0003	 1.14415096824041E-0001	
 2.76650000000000E+0003	 1.14701410600163E-0001	
 2.76850000000000E+0003	 1.15001224376286E-0001	
 2.77050000000000E+0003	 1.15294538152408E-0001	
 2.77250000000000E+0003	 1.15603851928531E-0001	
 2.77450000000000E+0003	 1.15919165704653E-0001	
 2.77650000000000E+0003	 1.16242979480776E-0001	
 2.77850000000000E+0003	 1.16544793256898E-0001	
 2.78050000000000E+0003	 1.16863607033021E-0001	
 2.78250000000000E+0003	 1.17184920809143E-0001	
 2.78450000000000E+0003	 1.17523234585266E-0001	
 2.78650000000000E+0003	 1.17857548361388E-0001	
 2.78850000000000E+0003	 1.18221362137510E-0001	
 2.79050000000000E+0003	 1.18579175913633E-0001	
 2.79250000000000E+0003	 1.18940489689755E-0001	
 2.79450000000000E+0003	 1.19295803465878E-0001	
 2.79650000000000E+0003	 1.19681617242000E-0001	
 2.79850000000000E+0003	 1.20079931018123E-0001	
 2.80050000000000E+0003	 1.20480244794245E-0001	
 2.80250000000000E+0003	 1.20871558570368E-0001	
 2.80450000000000E+0003	 1.21288872346490E-0001	
 2.80650000000000E+0003	 1.21714186122613E-0001	
 2.80850000000000E+0003	 1.22161999898735E-0001	
 2.81050000000000E+0003	 1.22625313674858E-0001	
 2.81250000000000E+0003	 1.23089627450980E-0001	
 2.81450000000000E+0003	 1.23549441227103E-0001	
 2.81650000000000E+0003	 1.24028255003225E-0001	
 2.81850000000000E+0003	 1.24527568779348E-0001	
 2.82050000000000E+0003	 1.25041882555470E-0001	
 2.82250000000000E+0003	 1.25573196331593E-0001	
 2.82450000000000E+0003	 1.26126510107715E-0001	
 2.82650000000000E+0003	 1.26709823883838E-0001	
 2.82850000000000E+0003	 1.27321137659960E-0001	
 2.83050000000000E+0003	 1.27985451436083E-0001	
 2.83250000000000E+0003	 1.28713265212205E-0001	
 2.83450000000000E+0003	 1.29542578988328E-0001	
 2.83650000000000E+0003	 1.30493892764450E-0001	
 2.83850000000000E+0003	 1.31660706540573E-0001	
 2.84050000000000E+0003	 1.33086020316695E-0001	
 2.84250000000000E+0003	 1.34925834092818E-0001	
 2.84450000000000E+0003	 1.37373647868940E-0001	
 2.84650000000000E+0003	 1.40527461645063E-0001	
 2.84850000000000E+0003	 1.44001775421185E-0001	
 2.85050000000000E+0003	 1.46973089197308E-0001	
 2.85250000000000E+0003	 1.48876902973430E-0001	
 2.85450000000000E+0003	 1.49801716749553E-0001	
 2.85650000000000E+0003	 1.49977030525675E-0001	
 2.85850000000000E+0003	 1.49699844301798E-0001	
 2.86050000000000E+0003	 1.49254658077920E-0001	
 2.86250000000000E+0003	 1.48938971854043E-0001	
 2.86450000000000E+0003	 1.48954285630165E-0001	
 2.86650000000000E+0003	 1.49380599406288E-0001	
 2.86850000000000E+0003	 1.50114913182410E-0001	
 2.87050000000000E+0003	 1.51010726958533E-0001	
 2.87250000000000E+0003	 1.51838040734655E-0001	
 2.87450000000000E+0003	 1.52343354510778E-0001	
 2.87650000000000E+0003	 1.52441668286900E-0001	
 2.87850000000000E+0003	 1.52339482063023E-0001	
 2.88050000000000E+0003	 1.52218795839145E-0001	
 2.88250000000000E+0003	 1.52196609615268E-0001	
 2.88450000000000E+0003	 1.52351923391390E-0001	
 2.88650000000000E+0003	 1.52723737167513E-0001	
 2.88850000000000E+0003	 1.53303050943635E-0001	
 2.89050000000000E+0003	 1.54065864719758E-0001	
 2.89250000000000E+0003	 1.54993178495880E-0001	
 2.89450000000000E+0003	 1.56047492272003E-0001	
 2.89650000000000E+0003	 1.57195806048125E-0001	
 2.89850000000000E+0003	 1.58384619824248E-0001	
 2.90050000000000E+0003	 1.59641433600370E-0001	
 2.90250000000000E+0003	 1.60980747376492E-0001	
 2.90450000000000E+0003	 1.62449061152615E-0001	
 2.90650000000000E+0003	 1.64094374928737E-0001	
 2.90850000000000E+0003	 1.66046188704860E-0001	
 2.91050000000000E+0003	 1.68422002480982E-0001	
 2.91250000000000E+0003	 1.71362316257105E-0001	
 2.91450000000000E+0003	 1.74753130033227E-0001	
 2.91650000000000E+0003	 1.78226443809350E-0001	
 2.91850000000000E+0003	 1.81321757585472E-0001	
 2.92050000000000E+0003	 1.83816071361595E-0001	
 2.92250000000000E+0003	 1.85679885137717E-0001	
 2.92450000000000E+0003	 1.86940698913840E-0001	
 2.92650000000000E+0003	 1.87562012689962E-0001	
 2.92850000000000E+0003	 1.87604826466085E-0001	
 2.93050000000000E+0003	 1.87074640242207E-0001	
 2.93250000000000E+0003	 1.86045454018330E-0001	
 2.93450000000000E+0003	 1.84663767794452E-0001	
 2.93650000000000E+0003	 1.83043581570575E-0001	
 2.93850000000000E+0003	 1.81238895346697E-0001	
 2.94050000000000E+0003	 1.79395709122820E-0001	
 2.94250000000000E+0003	 1.77680522898942E-0001	
 2.94450000000000E+0003	 1.76233836675065E-0001	
 2.94650000000000E+0003	 1.75148150451187E-0001	
 2.94850000000000E+0003	 1.74534464227310E-0001	
 2.95050000000000E+0003	 1.74467278003432E-0001	
 2.95250000000000E+0003	 1.74895591779555E-0001	
 2.95450000000000E+0003	 1.75556905555677E-0001	
 2.95650000000000E+0003	 1.76221719331800E-0001	
 2.95850000000000E+0003	 1.76700033107922E-0001	
 2.96050000000000E+0003	 1.76812846884045E-0001	
 2.96250000000000E+0003	 1.76497160660167E-0001	
 2.96450000000000E+0003	 1.75746474436290E-0001	
 2.96650000000000E+0003	 1.74627788212412E-0001	
 2.96850000000000E+0003	 1.73229601988535E-0001	
 2.97050000000000E+0003	 1.71653415764657E-0001	
 2.97250000000000E+0003	 1.69999229540780E-0001	
 2.97450000000000E+0003	 1.68382043316902E-0001	
 2.97650000000000E+0003	 1.66842357093025E-0001	
 2.97850000000000E+0003	 1.65465670869147E-0001	
 2.98050000000000E+0003	 1.64236484645270E-0001	
 2.98250000000000E+0003	 1.63051798421392E-0001	
 2.98450000000000E+0003	 1.61883112197515E-0001	
 2.98650000000000E+0003	 1.60844425973637E-0001	
 2.98850000000000E+0003	 1.59954739749760E-0001	
 2.99050000000000E+0003	 1.59231553525882E-0001	
 2.99250000000000E+0003	 1.58651867302005E-0001	
 2.99450000000000E+0003	 1.58180681078127E-0001	
 2.99650000000000E+0003	 1.57859494854250E-0001	
 2.99850000000000E+0003	 1.57709308630372E-0001	
 3.00050000000000E+0003	 1.57649122406495E-0001	
 3.00250000000000E+0003	 1.57681936182617E-0001	
 3.00450000000000E+0003	 1.57763249958740E-0001	
 3.00650000000000E+0003	 1.57848063734862E-0001	
 3.00850000000000E+0003	 1.57939377510985E-0001	
 3.01050000000000E+0003	 1.58086691287107E-0001	
 3.01250000000000E+0003	 1.58260505063230E-0001	
 3.01450000000000E+0003	 1.58434318839352E-0001	
 3.01650000000000E+0003	 1.58620132615474E-0001	
 3.01850000000000E+0003	 1.58861446391597E-0001	
 3.02050000000000E+0003	 1.59187760167719E-0001	
 3.02250000000000E+0003	 1.59599573943842E-0001	
 3.02450000000000E+0003	 1.60100387719964E-0001	
 3.02650000000000E+0003	 1.60621701496087E-0001	
 3.02850000000000E+0003	 1.61143515272209E-0001	
 3.03050000000000E+0003	 1.61672329048332E-0001	
 3.03250000000000E+0003	 1.62218642824454E-0001	
 3.03450000000000E+0003	 1.62782956600577E-0001	
 3.03650000000000E+0003	 1.63327770376699E-0001	
 3.03850000000000E+0003	 1.63870084152822E-0001	
 3.04050000000000E+0003	 1.64493397928944E-0001	
 3.04250000000000E+0003	 1.65147711705067E-0001	
 3.04450000000000E+0003	 1.65778525481189E-0001	
 3.04650000000000E+0003	 1.66377839257312E-0001	
 3.04850000000000E+0003	 1.66996153033434E-0001	
 3.05050000000000E+0003	 1.67659466809557E-0001	
 3.05250000000000E+0003	 1.68322280585679E-0001	
 3.05450000000000E+0003	 1.68947594361802E-0001	
 3.05650000000000E+0003	 1.69571908137924E-0001	
 3.05850000000000E+0003	 1.70162221914047E-0001	
 3.06050000000000E+0003	 1.70710535690169E-0001	
 3.06250000000000E+0003	 1.71216349466292E-0001	
 3.06450000000000E+0003	 1.71702163242414E-0001	
 3.06650000000000E+0003	 1.72173477018537E-0001	
 3.06850000000000E+0003	 1.72612790794659E-0001	
 3.07050000000000E+0003	 1.72976604570782E-0001	
 3.07250000000000E+0003	 1.73304418346904E-0001	
 3.07450000000000E+0003	 1.73604232123027E-0001	
 3.07650000000000E+0003	 1.73906045899149E-0001	
 3.07850000000000E+0003	 1.74213359675272E-0001	
 3.08050000000000E+0003	 1.74481173451394E-0001	
 3.08250000000000E+0003	 1.74718487227517E-0001	
 3.08450000000000E+0003	 1.74965301003639E-0001	
 3.08650000000000E+0003	 1.75187614779762E-0001	
 3.08850000000000E+0003	 1.75391928555884E-0001	
 3.09050000000000E+0003	 1.75613742332007E-0001	
 3.09250000000000E+0003	 1.75804556108129E-0001	
 3.09450000000000E+0003	 1.75966869884252E-0001	
 3.09650000000000E+0003	 1.76141183660374E-0001	
 3.09850000000000E+0003	 1.76356997436497E-0001	
 3.10050000000000E+0003	 1.76598311212619E-0001	
 3.10250000000000E+0003	 1.76839124988742E-0001	
 3.10450000000000E+0003	 1.77086938764864E-0001	
 3.10650000000000E+0003	 1.77383252540987E-0001	
 3.10850000000000E+0003	 1.77723066317109E-0001	
 3.11050000000000E+0003	 1.78057380093232E-0001	
 3.11250000000000E+0003	 1.78382193869354E-0001	
 3.11450000000000E+0003	 1.78795507645477E-0001	
 3.11650000000000E+0003	 1.79262321421599E-0001	
 3.11850000000000E+0003	 1.79737635197722E-0001	
 3.12050000000000E+0003	 1.80210448973844E-0001	
 3.12250000000000E+0003	 1.80669762749967E-0001	
 3.12450000000000E+0003	 1.81152076526089E-0001	
 3.12650000000000E+0003	 1.81705390302212E-0001	
 3.12850000000000E+0003	 1.82304204078334E-0001	
 3.13050000000000E+0003	 1.82940017854456E-0001	
 3.13250000000000E+0003	 1.83569331630579E-0001	
 3.13450000000000E+0003	 1.84218645406701E-0001	
 3.13650000000000E+0003	 1.84921459182824E-0001	
 3.13850000000000E+0003	 1.85687772958946E-0001	
 3.14050000000000E+0003	 1.86443586735069E-0001	
 3.14250000000000E+0003	 1.87158400511191E-0001	
 3.14450000000000E+0003	 1.87902214287314E-0001	
 3.14650000000000E+0003	 1.88698528063436E-0001	
 3.14850000000000E+0003	 1.89530341839559E-0001	
 3.15050000000000E+0003	 1.90425655615681E-0001	
 3.15250000000000E+0003	 1.91354969391804E-0001	
 3.15450000000000E+0003	 1.92213283167926E-0001	
 3.15650000000000E+0003	 1.93057596944049E-0001	
 3.15850000000000E+0003	 1.93956910720171E-0001	
 3.16050000000000E+0003	 1.94895224496294E-0001	
 3.16250000000000E+0003	 1.95850538272416E-0001	
 3.16450000000000E+0003	 1.96829852048539E-0001	
 3.16650000000000E+0003	 1.97817165824661E-0001	
 3.16850000000000E+0003	 1.98816979600784E-0001	
 3.17050000000000E+0003	 1.99822793376906E-0001	
 3.17250000000000E+0003	 2.00844107153029E-0001	
 3.17450000000000E+0003	 2.01861920929151E-0001	
 3.17650000000000E+0003	 2.02884234705274E-0001	
 3.17850000000000E+0003	 2.03909548481396E-0001	
 3.18050000000000E+0003	 2.04952862257519E-0001	
 3.18250000000000E+0003	 2.05986676033641E-0001	
 3.18450000000000E+0003	 2.07011989809764E-0001	
 3.18650000000000E+0003	 2.08032303585886E-0001	
 3.18850000000000E+0003	 2.09063617362009E-0001	
 3.19050000000000E+0003	 2.10074931138131E-0001	
 3.19250000000000E+0003	 2.11070744914254E-0001	
 3.19450000000000E+0003	 2.12046058690376E-0001	
 3.19650000000000E+0003	 2.13017372466499E-0001	
 3.19850000000000E+0003	 2.13985686242621E-0001	
 3.20050000000000E+0003	 2.14959000018744E-0001	
 3.20250000000000E+0003	 2.15914313794866E-0001	
 3.20450000000000E+0003	 2.16851127570989E-0001	
 3.20650000000000E+0003	 2.17770941347111E-0001	
 3.20850000000000E+0003	 2.18676755123234E-0001	
 3.21050000000000E+0003	 2.19566068899356E-0001	
 3.21250000000000E+0003	 2.20471382675479E-0001	
 3.21450000000000E+0003	 2.21384696451601E-0001	
 3.21650000000000E+0003	 2.22298010227724E-0001	
 3.21850000000000E+0003	 2.23214824003846E-0001	
 3.22050000000000E+0003	 2.24138137779969E-0001	
 3.22250000000000E+0003	 2.25072951556091E-0001	
 3.22450000000000E+0003	 2.26018765332214E-0001	
 3.22650000000000E+0003	 2.26974079108336E-0001	
 3.22850000000000E+0003	 2.27948392884459E-0001	
 3.23050000000000E+0003	 2.28974206660581E-0001	
 3.23250000000000E+0003	 2.30064020436704E-0001	
 3.23450000000000E+0003	 2.31130334212826E-0001	
 3.23650000000000E+0003	 2.32136647988949E-0001	
 3.23850000000000E+0003	 2.33192461765071E-0001	
 3.24050000000000E+0003	 2.34310275541194E-0001	
 3.24250000000000E+0003	 2.35462089317316E-0001	
 3.24450000000000E+0003	 2.36655903093438E-0001	
 3.24650000000000E+0003	 2.37911716869561E-0001	
 3.24850000000000E+0003	 2.39163030645683E-0001	
 3.25050000000000E+0003	 2.40401844421806E-0001	
 3.25250000000000E+0003	 2.41673658197928E-0001	
 3.25450000000000E+0003	 2.43009971974051E-0001	
 3.25650000000000E+0003	 2.44375285750173E-0001	
 3.25850000000000E+0003	 2.45733099526296E-0001	
 3.26050000000000E+0003	 2.47089413302418E-0001	
 3.26250000000000E+0003	 2.48467227078541E-0001	
 3.26450000000000E+0003	 2.49838540854663E-0001	
 3.26650000000000E+0003	 2.51193854630786E-0001	
 3.26850000000000E+0003	 2.52550168406908E-0001	
 3.27050000000000E+0003	 2.53910982183031E-0001	
 3.27250000000000E+0003	 2.55172295959153E-0001	
 3.27450000000000E+0003	 2.56346109735276E-0001	
 3.27650000000000E+0003	 2.57494923511398E-0001	
 3.27850000000000E+0003	 2.58603237287521E-0001	
 3.28050000000000E+0003	 2.59661551063643E-0001	
 3.28250000000000E+0003	 2.60671864839766E-0001	
 3.28450000000000E+0003	 2.61625678615888E-0001	
 3.28650000000000E+0003	 2.62520992392011E-0001	
 3.28850000000000E+0003	 2.63359806168133E-0001	
 3.29050000000000E+0003	 2.64169619944256E-0001	
 3.29250000000000E+0003	 2.64935433720378E-0001	
 3.29450000000000E+0003	 2.65616747496501E-0001	
 3.29650000000000E+0003	 2.66247061272623E-0001	
 3.29850000000000E+0003	 2.66820875048746E-0001	
 3.30050000000000E+0003	 2.67341188824868E-0001	
 3.30250000000000E+0003	 2.67858502600991E-0001	
 3.30450000000000E+0003	 2.68407816377113E-0001	
 3.30650000000000E+0003	 2.68905630153236E-0001	
 3.30850000000000E+0003	 2.69296943929358E-0001	
 3.31050000000000E+0003	 2.69630757705481E-0001	
 3.31250000000000E+0003	 2.69980571481603E-0001	
 3.31450000000000E+0003	 2.70348885257726E-0001	
 3.31650000000000E+0003	 2.70727199033848E-0001	
 3.31850000000000E+0003	 2.71102012809971E-0001	
 3.32050000000000E+0003	 2.71487826586093E-0001	
 3.32250000000000E+0003	 2.71885140362216E-0001	
 3.32450000000000E+0003	 2.72315454138338E-0001	
 3.32650000000000E+0003	 2.72744767914461E-0001	
 3.32850000000000E+0003	 2.73161081690583E-0001	
 3.33050000000000E+0003	 2.73596895466706E-0001	
 3.33250000000000E+0003	 2.74065209242828E-0001	
 3.33450000000000E+0003	 2.74553023018951E-0001	
 3.33650000000000E+0003	 2.75095836795073E-0001	
 3.33850000000000E+0003	 2.75667150571196E-0001	
 3.34050000000000E+0003	 2.76213964347318E-0001	
 3.34250000000000E+0003	 2.76758778123441E-0001	
 3.34450000000000E+0003	 2.77330091899563E-0001	
 3.34650000000000E+0003	 2.77906905675686E-0001	
 3.34850000000000E+0003	 2.78558219451808E-0001	
 3.35050000000000E+0003	 2.79255033227931E-0001	
 3.35250000000000E+0003	 2.79889347004053E-0001	
 3.35450000000000E+0003	 2.80484160780176E-0001	
 3.35650000000000E+0003	 2.81142474556298E-0001	
 3.35850000000000E+0003	 2.81857788332420E-0001	
 3.36050000000000E+0003	 2.82595602108543E-0001	
 3.36250000000000E+0003	 2.83313415884665E-0001	
 3.36450000000000E+0003	 2.84064729660788E-0001	
 3.36650000000000E+0003	 2.84883043436910E-0001	
 3.36850000000000E+0003	 2.85703857213033E-0001	
 3.37050000000000E+0003	 2.86404170989155E-0001	
 3.37250000000000E+0003	 2.87008484765278E-0001	
 3.37450000000000E+0003	 2.87646798541400E-0001	
 3.37650000000000E+0003	 2.88337112317523E-0001	
 3.37850000000000E+0003	 2.89007926093645E-0001	
 3.38050000000000E+0003	 2.89644239869768E-0001	
 3.38250000000000E+0003	 2.90250053645890E-0001	
 3.38450000000000E+0003	 2.90834867422013E-0001	
 3.38650000000000E+0003	 2.91417681198135E-0001	
 3.38850000000000E+0003	 2.92054994974258E-0001	
 3.39050000000000E+0003	 2.92755308750380E-0001	
 3.39250000000000E+0003	 2.93337122526503E-0001	
 3.39450000000000E+0003	 2.93759436302625E-0001	
 3.39650000000000E+0003	 2.94234750078748E-0001	
 3.39850000000000E+0003	 2.94859063854870E-0001	
 3.40050000000000E+0003	 2.95491877630993E-0001	
 3.40250000000000E+0003	 2.95904191407115E-0001	
 3.40450000000000E+0003	 2.96188505183238E-0001	
 3.40650000000000E+0003	 2.96572318959360E-0001	
 3.40850000000000E+0003	 2.97033632735483E-0001	
 3.41050000000000E+0003	 2.97457946511605E-0001	
 3.41250000000000E+0003	 2.97827260287728E-0001	
 3.41450000000000E+0003	 2.98109074063850E-0001	
 3.41650000000000E+0003	 2.98329887839973E-0001	
 3.41850000000000E+0003	 2.98554201616095E-0001	
 3.42050000000000E+0003	 2.98737015392218E-0001	
 3.42250000000000E+0003	 2.98845329168340E-0001	
 3.42450000000000E+0003	 2.98952142944463E-0001	
 3.42650000000000E+0003	 2.99077956720585E-0001	
 3.42850000000000E+0003	 2.99192770496708E-0001	
 3.43050000000000E+0003	 2.99217084272830E-0001	
 3.43250000000000E+0003	 2.99174398048953E-0001	
 3.43450000000000E+0003	 2.99147211825075E-0001	
 3.43650000000000E+0003	 2.99031525601198E-0001	
 3.43850000000000E+0003	 2.98731339377320E-0001	
 3.44050000000000E+0003	 2.98365653153443E-0001	
 3.44250000000000E+0003	 2.98010466929565E-0001	
 3.44450000000000E+0003	 2.97681780705688E-0001	
 3.44650000000000E+0003	 2.97319594481810E-0001	
 3.44850000000000E+0003	 2.96861908257933E-0001	
 3.45050000000000E+0003	 2.96413722034055E-0001	
 3.45250000000000E+0003	 2.95973535810178E-0001	
 3.45450000000000E+0003	 2.95466349586300E-0001	
 3.45650000000000E+0003	 2.94929663362423E-0001	
 3.45850000000000E+0003	 2.94404477138545E-0001	
 3.46050000000000E+0003	 2.93831290914668E-0001	
 3.46250000000000E+0003	 2.93137604690790E-0001	
 3.46450000000000E+0003	 2.92499918466913E-0001	
 3.46650000000000E+0003	 2.91980732243035E-0001	
 3.46850000000000E+0003	 2.91351046019158E-0001	
 3.47050000000000E+0003	 2.90458859795280E-0001	
 3.47250000000000E+0003	 2.89479673571402E-0001	
 3.47450000000000E+0003	 2.88580487347525E-0001	
 3.47650000000000E+0003	 2.87773801123647E-0001	
 3.47850000000000E+0003	 2.87031614899770E-0001	
 3.48050000000000E+0003	 2.86167928675892E-0001	
 3.48250000000000E+0003	 2.85117242452015E-0001	
 3.48450000000000E+0003	 2.84168556228137E-0001	
 3.48650000000000E+0003	 2.83310870004260E-0001	
 3.48850000000000E+0003	 2.82342683780382E-0001	
 3.49050000000000E+0003	 2.81335497556505E-0001	
 3.49250000000000E+0003	 2.80397311332627E-0001	
 3.49450000000000E+0003	 2.79459125108750E-0001	
 3.49650000000000E+0003	 2.78468438884872E-0001	
 3.49850000000000E+0003	 2.77428252660995E-0001	
 3.50050000000000E+0003	 2.76417066437117E-0001	
 3.50250000000000E+0003	 2.75341380213240E-0001	
 3.50450000000000E+0003	 2.74097693989362E-0001	
 3.50650000000000E+0003	 2.72901007765485E-0001	
 3.50850000000000E+0003	 2.71786321541607E-0001	
 3.51050000000000E+0003	 2.70653635317730E-0001	
 3.51250000000000E+0003	 2.69603449093852E-0001	
 3.51450000000000E+0003	 2.68512262869975E-0001	
 3.51650000000000E+0003	 2.67290076646097E-0001	
 3.51850000000000E+0003	 2.66047890422220E-0001	
 3.52050000000000E+0003	 2.64868704198342E-0001	
 3.52250000000000E+0003	 2.63706517974465E-0001	
 3.52450000000000E+0003	 2.62394831750587E-0001	
 3.52650000000000E+0003	 2.61011145526710E-0001	
 3.52850000000000E+0003	 2.59698959302832E-0001	
 3.53050000000000E+0003	 2.58432273078955E-0001	
 3.53250000000000E+0003	 2.57221586855077E-0001	
 3.53450000000000E+0003	 2.56068400631200E-0001	
 3.53650000000000E+0003	 2.54813214407322E-0001	
 3.53850000000000E+0003	 2.53400528183445E-0001	
 3.54050000000000E+0003	 2.52058841959567E-0001	
 3.54250000000000E+0003	 2.50814155735690E-0001	
 3.54450000000000E+0003	 2.49425969511812E-0001	
 3.54650000000000E+0003	 2.47773783287935E-0001	
 3.54850000000000E+0003	 2.46168597064057E-0001	
 3.55050000000000E+0003	 2.44793410840180E-0001	
 3.55250000000000E+0003	 2.43339224616302E-0001	
 3.55450000000000E+0003	 2.41785038392425E-0001	
 3.55650000000000E+0003	 2.40319852168547E-0001	
 3.55850000000000E+0003	 2.38869165944670E-0001	
 3.56050000000000E+0003	 2.37344479720792E-0001	
 3.56250000000000E+0003	 2.35727793496915E-0001	
 3.56450000000000E+0003	 2.34032107273037E-0001	
 3.56650000000000E+0003	 2.32189921049160E-0001	
 3.56850000000000E+0003	 2.30414734825282E-0001	
 3.57050000000000E+0003	 2.28934548601405E-0001	
 3.57250000000000E+0003	 2.27429862377527E-0001	
 3.57450000000000E+0003	 2.25777676153650E-0001	
 3.57650000000000E+0003	 2.24079489929772E-0001	
 3.57850000000000E+0003	 2.22371303705895E-0001	
 3.58050000000000E+0003	 2.20656617482017E-0001	
 3.58250000000000E+0003	 2.18967431258140E-0001	
 3.58450000000000E+0003	 2.17316245034262E-0001	
 3.58650000000000E+0003	 2.15439058810384E-0001	
 3.58850000000000E+0003	 2.13223872586507E-0001	
 3.59050000000000E+0003	 2.11270186362629E-0001	
 3.59250000000000E+0003	 2.09591000138752E-0001	
 3.59450000000000E+0003	 2.07775813914874E-0001	
 3.59650000000000E+0003	 2.05884127690997E-0001	
 3.59850000000000E+0003	 2.04078941467119E-0001	
 3.60050000000000E+0003	 2.02254255243242E-0001	
 3.60250000000000E+0003	 2.00389569019364E-0001	
 3.60450000000000E+0003	 1.98523882795487E-0001	
 3.60650000000000E+0003	 1.96581696571609E-0001	
 3.60850000000000E+0003	 1.94557010347732E-0001	
 3.61050000000000E+0003	 1.92629824123854E-0001	
 3.61250000000000E+0003	 1.90800137899977E-0001	
 3.61450000000000E+0003	 1.88923951676099E-0001	
 3.61650000000000E+0003	 1.87208765452222E-0001	
 3.61850000000000E+0003	 1.85636079228344E-0001	
 3.62050000000000E+0003	 1.83802393004467E-0001	
 3.62250000000000E+0003	 1.81802706780589E-0001	
 3.62450000000000E+0003	 1.79918020556712E-0001	
 3.62650000000000E+0003	 1.78205834332834E-0001	
 3.62850000000000E+0003	 1.76521148108957E-0001	
 3.63050000000000E+0003	 1.74645461885079E-0001	
 3.63250000000000E+0003	 1.72913775661202E-0001	
 3.63450000000000E+0003	 1.71316089437324E-0001	
 3.63650000000000E+0003	 1.69727903213447E-0001	
 3.63850000000000E+0003	 1.68145716989569E-0001	
 3.64050000000000E+0003	 1.66543030765692E-0001	
 3.64250000000000E+0003	 1.64923344541814E-0001	
 3.64450000000000E+0003	 1.63303658317937E-0001	
 3.64650000000000E+0003	 1.61697972094059E-0001	
 3.64850000000000E+0003	 1.60168285870182E-0001	
 3.65050000000000E+0003	 1.58789599646304E-0001	
 3.65250000000000E+0003	 1.57419913422427E-0001	
 3.65450000000000E+0003	 1.56125727198549E-0001	
 3.65650000000000E+0003	 1.54918040974672E-0001	
 3.65850000000000E+0003	 1.53716854750794E-0001	
 3.66050000000000E+0003	 1.52513168526917E-0001	
 3.66250000000000E+0003	 1.51223982303039E-0001	
 3.66450000000000E+0003	 1.49966296079162E-0001	
 3.66650000000000E+0003	 1.48833609855284E-0001	
 3.66850000000000E+0003	 1.47775423631407E-0001	
 3.67050000000000E+0003	 1.46681737407529E-0001	
 3.67250000000000E+0003	 1.45633051183652E-0001	
 3.67450000000000E+0003	 1.44727864959774E-0001	
 3.67650000000000E+0003	 1.43807178735897E-0001	
 3.67850000000000E+0003	 1.42994492512019E-0001	
 3.68050000000000E+0003	 1.42218806288142E-0001	
 3.68250000000000E+0003	 1.41440120064264E-0001	
 3.68450000000000E+0003	 1.40726433840387E-0001	
 3.68650000000000E+0003	 1.40072747616509E-0001	
 3.68850000000000E+0003	 1.39493061392632E-0001	
 3.69050000000000E+0003	 1.38762875168754E-0001	
 3.69250000000000E+0003	 1.37922688944877E-0001	
 3.69450000000000E+0003	 1.37274002720999E-0001	
 3.69650000000000E+0003	 1.36726316497122E-0001	
 3.69850000000000E+0003	 1.36187630273244E-0001	
 3.70050000000000E+0003	 1.35697944049366E-0001	
 3.70250000000000E+0003	 1.35196257825489E-0001	
 3.70450000000000E+0003	 1.34671071601611E-0001	
 3.70650000000000E+0003	 1.34186885377734E-0001	
 3.70850000000000E+0003	 1.33703699153856E-0001	
 3.71050000000000E+0003	 1.33245012929979E-0001	
 3.71250000000000E+0003	 1.32887826706101E-0001	
 3.71450000000000E+0003	 1.32662640482224E-0001	
 3.71650000000000E+0003	 1.32424454258346E-0001	
 3.71850000000000E+0003	 1.32107768034469E-0001	
 3.72050000000000E+0003	 1.31738581810591E-0001	
 3.72250000000000E+0003	 1.31367395586714E-0001	
 3.72450000000000E+0003	 1.31043709362836E-0001	
 3.72650000000000E+0003	 1.30785023138959E-0001	
 3.72850000000000E+0003	 1.30561836915081E-0001	
 3.73050000000000E+0003	 1.30331650691204E-0001	
 3.73250000000000E+0003	 1.30109964467326E-0001	
 3.73450000000000E+0003	 1.29854778243449E-0001	
 3.73650000000000E+0003	 1.29560592019571E-0001	
 3.73850000000000E+0003	 1.29347405795694E-0001	
 3.74050000000000E+0003	 1.29199219571816E-0001	
 3.74250000000000E+0003	 1.29033533347939E-0001	
 3.74450000000000E+0003	 1.28857347124061E-0001	
 3.74650000000000E+0003	 1.28648160900184E-0001	
 3.74850000000000E+0003	 1.28406474676306E-0001	
 3.75050000000000E+0003	 1.28207788452429E-0001	
 3.75250000000000E+0003	 1.28110102228551E-0001	
 3.75450000000000E+0003	 1.28085916004674E-0001	
 3.75650000000000E+0003	 1.28035229780796E-0001	
 3.75850000000000E+0003	 1.27923043556919E-0001	
 3.76050000000000E+0003	 1.27809357333041E-0001	
 3.76250000000000E+0003	 1.27705171109164E-0001	
 3.76450000000000E+0003	 1.27610484885286E-0001	
 3.76650000000000E+0003	 1.27486298661409E-0001	
 3.76850000000000E+0003	 1.27350612437531E-0001	
 3.77050000000000E+0003	 1.27255926213654E-0001	
 3.77250000000000E+0003	 1.27192239989776E-0001	
 3.77450000000000E+0003	 1.27125053765899E-0001	
 3.77650000000000E+0003	 1.27021367542021E-0001	
 3.77850000000000E+0003	 1.26916681318144E-0001	
 3.78050000000000E+0003	 1.26804495094266E-0001	
 3.78250000000000E+0003	 1.26682808870389E-0001	
 3.78450000000000E+0003	 1.26590122646511E-0001	
 3.78650000000000E+0003	 1.26505936422634E-0001	
 3.78850000000000E+0003	 1.26459250198756E-0001	
 3.79050000000000E+0003	 1.26403563974879E-0001	
 3.79250000000000E+0003	 1.26286877751001E-0001	
 3.79450000000000E+0003	 1.26121191527124E-0001	
 3.79650000000000E+0003	 1.25990505303246E-0001	
 3.79850000000000E+0003	 1.25907819079369E-0001	
 3.80050000000000E+0003	 1.25794132855491E-0001	
 3.80250000000000E+0003	 1.25654446631614E-0001	
 3.80450000000000E+0003	 1.25592760407736E-0001	
 3.80650000000000E+0003	 1.25596574183859E-0001	
 3.80850000000000E+0003	 1.25590887959981E-0001	
 3.81050000000000E+0003	 1.25572201736104E-0001	
 3.81250000000000E+0003	 1.25513015512226E-0001	
 3.81450000000000E+0003	 1.25388829288348E-0001	
 3.81650000000000E+0003	 1.25270143064471E-0001	
 3.81850000000000E+0003	 1.25242456840593E-0001	
 3.82050000000000E+0003	 1.25243770616716E-0001	
 3.82250000000000E+0003	 1.25134584392838E-0001	
 3.82450000000000E+0003	 1.25068898168961E-0001	
 3.82650000000000E+0003	 1.25041211945083E-0001	
 3.82850000000000E+0003	 1.24994525721206E-0001	
 3.83050000000000E+0003	 1.24986839497328E-0001	
 3.83250000000000E+0003	 1.25028653273451E-0001	
 3.83450000000000E+0003	 1.25092467049573E-0001	
 3.83650000000000E+0003	 1.25047280825696E-0001	
 3.83850000000000E+0003	 1.24843594601818E-0001	
 3.84050000000000E+0003	 1.24698408377941E-0001	
 3.84250000000000E+0003	 1.24662722154063E-0001	
 3.84450000000000E+0003	 1.24690535930186E-0001	
 3.84650000000000E+0003	 1.24681349706308E-0001	
 3.84850000000000E+0003	 1.24650163482431E-0001	
 3.85050000000000E+0003	 1.24641977258553E-0001	
 3.85250000000000E+0003	 1.24820791034676E-0001	
 3.85450000000000E+0003	 1.24974604810798E-0001	
 3.85650000000000E+0003	 1.24806918586921E-0001	
 3.85850000000000E+0003	 1.24555232363043E-0001	
 3.86050000000000E+0003	 1.24476046139166E-0001	
 3.86250000000000E+0003	 1.24540359915288E-0001	
 3.86450000000000E+0003	 1.24563673691411E-0001	
 3.86650000000000E+0003	 1.24523987467533E-0001	
 3.86850000000000E+0003	 1.24477801243656E-0001	
 3.87050000000000E+0003	 1.24448615019778E-0001	
 3.87250000000000E+0003	 1.24458428795901E-0001	
 3.87450000000000E+0003	 1.24489242572023E-0001	
 3.87650000000000E+0003	 1.24451056348146E-0001	
 3.87850000000000E+0003	 1.24462870124268E-0001	
 3.88050000000000E+0003	 1.24482683900391E-0001	
 3.88250000000000E+0003	 1.24455497676513E-0001	
 3.88450000000000E+0003	 1.24452811452636E-0001	
 3.88650000000000E+0003	 1.24442125228758E-0001	
 3.88850000000000E+0003	 1.24494939004881E-0001	
 3.89050000000000E+0003	 1.24655252781003E-0001	
 3.89250000000000E+0003	 1.24669066557126E-0001	
 3.89450000000000E+0003	 1.24549380333248E-0001	
 3.89650000000000E+0003	 1.24532694109371E-0001	
 3.89850000000000E+0003	 1.24566007885493E-0001	
 3.90050000000000E+0003	 1.24449821661616E-0001	
 3.90250000000000E+0003	 1.24430135437738E-0001	
 3.90450000000000E+0003	 1.24636949213861E-0001	
 3.90650000000000E+0003	 1.24697762989983E-0001	
 3.90850000000000E+0003	 1.24640576766106E-0001	
 3.91050000000000E+0003	 1.24643390542228E-0001	
 3.91250000000000E+0003	 1.24658704318351E-0001	
 3.91450000000000E+0003	 1.24636518094473E-0001	
 3.91650000000000E+0003	 1.24593331870596E-0001	
 3.91850000000000E+0003	 1.24587145646718E-0001	
 3.92050000000000E+0003	 1.24648959422841E-0001	
 3.92250000000000E+0003	 1.24720273198963E-0001	
 3.92450000000000E+0003	 1.24800086975086E-0001	
 3.92650000000000E+0003	 1.24809900751208E-0001	
 3.92850000000000E+0003	 1.24765214527330E-0001	
 3.93050000000000E+0003	 1.24720028303453E-0001	
 3.93250000000000E+0003	 1.24690842079575E-0001	
 3.93450000000000E+0003	 1.24742655855698E-0001	
 3.93650000000000E+0003	 1.24817469631820E-0001	
 3.93850000000000E+0003	 1.24856283407943E-0001	
 3.94050000000000E+0003	 1.24874597184065E-0001	
 3.94250000000000E+0003	 1.24893410960188E-0001	
 3.94450000000000E+0003	 1.24844724736310E-0001	
 3.94650000000000E+0003	 1.24792038512433E-0001	
 3.94850000000000E+0003	 1.24824852288555E-0001	
 3.95050000000000E+0003	 1.24906166064678E-0001	
 3.95250000000000E+0003	 1.24960479840800E-0001	
 3.95450000000000E+0003	 1.24979793616923E-0001	
 3.95650000000000E+0003	 1.24996107393045E-0001	
 3.95850000000000E+0003	 1.24999921169168E-0001	
 3.96050000000000E+0003	 1.24991734945290E-0001	
 3.96250000000000E+0003	 1.25001548721413E-0001	
 3.96450000000000E+0003	 1.25037862497535E-0001	
 3.96650000000000E+0003	 1.25078676273658E-0001	
 3.96850000000000E+0003	 1.25101490049780E-0001	
 3.97050000000000E+0003	 1.25119803825903E-0001	
 3.97250000000000E+0003	 1.25138117602025E-0001	
 3.97450000000000E+0003	 1.25144931378148E-0001	
 3.97650000000000E+0003	 1.25154745154270E-0001	
 3.97850000000000E+0003	 1.25184058930393E-0001	
 3.98050000000000E+0003	 1.25226372706515E-0001	
 3.98250000000000E+0003	 1.25271186482638E-0001	
 3.98450000000000E+0003	 1.25304500258760E-0001	
 3.98650000000000E+0003	 1.25315314034883E-0001	
 3.98850000000000E+0003	 1.25314127811005E-0001	
 3.99050000000000E+0003	 1.25320941587128E-0001	
 3.99250000000000E+0003	 1.25334255363250E-0001	
 3.99450000000000E+0003	 1.25361069139373E-0001	
 3.99650000000000E+0003	 1.25387882915495E-0001	
 3.99850000000000E+0003	 1.25406691176471E-0001	

>1	DATALINE
