*CPCWIN*

>1	DATALINE
DATALINE
1
Operator:

Description:

Remarks:





15.9.2008
11:16


_x	_y
	
	
UNIT	UNIT
 4.50500000000000E+0002	 1.73907633037037E-0001	
 4.52500000000000E+0002	 1.74840065185185E-0001	
 4.54500000000000E+0002	 1.75817997333333E-0001	
 4.56500000000000E+0002	 1.76491429481481E-0001	
 4.58500000000000E+0002	 1.77256361629630E-0001	
 4.60500000000000E+0002	 1.78232293777778E-0001	
 4.62500000000000E+0002	 1.79195225925926E-0001	
 4.64500000000000E+0002	 1.80089658074074E-0001	
 4.66500000000000E+0002	 1.80924590222222E-0001	
 4.68500000000000E+0002	 1.81738522370370E-0001	
 4.70500000000000E+0002	 1.82588954518519E-0001	
 4.72500000000000E+0002	 1.83387886666667E-0001	
 4.74500000000000E+0002	 1.84256818814815E-0001	
 4.76500000000000E+0002	 1.85064750962963E-0001	
 4.78500000000000E+0002	 1.85979683111111E-0001	
 4.80500000000000E+0002	 1.86876615259259E-0001	
 4.82500000000000E+0002	 1.87790047407407E-0001	
 4.84500000000000E+0002	 1.88679979555556E-0001	
 4.86500000000000E+0002	 1.89589411703704E-0001	
 4.88500000000000E+0002	 1.90439843851852E-0001	
 4.90500000000000E+0002	 1.91365276000000E-0001	
 4.92500000000000E+0002	 1.92287708148148E-0001	
 4.94500000000000E+0002	 1.93277640296296E-0001	
 4.96500000000000E+0002	 1.94222572444444E-0001	
 4.98500000000000E+0002	 1.95291504592593E-0001	
 5.00500000000000E+0002	 1.96319936740741E-0001	
 5.02500000000000E+0002	 1.97456868888889E-0001	
 5.04500000000000E+0002	 1.98798301037037E-0001	
 5.06500000000000E+0002	 2.00299733185185E-0001	
 5.08500000000000E+0002	 2.01781665333333E-0001	
 5.10500000000000E+0002	 2.03344097481481E-0001	
 5.12500000000000E+0002	 2.04965029629630E-0001	
 5.14500000000000E+0002	 2.06627461777778E-0001	
 5.16500000000000E+0002	 2.08279893925926E-0001	
 5.18500000000000E+0002	 2.10019826074074E-0001	
 5.20500000000000E+0002	 2.11657258222222E-0001	
 5.22500000000000E+0002	 2.13539190370370E-0001	
 5.24500000000000E+0002	 2.15966622518519E-0001	
 5.26500000000000E+0002	 2.19686554666667E-0001	
 5.28500000000000E+0002	 2.24138986814815E-0001	
 5.30500000000000E+0002	 2.26670918962963E-0001	
 5.32500000000000E+0002	 2.25608851111111E-0001	
 5.34500000000000E+0002	 2.22896283259259E-0001	
 5.36500000000000E+0002	 2.20449215407407E-0001	
 5.38500000000000E+0002	 2.18515647555556E-0001	
 5.40500000000000E+0002	 2.16808579703704E-0001	
 5.42500000000000E+0002	 2.15365011851852E-0001	
 5.44500000000000E+0002	 2.14128944000000E-0001	
 5.46500000000000E+0002	 2.13092876148148E-0001	
 5.48500000000000E+0002	 2.12095308296296E-0001	
 5.50500000000000E+0002	 2.11256240444444E-0001	
 5.52500000000000E+0002	 2.10513672592593E-0001	
 5.54500000000000E+0002	 2.09835104740741E-0001	
 5.56500000000000E+0002	 2.09194536888889E-0001	
 5.58500000000000E+0002	 2.08602469037037E-0001	
 5.60500000000000E+0002	 2.07950401185185E-0001	
 5.62500000000000E+0002	 2.07295333333333E-0001	
 5.64500000000000E+0002	 2.06643265481481E-0001	
 5.66500000000000E+0002	 2.06117697629630E-0001	
 5.68500000000000E+0002	 2.05617129777778E-0001	
 5.70500000000000E+0002	 2.05082061925926E-0001	
 5.72500000000000E+0002	 2.04505994074074E-0001	
 5.74500000000000E+0002	 2.03956926222222E-0001	
 5.76500000000000E+0002	 2.03401358370370E-0001	
 5.78500000000000E+0002	 2.02900290518519E-0001	
 5.80500000000000E+0002	 2.02294222666667E-0001	
 5.82500000000000E+0002	 2.01615154814815E-0001	
 5.84500000000000E+0002	 2.00914086962963E-0001	
 5.86500000000000E+0002	 2.00325019111111E-0001	
 5.88500000000000E+0002	 1.99815451259259E-0001	
 5.90500000000000E+0002	 1.99437383407407E-0001	
 5.92500000000000E+0002	 1.99191315555556E-0001	
 5.94500000000000E+0002	 1.99094247703704E-0001	
 5.96500000000000E+0002	 1.98984679851852E-0001	
 5.98500000000000E+0002	 1.98796612000000E-0001	
 6.00500000000000E+0002	 1.98516544148148E-0001	
 6.02500000000000E+0002	 1.98226976296296E-0001	
 6.04500000000000E+0002	 1.97885908444444E-0001	
 6.06500000000000E+0002	 1.97586340592593E-0001	
 6.08500000000000E+0002	 1.97353772740741E-0001	
 6.10500000000000E+0002	 1.97228204888889E-0001	
 6.12500000000000E+0002	 1.97130137037037E-0001	
 6.14500000000000E+0002	 1.97083069185185E-0001	
 6.16500000000000E+0002	 1.96952001333333E-0001	
 6.18500000000000E+0002	 1.96661933481481E-0001	
 6.20500000000000E+0002	 1.96241865629630E-0001	
 6.22500000000000E+0002	 1.95806797777778E-0001	
 6.24500000000000E+0002	 1.95270729925926E-0001	
 6.26500000000000E+0002	 1.94679662074074E-0001	
 6.28500000000000E+0002	 1.94018594222222E-0001	
 6.30500000000000E+0002	 1.93328526370370E-0001	
 6.32500000000000E+0002	 1.92621958518519E-0001	
 6.34500000000000E+0002	 1.91981890666667E-0001	
 6.36500000000000E+0002	 1.91454322814815E-0001	
 6.38500000000000E+0002	 1.91053754962963E-0001	
 6.40500000000000E+0002	 1.90657187111111E-0001	
 6.42500000000000E+0002	 1.90253619259259E-0001	
 6.44500000000000E+0002	 1.89747051407407E-0001	
 6.46500000000000E+0002	 1.89220983555556E-0001	
 6.48500000000000E+0002	 1.88707915703704E-0001	
 6.50500000000000E+0002	 1.88160347851852E-0001	
 6.52500000000000E+0002	 1.87585280000000E-0001	
 6.54500000000000E+0002	 1.87059712148148E-0001	
 6.56500000000000E+0002	 1.86556644296296E-0001	
 6.58500000000000E+0002	 1.86077576444444E-0001	
 6.60500000000000E+0002	 1.85565008592593E-0001	
 6.62500000000000E+0002	 1.85007440740741E-0001	
 6.64500000000000E+0002	 1.84449872888889E-0001	
 6.66500000000000E+0002	 1.84385305037037E-0001	
 6.68500000000000E+0002	 1.83777737185185E-0001	
 6.70500000000000E+0002	 1.82357669333333E-0001	
 6.72500000000000E+0002	 1.81560101481481E-0001	
 6.74500000000000E+0002	 1.80844033629630E-0001	
 6.76500000000000E+0002	 1.80077965777778E-0001	
 6.78500000000000E+0002	 1.79327897925926E-0001	
 6.80500000000000E+0002	 1.78611830074074E-0001	
 6.82500000000000E+0002	 1.77905262222222E-0001	
 6.84500000000000E+0002	 1.77215694370370E-0001	
 6.86500000000000E+0002	 1.76613626518519E-0001	
 6.88500000000000E+0002	 1.76064558666667E-0001	
 6.90500000000000E+0002	 1.75610490814815E-0001	
 6.92500000000000E+0002	 1.75365922962963E-0001	
 6.94500000000000E+0002	 1.75321855111111E-0001	
 6.96500000000000E+0002	 1.75405287259259E-0001	
 6.98500000000000E+0002	 1.75450719407407E-0001	
 7.00500000000000E+0002	 1.75176651555556E-0001	
 7.02500000000000E+0002	 1.74374083703704E-0001	
 7.04500000000000E+0002	 1.73135015851852E-0001	
 7.06500000000000E+0002	 1.71729948000000E-0001	
 7.08500000000000E+0002	 1.70410380148148E-0001	
 7.10500000000000E+0002	 1.69310312296296E-0001	
 7.12500000000000E+0002	 1.68420744444444E-0001	
 7.14500000000000E+0002	 1.67611176592593E-0001	
 7.16500000000000E+0002	 1.66895608740741E-0001	
 7.18500000000000E+0002	 1.66310040888889E-0001	
 7.20500000000000E+0002	 1.65580973037037E-0001	
 7.22500000000000E+0002	 1.64521905185185E-0001	
 7.24500000000000E+0002	 1.63235837333333E-0001	
 7.26500000000000E+0002	 1.61831269481481E-0001	
 7.28500000000000E+0002	 1.60406701629630E-0001	
 7.30500000000000E+0002	 1.58994633777778E-0001	
 7.32500000000000E+0002	 1.57671065925926E-0001	
 7.34500000000000E+0002	 1.56563998074074E-0001	
 7.36500000000000E+0002	 1.55711930222222E-0001	
 7.38500000000000E+0002	 1.55044862370370E-0001	
 7.40500000000000E+0002	 1.54447294518519E-0001	
 7.42500000000000E+0002	 1.53843226666667E-0001	
 7.44500000000000E+0002	 1.53221658814815E-0001	
 7.46500000000000E+0002	 1.52557090962963E-0001	
 7.48500000000000E+0002	 1.51842023111111E-0001	
 7.50500000000000E+0002	 1.51069955259259E-0001	
 7.52500000000000E+0002	 1.50272887407407E-0001	
 7.54500000000000E+0002	 1.49522819555556E-0001	
 7.56500000000000E+0002	 1.48828751703704E-0001	
 7.58500000000000E+0002	 1.48168183851852E-0001	
 7.60500000000000E+0002	 1.47601616000000E-0001	
 7.62500000000000E+0002	 1.47217548148148E-0001	
 7.64500000000000E+0002	 1.46957980296296E-0001	
 7.66500000000000E+0002	 1.46605412444444E-0001	
 7.68500000000000E+0002	 1.46109344592593E-0001	
 7.70500000000000E+0002	 1.45629776740741E-0001	
 7.72500000000000E+0002	 1.45363708888889E-0001	
 7.74500000000000E+0002	 1.45497141037037E-0001	
 7.76500000000000E+0002	 1.46216073185185E-0001	
 7.78500000000000E+0002	 1.47266005333333E-0001	
 7.80500000000000E+0002	 1.47706437481481E-0001	
 7.82500000000000E+0002	 1.47103369629630E-0001	
 7.84500000000000E+0002	 1.46050801777778E-0001	
 7.86500000000000E+0002	 1.45076233925926E-0001	
 7.88500000000000E+0002	 1.44255166074074E-0001	
 7.90500000000000E+0002	 1.43615598222222E-0001	
 7.92500000000000E+0002	 1.43359030370370E-0001	
 7.94500000000000E+0002	 1.43523462518519E-0001	
 7.96500000000000E+0002	 1.43737394666667E-0001	
 7.98500000000000E+0002	 1.43572826814815E-0001	
 8.00500000000000E+0002	 1.43082758962963E-0001	
 8.02500000000000E+0002	 1.42661191111111E-0001	
 8.04500000000000E+0002	 1.42552623259259E-0001	
 8.06500000000000E+0002	 1.42630055407407E-0001	
 8.08500000000000E+0002	 1.42685487555556E-0001	
 8.10500000000000E+0002	 1.42571919703704E-0001	
 8.12500000000000E+0002	 1.42259851851852E-0001	
 8.14500000000000E+0002	 1.41789784000000E-0001	
 8.16500000000000E+0002	 1.41221216148148E-0001	
 8.18500000000000E+0002	 1.40584648296296E-0001	
 8.20500000000000E+0002	 1.39938080444444E-0001	
 8.22500000000000E+0002	 1.39292012592593E-0001	
 8.24500000000000E+0002	 1.38719944740741E-0001	
 8.26500000000000E+0002	 1.38235876888889E-0001	
 8.28500000000000E+0002	 1.37823809037037E-0001	
 8.30500000000000E+0002	 1.37471741185185E-0001	
 8.32500000000000E+0002	 1.37183673333333E-0001	
 8.34500000000000E+0002	 1.36962105481481E-0001	
 8.36500000000000E+0002	 1.36791537629630E-0001	
 8.38500000000000E+0002	 1.36703969777778E-0001	
 8.40500000000000E+0002	 1.36752901925926E-0001	
 8.42500000000000E+0002	 1.36942834074074E-0001	
 8.44500000000000E+0002	 1.37278266222222E-0001	
 8.46500000000000E+0002	 1.37752198370370E-0001	
 8.48500000000000E+0002	 1.38320630518519E-0001	
 8.50500000000000E+0002	 1.38932562666667E-0001	
 8.52500000000000E+0002	 1.39587994814815E-0001	
 8.54500000000000E+0002	 1.40263926962963E-0001	
 8.56500000000000E+0002	 1.40913859111111E-0001	
 8.58500000000000E+0002	 1.41464791259259E-0001	
 8.60500000000000E+0002	 1.41864723407407E-0001	
 8.62500000000000E+0002	 1.42083655555556E-0001	
 8.64500000000000E+0002	 1.42143587703704E-0001	
 8.66500000000000E+0002	 1.42111019851852E-0001	
 8.68500000000000E+0002	 1.42269952000000E-0001	
 8.70500000000000E+0002	 1.42988884148148E-0001	
 8.72500000000000E+0002	 1.43749316296296E-0001	
 8.74500000000000E+0002	 1.43518748444444E-0001	
 8.76500000000000E+0002	 1.42665180592593E-0001	
 8.78500000000000E+0002	 1.41790112740741E-0001	
 8.80500000000000E+0002	 1.40942044888889E-0001	
 8.82500000000000E+0002	 1.40066977037037E-0001	
 8.84500000000000E+0002	 1.39147409185185E-0001	
 8.86500000000000E+0002	 1.38233841333333E-0001	
 8.88500000000000E+0002	 1.37444273481481E-0001	
 8.90500000000000E+0002	 1.36845205629630E-0001	
 8.92500000000000E+0002	 1.36494637777778E-0001	
 8.94500000000000E+0002	 1.36388069925926E-0001	
 8.96500000000000E+0002	 1.36503002074074E-0001	
 8.98500000000000E+0002	 1.36794934222222E-0001	
 9.00500000000000E+0002	 1.37263366370370E-0001	
 9.02500000000000E+0002	 1.37940798518519E-0001	
 9.04500000000000E+0002	 1.38839730666667E-0001	
 9.06500000000000E+0002	 1.39905662814815E-0001	
 9.08500000000000E+0002	 1.41038594962963E-0001	
 9.10500000000000E+0002	 1.42056527111111E-0001	
 9.12500000000000E+0002	 1.42787959259259E-0001	
 9.14500000000000E+0002	 1.43080891407407E-0001	
 9.16500000000000E+0002	 1.42907323555556E-0001	
 9.18500000000000E+0002	 1.42350755703704E-0001	
 9.20500000000000E+0002	 1.41597187851852E-0001	
 9.22500000000000E+0002	 1.40876620000000E-0001	
 9.24500000000000E+0002	 1.40386552148148E-0001	
 9.26500000000000E+0002	 1.40191484296296E-0001	
 9.28500000000000E+0002	 1.40296916444444E-0001	
 9.30500000000000E+0002	 1.40633848592593E-0001	
 9.32500000000000E+0002	 1.41121280740741E-0001	
 9.34500000000000E+0002	 1.41694712888889E-0001	
 9.36500000000000E+0002	 1.42364145037037E-0001	
 9.38500000000000E+0002	 1.43177077185185E-0001	
 9.40500000000000E+0002	 1.44179009333333E-0001	
 9.42500000000000E+0002	 1.45380441481481E-0001	
 9.44500000000000E+0002	 1.46762373629630E-0001	
 9.46500000000000E+0002	 1.48289805777778E-0001	
 9.48500000000000E+0002	 1.49975737925926E-0001	
 9.50500000000000E+0002	 1.51822170074074E-0001	
 9.52500000000000E+0002	 1.53831102222222E-0001	
 9.54500000000000E+0002	 1.55997034370370E-0001	
 9.56500000000000E+0002	 1.58266466518519E-0001	
 9.58500000000000E+0002	 1.60514898666667E-0001	
 9.60500000000000E+0002	 1.62607330814815E-0001	
 9.62500000000000E+0002	 1.64431262962963E-0001	
 9.64500000000000E+0002	 1.65908195111111E-0001	
 9.66500000000000E+0002	 1.67010127259259E-0001	
 9.68500000000000E+0002	 1.67823059407407E-0001	
 9.70500000000000E+0002	 1.68498991555556E-0001	
 9.72500000000000E+0002	 1.69190923703704E-0001	
 9.74500000000000E+0002	 1.70065355851852E-0001	
 9.76500000000000E+0002	 1.71276788000000E-0001	
 9.78500000000000E+0002	 1.72911220148148E-0001	
 9.80500000000000E+0002	 1.74937652296296E-0001	
 9.82500000000000E+0002	 1.77237584444444E-0001	
 9.84500000000000E+0002	 1.79687016592593E-0001	
 9.86500000000000E+0002	 1.82167948740741E-0001	
 9.88500000000000E+0002	 1.84557380888889E-0001	
 9.90500000000000E+0002	 1.86743313037037E-0001	
 9.92500000000000E+0002	 1.88648745185185E-0001	
 9.94500000000000E+0002	 1.90289677333333E-0001	
 9.96500000000000E+0002	 1.91798609481481E-0001	
 9.98500000000000E+0002	 1.93333041629630E-0001	
 1.00050000000000E+0003	 1.95058473777778E-0001	
 1.00250000000000E+0003	 1.97170905925926E-0001	
 1.00450000000000E+0003	 1.99762338074074E-0001	
 1.00650000000000E+0003	 2.02804770222222E-0001	
 1.00850000000000E+0003	 2.06151202370370E-0001	
 1.01050000000000E+0003	 2.09633134518519E-0001	
 1.01250000000000E+0003	 2.13176566666667E-0001	
 1.01450000000000E+0003	 2.16793498814815E-0001	
 1.01650000000000E+0003	 2.20486930962963E-0001	
 1.01850000000000E+0003	 2.24210863111111E-0001	
 1.02050000000000E+0003	 2.27865295259259E-0001	
 1.02250000000000E+0003	 2.31386727407407E-0001	
 1.02450000000000E+0003	 2.34787159555556E-0001	
 1.02650000000000E+0003	 2.38082591703704E-0001	
 1.02850000000000E+0003	 2.41200523851852E-0001	
 1.03050000000000E+0003	 2.44057456000000E-0001	
 1.03250000000000E+0003	 2.46644388148148E-0001	
 1.03450000000000E+0003	 2.49019820296296E-0001	
 1.03650000000000E+0003	 2.51143252444444E-0001	
 1.03850000000000E+0003	 2.52937184592593E-0001	
 1.04050000000000E+0003	 2.54343116740741E-0001	
 1.04250000000000E+0003	 2.55413048888889E-0001	
 1.04450000000000E+0003	 2.56282481037037E-0001	
 1.04650000000000E+0003	 2.57171413185185E-0001	
 1.04850000000000E+0003	 2.58232345333333E-0001	
 1.05050000000000E+0003	 2.59527277481481E-0001	
 1.05250000000000E+0003	 2.60953209629630E-0001	
 1.05450000000000E+0003	 2.62362141777778E-0001	
 1.05650000000000E+0003	 2.63590073925926E-0001	
 1.05850000000000E+0003	 2.64556506074074E-0001	
 1.06050000000000E+0003	 2.65207938222222E-0001	
 1.06250000000000E+0003	 2.65625370370370E-0001	
 1.06450000000000E+0003	 2.65923802518519E-0001	
 1.06650000000000E+0003	 2.66208234666667E-0001	
 1.06850000000000E+0003	 2.66510166814815E-0001	
 1.07050000000000E+0003	 2.66869098962963E-0001	
 1.07250000000000E+0003	 2.67291031111111E-0001	
 1.07450000000000E+0003	 2.67753463259259E-0001	
 1.07650000000000E+0003	 2.68209395407407E-0001	
 1.07850000000000E+0003	 2.68602327555556E-0001	
 1.08050000000000E+0003	 2.68822259703704E-0001	
 1.08250000000000E+0003	 2.68852691851852E-0001	
 1.08450000000000E+0003	 2.68693624000000E-0001	
 1.08650000000000E+0003	 2.68317556148148E-0001	
 1.08850000000000E+0003	 2.67663488296296E-0001	
 1.09050000000000E+0003	 2.66650920444444E-0001	
 1.09250000000000E+0003	 2.65181852592593E-0001	
 1.09450000000000E+0003	 2.63361284740741E-0001	
 1.09650000000000E+0003	 2.61444216888889E-0001	
 1.09850000000000E+0003	 2.59607149037037E-0001	
 1.10050000000000E+0003	 2.57813581185185E-0001	
 1.10250000000000E+0003	 2.56019513333333E-0001	
 1.10450000000000E+0003	 2.54170945481481E-0001	
 1.10650000000000E+0003	 2.52251377629630E-0001	
 1.10850000000000E+0003	 2.50280309777778E-0001	
 1.11050000000000E+0003	 2.48305741925926E-0001	
 1.11250000000000E+0003	 2.46330674074074E-0001	
 1.11450000000000E+0003	 2.44312606222222E-0001	
 1.11650000000000E+0003	 2.42175038370370E-0001	
 1.11850000000000E+0003	 2.39812470518519E-0001	
 1.12050000000000E+0003	 2.37160902666667E-0001	
 1.12250000000000E+0003	 2.34312334814815E-0001	
 1.12450000000000E+0003	 2.31329266962963E-0001	
 1.12650000000000E+0003	 2.28159699111111E-0001	
 1.12850000000000E+0003	 2.24755131259259E-0001	
 1.13050000000000E+0003	 2.21136563407407E-0001	
 1.13250000000000E+0003	 2.17522995555556E-0001	
 1.13450000000000E+0003	 2.14163927703704E-0001	
 1.13650000000000E+0003	 2.11123359851852E-0001	
 1.13850000000000E+0003	 2.08461292000000E-0001	
 1.14050000000000E+0003	 2.06244224148148E-0001	
 1.14250000000000E+0003	 2.04444656296296E-0001	
 1.14450000000000E+0003	 2.02984088444444E-0001	
 1.14650000000000E+0003	 2.01737520592593E-0001	
 1.14850000000000E+0003	 2.00556952740741E-0001	
 1.15050000000000E+0003	 1.99288884888889E-0001	
 1.15250000000000E+0003	 1.97833317037037E-0001	
 1.15450000000000E+0003	 1.96168249185185E-0001	
 1.15650000000000E+0003	 1.94313681333333E-0001	
 1.15850000000000E+0003	 1.92336613481481E-0001	
 1.16050000000000E+0003	 1.90324545629630E-0001	
 1.16250000000000E+0003	 1.88346477777778E-0001	
 1.16450000000000E+0003	 1.86462409925926E-0001	
 1.16650000000000E+0003	 1.84702842074074E-0001	
 1.16850000000000E+0003	 1.83095274222222E-0001	
 1.17050000000000E+0003	 1.81548706370370E-0001	
 1.17250000000000E+0003	 1.79873138518519E-0001	
 1.17450000000000E+0003	 1.77942070666667E-0001	
 1.17650000000000E+0003	 1.75855502814815E-0001	
 1.17850000000000E+0003	 1.73841934962963E-0001	
 1.18050000000000E+0003	 1.72127367111111E-0001	
 1.18250000000000E+0003	 1.70855299259259E-0001	
 1.18450000000000E+0003	 1.70137731407407E-0001	
 1.18650000000000E+0003	 1.70020663555556E-0001	
 1.18850000000000E+0003	 1.70516095703704E-0001	
 1.19050000000000E+0003	 1.71594027851852E-0001	
 1.19250000000000E+0003	 1.73244960000000E-0001	
 1.19450000000000E+0003	 1.75433392148148E-0001	
 1.19650000000000E+0003	 1.78068824296296E-0001	
 1.19850000000000E+0003	 1.81070756444444E-0001	
 1.20050000000000E+0003	 1.84480688592593E-0001	
 1.20250000000000E+0003	 1.88304120740741E-0001	
 1.20450000000000E+0003	 1.92499052888889E-0001	
 1.20650000000000E+0003	 1.97046485037037E-0001	
 1.20850000000000E+0003	 2.02038917185185E-0001	
 1.21050000000000E+0003	 2.07705849333333E-0001	
 1.21250000000000E+0003	 2.14433281481481E-0001	
 1.21450000000000E+0003	 2.22661713629630E-0001	
 1.21650000000000E+0003	 2.32728645777778E-0001	
 1.21850000000000E+0003	 2.44095577925926E-0001	
 1.22050000000000E+0003	 2.54152010074074E-0001	
 1.22250000000000E+0003	 2.59133942222222E-0001	
 1.22450000000000E+0003	 2.57935374370370E-0001	
 1.22650000000000E+0003	 2.53469306518519E-0001	
 1.22850000000000E+0003	 2.49052738666667E-0001	
 1.23050000000000E+0003	 2.45768670814815E-0001	
 1.23250000000000E+0003	 2.43462102962963E-0001	
 1.23450000000000E+0003	 2.41859535111111E-0001	
 1.23650000000000E+0003	 2.40755967259259E-0001	
 1.23850000000000E+0003	 2.39933899407407E-0001	
 1.24050000000000E+0003	 2.39204831555556E-0001	
 1.24250000000000E+0003	 2.38441263703704E-0001	
 1.24450000000000E+0003	 2.37545195851852E-0001	
 1.24650000000000E+0003	 2.36454128000000E-0001	
 1.24850000000000E+0003	 2.35160060148148E-0001	
 1.25050000000000E+0003	 2.33638492296296E-0001	
 1.25250000000000E+0003	 2.31874924444444E-0001	
 1.25450000000000E+0003	 2.29928856592593E-0001	
 1.25650000000000E+0003	 2.27900288740741E-0001	
 1.25850000000000E+0003	 2.25796220888889E-0001	
 1.26050000000000E+0003	 2.23529153037037E-0001	
 1.26250000000000E+0003	 2.20979585185185E-0001	
 1.26450000000000E+0003	 2.18172517333333E-0001	
 1.26650000000000E+0003	 2.15298949481481E-0001	
 1.26850000000000E+0003	 2.12616381629630E-0001	
 1.27050000000000E+0003	 2.10275813777778E-0001	
 1.27250000000000E+0003	 2.08305745925926E-0001	
 1.27450000000000E+0003	 2.06634678074074E-0001	
 1.27650000000000E+0003	 2.05226610222222E-0001	
 1.27850000000000E+0003	 2.04065042370370E-0001	
 1.28050000000000E+0003	 2.03107474518519E-0001	
 1.28250000000000E+0003	 2.02279906666667E-0001	
 1.28450000000000E+0003	 2.01544838814815E-0001	
 1.28650000000000E+0003	 2.00886770962963E-0001	
 1.28850000000000E+0003	 2.00312703111111E-0001	
 1.29050000000000E+0003	 1.99820635259259E-0001	
 1.29250000000000E+0003	 1.99416067407407E-0001	
 1.29450000000000E+0003	 1.99100499555556E-0001	
 1.29650000000000E+0003	 1.98892931703704E-0001	
 1.29850000000000E+0003	 1.98793363851852E-0001	
 1.30050000000000E+0003	 1.98760796000000E-0001	
 1.30250000000000E+0003	 1.98720228148148E-0001	
 1.30450000000000E+0003	 1.98627160296296E-0001	
 1.30650000000000E+0003	 1.98449092444444E-0001	
 1.30850000000000E+0003	 1.98194524592593E-0001	
 1.31050000000000E+0003	 1.97834456740741E-0001	
 1.31250000000000E+0003	 1.97345388888889E-0001	
 1.31450000000000E+0003	 1.96713821037037E-0001	
 1.31650000000000E+0003	 1.95968253185185E-0001	
 1.31850000000000E+0003	 1.95188185333333E-0001	
 1.32050000000000E+0003	 1.94416617481481E-0001	
 1.32250000000000E+0003	 1.93689549629630E-0001	
 1.32450000000000E+0003	 1.93155981777778E-0001	
 1.32650000000000E+0003	 1.92868913925926E-0001	
 1.32850000000000E+0003	 1.92819846074074E-0001	
 1.33050000000000E+0003	 1.92963278222222E-0001	
 1.33250000000000E+0003	 1.93284710370370E-0001	
 1.33450000000000E+0003	 1.93728642518519E-0001	
 1.33650000000000E+0003	 1.94271574666667E-0001	
 1.33850000000000E+0003	 1.95006006814815E-0001	
 1.34050000000000E+0003	 1.96008938962963E-0001	
 1.34250000000000E+0003	 1.97095371111111E-0001	
 1.34450000000000E+0003	 1.98377303259259E-0001	
 1.34650000000000E+0003	 2.00120735407407E-0001	
 1.34850000000000E+0003	 2.02758167555556E-0001	
 1.35050000000000E+0003	 2.06581099703704E-0001	
 1.35250000000000E+0003	 2.11568031851852E-0001	
 1.35450000000000E+0003	 2.17268464000000E-0001	
 1.35650000000000E+0003	 2.22886396148148E-0001	
 1.35850000000000E+0003	 2.27865828296296E-0001	
 1.36050000000000E+0003	 2.32181760444444E-0001	
 1.36250000000000E+0003	 2.35779192592593E-0001	
 1.36450000000000E+0003	 2.38010124740741E-0001	
 1.36650000000000E+0003	 2.38221056888889E-0001	
 1.36850000000000E+0003	 2.36377489037037E-0001	
 1.37050000000000E+0003	 2.33336421185185E-0001	
 1.37250000000000E+0003	 2.30363353333333E-0001	
 1.37450000000000E+0003	 2.28147785481481E-0001	
 1.37650000000000E+0003	 2.26990217629630E-0001	
 1.37850000000000E+0003	 2.26506149777778E-0001	
 1.38050000000000E+0003	 2.26547581925926E-0001	
 1.38250000000000E+0003	 2.27160514074074E-0001	
 1.38450000000000E+0003	 2.28121946222222E-0001	
 1.38650000000000E+0003	 2.29070878370370E-0001	
 1.38850000000000E+0003	 2.30040310518519E-0001	
 1.39050000000000E+0003	 2.31222742666667E-0001	
 1.39250000000000E+0003	 2.32411174814815E-0001	
 1.39450000000000E+0003	 2.33350106962963E-0001	
 1.39650000000000E+0003	 2.34398539111111E-0001	
 1.39850000000000E+0003	 2.35285971259259E-0001	
 1.40050000000000E+0003	 2.35788403407407E-0001	
 1.40250000000000E+0003	 2.36102335555556E-0001	
 1.40450000000000E+0003	 2.35895767703704E-0001	
 1.40650000000000E+0003	 2.35428699851852E-0001	
 1.40850000000000E+0003	 2.35029132000000E-0001	
 1.41050000000000E+0003	 2.34569064148148E-0001	
 1.41250000000000E+0003	 2.34050496296296E-0001	
 1.41450000000000E+0003	 2.33385428444444E-0001	
 1.41650000000000E+0003	 2.32352860592593E-0001	
 1.41850000000000E+0003	 2.30730792740741E-0001	
 1.42050000000000E+0003	 2.28453224888889E-0001	
 1.42250000000000E+0003	 2.26309657037037E-0001	
 1.42450000000000E+0003	 2.23773589185185E-0001	
 1.42650000000000E+0003	 2.21327021333333E-0001	
 1.42850000000000E+0003	 2.19582953481481E-0001	
 1.43050000000000E+0003	 2.18645885629630E-0001	
 1.43250000000000E+0003	 2.18644317777778E-0001	
 1.43450000000000E+0003	 2.19340249925926E-0001	
 1.43650000000000E+0003	 2.20006682074074E-0001	
 1.43850000000000E+0003	 2.21154114222222E-0001	
 1.44050000000000E+0003	 2.22714546370370E-0001	
 1.44250000000000E+0003	 2.23671978518519E-0001	
 1.44450000000000E+0003	 2.24233410666667E-0001	
 1.44650000000000E+0003	 2.24579842814815E-0001	
 1.44850000000000E+0003	 2.24678774962963E-0001	
 1.45050000000000E+0003	 2.24926207111111E-0001	
 1.45250000000000E+0003	 2.25159639259259E-0001	
 1.45450000000000E+0003	 2.25088071407407E-0001	
 1.45650000000000E+0003	 2.23928503555556E-0001	
 1.45850000000000E+0003	 2.21579435703704E-0001	
 1.46050000000000E+0003	 2.19376867851852E-0001	
 1.46250000000000E+0003	 2.17810800000000E-0001	
 1.46450000000000E+0003	 2.16021232148148E-0001	
 1.46650000000000E+0003	 2.14318164296296E-0001	
 1.46850000000000E+0003	 2.12890096444444E-0001	
 1.47050000000000E+0003	 2.10782028592593E-0001	
 1.47250000000000E+0003	 2.07500460740741E-0001	
 1.47450000000000E+0003	 2.04297892888889E-0001	
 1.47650000000000E+0003	 2.01919325037037E-0001	
 1.47850000000000E+0003	 2.00923757185185E-0001	
 1.48050000000000E+0003	 2.01357189333333E-0001	
 1.48250000000000E+0003	 2.02594621481481E-0001	
 1.48450000000000E+0003	 2.04533053629630E-0001	
 1.48650000000000E+0003	 2.07132485777778E-0001	
 1.48850000000000E+0003	 2.10382417925926E-0001	
 1.49050000000000E+0003	 2.14489350074074E-0001	
 1.49250000000000E+0003	 2.18994782222222E-0001	
 1.49450000000000E+0003	 2.24146214370370E-0001	
 1.49650000000000E+0003	 2.29586646518519E-0001	
 1.49850000000000E+0003	 2.34449578666667E-0001	
 1.50050000000000E+0003	 2.38787010814815E-0001	
 1.50250000000000E+0003	 2.43642942962963E-0001	
 1.50450000000000E+0003	 2.48731375111111E-0001	
 1.50650000000000E+0003	 2.54676807259259E-0001	
 1.50850000000000E+0003	 2.60997739407407E-0001	
 1.51050000000000E+0003	 2.65487171555556E-0001	
 1.51250000000000E+0003	 2.70579603703704E-0001	
 1.51450000000000E+0003	 2.75603035851852E-0001	
 1.51650000000000E+0003	 2.79741468000000E-0001	
 1.51850000000000E+0003	 2.82917400148148E-0001	
 1.52050000000000E+0003	 2.85781332296296E-0001	
 1.52250000000000E+0003	 2.89001264444444E-0001	
 1.52450000000000E+0003	 2.91646196592593E-0001	
 1.52650000000000E+0003	 2.94440128740741E-0001	
 1.52850000000000E+0003	 2.97532560888889E-0001	
 1.53050000000000E+0003	 3.00486993037037E-0001	
 1.53250000000000E+0003	 3.03137425185185E-0001	
 1.53450000000000E+0003	 3.05796357333333E-0001	
 1.53650000000000E+0003	 3.08496789481481E-0001	
 1.53850000000000E+0003	 3.11493721629630E-0001	
 1.54050000000000E+0003	 3.13842153777778E-0001	
 1.54250000000000E+0003	 3.13903585925926E-0001	
 1.54450000000000E+0003	 3.13006518074074E-0001	
 1.54650000000000E+0003	 3.12015950222222E-0001	
 1.54850000000000E+0003	 3.10740882370370E-0001	
 1.55050000000000E+0003	 3.08498814518519E-0001	
 1.55250000000000E+0003	 3.05812246666667E-0001	
 1.55450000000000E+0003	 3.02514178814815E-0001	
 1.55650000000000E+0003	 2.99045610962963E-0001	
 1.55850000000000E+0003	 2.94935043111111E-0001	
 1.56050000000000E+0003	 2.90051475259259E-0001	
 1.56250000000000E+0003	 2.86453407407407E-0001	
 1.56450000000000E+0003	 2.83226839555556E-0001	
 1.56650000000000E+0003	 2.79792771703704E-0001	
 1.56850000000000E+0003	 2.76854203851852E-0001	
 1.57050000000000E+0003	 2.73763636000000E-0001	
 1.57250000000000E+0003	 2.71389068148148E-0001	
 1.57450000000000E+0003	 2.69960000296296E-0001	
 1.57650000000000E+0003	 2.68386432444444E-0001	
 1.57850000000000E+0003	 2.65568364592593E-0001	
 1.58050000000000E+0003	 2.62699296740741E-0001	
 1.58250000000000E+0003	 2.60638728888889E-0001	
 1.58450000000000E+0003	 2.59374161037037E-0001	
 1.58650000000000E+0003	 2.58670593185185E-0001	
 1.58850000000000E+0003	 2.58668025333333E-0001	
 1.59050000000000E+0003	 2.59243457481481E-0001	
 1.59250000000000E+0003	 2.60424389629630E-0001	
 1.59450000000000E+0003	 2.61944321777778E-0001	
 1.59650000000000E+0003	 2.63778253925926E-0001	
 1.59850000000000E+0003	 2.65721186074074E-0001	
 1.60050000000000E+0003	 2.68089118222222E-0001	
 1.60250000000000E+0003	 2.70872050370370E-0001	
 1.60450000000000E+0003	 2.74106982518519E-0001	
 1.60650000000000E+0003	 2.77707414666667E-0001	
 1.60850000000000E+0003	 2.82085846814815E-0001	
 1.61050000000000E+0003	 2.87109278962963E-0001	
 1.61250000000000E+0003	 2.92717211111111E-0001	
 1.61450000000000E+0003	 2.98860143259259E-0001	
 1.61650000000000E+0003	 3.06562075407407E-0001	
 1.61850000000000E+0003	 3.13918007555556E-0001	
 1.62050000000000E+0003	 3.19732439703704E-0001	
 1.62250000000000E+0003	 3.26483871851852E-0001	
 1.62450000000000E+0003	 3.34300304000000E-0001	
 1.62650000000000E+0003	 3.41839236148148E-0001	
 1.62850000000000E+0003	 3.49413168296296E-0001	
 1.63050000000000E+0003	 3.56614100444444E-0001	
 1.63250000000000E+0003	 3.62951032592593E-0001	
 1.63450000000000E+0003	 3.68713964740741E-0001	
 1.63650000000000E+0003	 3.74420396888889E-0001	
 1.63850000000000E+0003	 3.78434329037037E-0001	
 1.64050000000000E+0003	 3.80974761185185E-0001	
 1.64250000000000E+0003	 3.82975193333333E-0001	
 1.64450000000000E+0003	 3.84567125481481E-0001	
 1.64650000000000E+0003	 3.85935057629630E-0001	
 1.64850000000000E+0003	 3.86990489777778E-0001	
 1.65050000000000E+0003	 3.88178921925926E-0001	
 1.65250000000000E+0003	 3.90081354074074E-0001	
 1.65450000000000E+0003	 3.90292286222222E-0001	
 1.65650000000000E+0003	 3.89249218370370E-0001	
 1.65850000000000E+0003	 3.88410650518519E-0001	
 1.66050000000000E+0003	 3.87082082666667E-0001	
 1.66250000000000E+0003	 3.84977514814815E-0001	
 1.66450000000000E+0003	 3.82334946962963E-0001	
 1.66650000000000E+0003	 3.79938879111111E-0001	
 1.66850000000000E+0003	 3.77154311259259E-0001	
 1.67050000000000E+0003	 3.74027243407407E-0001	
 1.67250000000000E+0003	 3.71436675555556E-0001	
 1.67450000000000E+0003	 3.68852607703704E-0001	
 1.67650000000000E+0003	 3.65663039851852E-0001	
 1.67850000000000E+0003	 3.63519972000000E-0001	
 1.68050000000000E+0003	 3.61561904148148E-0001	
 1.68250000000000E+0003	 3.59455336296296E-0001	
 1.68450000000000E+0003	 3.57513768444444E-0001	
 1.68650000000000E+0003	 3.55287700592593E-0001	
 1.68850000000000E+0003	 3.52367132740741E-0001	
 1.69050000000000E+0003	 3.49170064888889E-0001	
 1.69250000000000E+0003	 3.46420497037037E-0001	
 1.69450000000000E+0003	 3.44370929185185E-0001	
 1.69650000000000E+0003	 3.42594861333333E-0001	
 1.69850000000000E+0003	 3.41351793481481E-0001	
 1.70050000000000E+0003	 3.40049225629630E-0001	
 1.70250000000000E+0003	 3.40936657777778E-0001	
 1.70450000000000E+0003	 3.45157089925926E-0001	
 1.70650000000000E+0003	 3.51216522074074E-0001	
 1.70850000000000E+0003	 3.58629954222222E-0001	
 1.71050000000000E+0003	 3.66670886370370E-0001	
 1.71250000000000E+0003	 3.73684818518519E-0001	
 1.71450000000000E+0003	 3.77178250666667E-0001	
 1.71650000000000E+0003	 3.74314182814815E-0001	
 1.71850000000000E+0003	 3.60862114962963E-0001	
 1.72050000000000E+0003	 3.41422047111111E-0001	
 1.72250000000000E+0003	 3.22445979259259E-0001	
 1.72450000000000E+0003	 3.04670411407407E-0001	
 1.72650000000000E+0003	 2.90483843555556E-0001	
 1.72850000000000E+0003	 2.79758275703704E-0001	
 1.73050000000000E+0003	 2.71612207851852E-0001	
 1.73250000000000E+0003	 2.65943640000000E-0001	
 1.73450000000000E+0003	 2.60242572148148E-0001	
 1.73650000000000E+0003	 2.55033004296296E-0001	
 1.73850000000000E+0003	 2.51399936444444E-0001	
 1.74050000000000E+0003	 2.47363368592593E-0001	
 1.74250000000000E+0003	 2.43719300740741E-0001	
 1.74450000000000E+0003	 2.40498732888889E-0001	
 1.74650000000000E+0003	 2.37163665037037E-0001	
 1.74850000000000E+0003	 2.33472097185185E-0001	
 1.75050000000000E+0003	 2.29092029333333E-0001	
 1.75250000000000E+0003	 2.24007961481481E-0001	
 1.75450000000000E+0003	 2.19279893629630E-0001	
 1.75650000000000E+0003	 2.14313825777778E-0001	
 1.75850000000000E+0003	 2.09491757925926E-0001	
 1.76050000000000E+0003	 2.05412690074074E-0001	
 1.76250000000000E+0003	 2.01159622222222E-0001	
 1.76450000000000E+0003	 1.97498554370370E-0001	
 1.76650000000000E+0003	 1.94458486518519E-0001	
 1.76850000000000E+0003	 1.91133918666667E-0001	
 1.77050000000000E+0003	 1.88455850814815E-0001	
 1.77250000000000E+0003	 1.86235782962963E-0001	
 1.77450000000000E+0003	 1.83805215111111E-0001	
 1.77650000000000E+0003	 1.81431147259259E-0001	
 1.77850000000000E+0003	 1.79269579407407E-0001	
 1.78050000000000E+0003	 1.77252511555556E-0001	
 1.78250000000000E+0003	 1.75337943703704E-0001	
 1.78450000000000E+0003	 1.73420875851852E-0001	
 1.78650000000000E+0003	 1.71602808000000E-0001	
 1.78850000000000E+0003	 1.70156240148148E-0001	
 1.79050000000000E+0003	 1.68673672296296E-0001	
 1.79250000000000E+0003	 1.66974104444444E-0001	
 1.79450000000000E+0003	 1.65509536592593E-0001	
 1.79650000000000E+0003	 1.64364468740741E-0001	
 1.79850000000000E+0003	 1.63015400888889E-0001	
 1.80050000000000E+0003	 1.61409333037037E-0001	
 1.80250000000000E+0003	 1.59901765185185E-0001	
 1.80450000000000E+0003	 1.58719697333333E-0001	
 1.80650000000000E+0003	 1.57671129481481E-0001	
 1.80850000000000E+0003	 1.56514061629630E-0001	
 1.81050000000000E+0003	 1.55353493777778E-0001	
 1.81250000000000E+0003	 1.54210925925926E-0001	
 1.81450000000000E+0003	 1.53124358074074E-0001	
 1.81650000000000E+0003	 1.52023290222222E-0001	
 1.81850000000000E+0003	 1.50955222370370E-0001	
 1.82050000000000E+0003	 1.49996154518519E-0001	
 1.82250000000000E+0003	 1.49088086666667E-0001	
 1.82450000000000E+0003	 1.47995018814815E-0001	
 1.82650000000000E+0003	 1.46915450962963E-0001	
 1.82850000000000E+0003	 1.46244383111111E-0001	
 1.83050000000000E+0003	 1.45422815259259E-0001	
 1.83250000000000E+0003	 1.44491747407407E-0001	
 1.83450000000000E+0003	 1.43868679555556E-0001	
 1.83650000000000E+0003	 1.43196111703704E-0001	
 1.83850000000000E+0003	 1.42488043851852E-0001	
 1.84050000000000E+0003	 1.41745476000000E-0001	
 1.84250000000000E+0003	 1.41042408148148E-0001	
 1.84450000000000E+0003	 1.40099340296296E-0001	
 1.84650000000000E+0003	 1.39338772444444E-0001	
 1.84850000000000E+0003	 1.38963704592593E-0001	
 1.85050000000000E+0003	 1.38415136740741E-0001	
 1.85250000000000E+0003	 1.37816568888889E-0001	
 1.85450000000000E+0003	 1.37234001037037E-0001	
 1.85650000000000E+0003	 1.36659433185185E-0001	
 1.85850000000000E+0003	 1.36107865333333E-0001	
 1.86050000000000E+0003	 1.35569297481481E-0001	
 1.86250000000000E+0003	 1.35042229629630E-0001	
 1.86450000000000E+0003	 1.34548161777778E-0001	
 1.86650000000000E+0003	 1.34121093925926E-0001	
 1.86850000000000E+0003	 1.33625526074074E-0001	
 1.87050000000000E+0003	 1.32966458222222E-0001	
 1.87250000000000E+0003	 1.32549390370370E-0001	
 1.87450000000000E+0003	 1.32283822518519E-0001	
 1.87650000000000E+0003	 1.31896254666667E-0001	
 1.87850000000000E+0003	 1.31510686814815E-0001	
 1.88050000000000E+0003	 1.31134118962963E-0001	
 1.88250000000000E+0003	 1.30778051111111E-0001	
 1.88450000000000E+0003	 1.30445983259259E-0001	
 1.88650000000000E+0003	 1.30106915407407E-0001	
 1.88850000000000E+0003	 1.29700847555556E-0001	
 1.89050000000000E+0003	 1.29261279703704E-0001	
 1.89250000000000E+0003	 1.28958211851852E-0001	
 1.89450000000000E+0003	 1.28732644000000E-0001	
 1.89650000000000E+0003	 1.28431076148148E-0001	
 1.89850000000000E+0003	 1.28090008296296E-0001	
 1.90050000000000E+0003	 1.27760940444444E-0001	
 1.90250000000000E+0003	 1.27459372592593E-0001	
 1.90450000000000E+0003	 1.27179804740741E-0001	
 1.90650000000000E+0003	 1.26903736888889E-0001	
 1.90850000000000E+0003	 1.26654669037037E-0001	
 1.91050000000000E+0003	 1.26412101185185E-0001	
 1.91250000000000E+0003	 1.26120033333333E-0001	
 1.91450000000000E+0003	 1.25824965481481E-0001	
 1.91650000000000E+0003	 1.25527897629630E-0001	
 1.91850000000000E+0003	 1.25122829777778E-0001	
 1.92050000000000E+0003	 1.24892761925926E-0001	
 1.92250000000000E+0003	 1.24861194074074E-0001	
 1.92450000000000E+0003	 1.24701626222222E-0001	
 1.92650000000000E+0003	 1.24474558370370E-0001	
 1.92850000000000E+0003	 1.24267490518519E-0001	
 1.93050000000000E+0003	 1.24073922666667E-0001	
 1.93250000000000E+0003	 1.23897854814815E-0001	
 1.93450000000000E+0003	 1.23729786962963E-0001	
 1.93650000000000E+0003	 1.23560719111111E-0001	
 1.93850000000000E+0003	 1.23390651259259E-0001	
 1.94050000000000E+0003	 1.23221083407407E-0001	
 1.94250000000000E+0003	 1.23031015555556E-0001	
 1.94450000000000E+0003	 1.22900947703704E-0001	
 1.94650000000000E+0003	 1.22849379851852E-0001	
 1.94850000000000E+0003	 1.22731812000000E-0001	
 1.95050000000000E+0003	 1.22567244148148E-0001	
 1.95250000000000E+0003	 1.22424676296296E-0001	
 1.95450000000000E+0003	 1.22303108444444E-0001	
 1.95650000000000E+0003	 1.22191040592593E-0001	
 1.95850000000000E+0003	 1.22068972740741E-0001	
 1.96050000000000E+0003	 1.21939904888889E-0001	
 1.96250000000000E+0003	 1.21815837037037E-0001	
 1.96450000000000E+0003	 1.21692269185185E-0001	
 1.96650000000000E+0003	 1.21586701333333E-0001	
 1.96850000000000E+0003	 1.21481133481481E-0001	
 1.97050000000000E+0003	 1.21359065629630E-0001	
 1.97250000000000E+0003	 1.21247497777778E-0001	
 1.97450000000000E+0003	 1.21146429925926E-0001	
 1.97650000000000E+0003	 1.21051362074074E-0001	
 1.97850000000000E+0003	 1.20957794222222E-0001	
 1.98050000000000E+0003	 1.20865226370370E-0001	
 1.98250000000000E+0003	 1.20778658518519E-0001	
 1.98450000000000E+0003	 1.20694090666667E-0001	
 1.98650000000000E+0003	 1.20617522814815E-0001	
 1.98850000000000E+0003	 1.20551454962963E-0001	
 1.99050000000000E+0003	 1.20468887111111E-0001	
 1.99250000000000E+0003	 1.20358819259259E-0001	
 1.99450000000000E+0003	 1.20296251407407E-0001	
 1.99650000000000E+0003	 1.20260683555556E-0001	
 1.99850000000000E+0003	 1.20202115703704E-0001	
 2.00050000000000E+0003	 1.20134547851852E-0001	
 2.00250000000000E+0003	 1.20062980000000E-0001	
 2.00450000000000E+0003	 1.19992912148148E-0001	
 2.00650000000000E+0003	 1.19926344296296E-0001	
 2.00850000000000E+0003	 1.19866776444444E-0001	
 2.01050000000000E+0003	 1.19812208592593E-0001	
 2.01250000000000E+0003	 1.19759140740741E-0001	
 2.01450000000000E+0003	 1.19710072888889E-0001	
 2.01650000000000E+0003	 1.19665505037037E-0001	
 2.01850000000000E+0003	 1.19634937185185E-0001	
 2.02050000000000E+0003	 1.19607869333333E-0001	
 2.02250000000000E+0003	 1.19573801481481E-0001	
 2.02450000000000E+0003	 1.19543233629630E-0001	
 2.02650000000000E+0003	 1.19520165777778E-0001	
 2.02850000000000E+0003	 1.19497097925926E-0001	
 2.03050000000000E+0003	 1.19467030074074E-0001	
 2.03250000000000E+0003	 1.19436462222222E-0001	
 2.03450000000000E+0003	 1.19408894370370E-0001	
 2.03650000000000E+0003	 1.19380826518519E-0001	
 2.03850000000000E+0003	 1.19352258666667E-0001	
 2.04050000000000E+0003	 1.19331190814815E-0001	
 2.04250000000000E+0003	 1.19314122962963E-0001	
 2.04450000000000E+0003	 1.19291055111111E-0001	
 2.04650000000000E+0003	 1.19258487259259E-0001	
 2.04850000000000E+0003	 1.19225919407407E-0001	
 2.05050000000000E+0003	 1.19198851555556E-0001	
 2.05250000000000E+0003	 1.19171783703704E-0001	
 2.05450000000000E+0003	 1.19143215851852E-0001	
 2.05650000000000E+0003	 1.19114648000000E-0001	
 2.05850000000000E+0003	 1.19086080148148E-0001	
 2.06050000000000E+0003	 1.19062012296296E-0001	
 2.06250000000000E+0003	 1.19033444444444E-0001	
 2.06450000000000E+0003	 1.19004376592593E-0001	
 2.06650000000000E+0003	 1.18983808740741E-0001	
 2.06850000000000E+0003	 1.18962740888889E-0001	
 2.07050000000000E+0003	 1.18935673037037E-0001	
 2.07250000000000E+0003	 1.18910605185185E-0001	
 2.07450000000000E+0003	 1.18885037333333E-0001	
 2.07650000000000E+0003	 1.18856469481481E-0001	
 2.07850000000000E+0003	 1.18820401629630E-0001	
 2.08050000000000E+0003	 1.18780333777778E-0001	
 2.08250000000000E+0003	 1.18738265925926E-0001	
 2.08450000000000E+0003	 1.18697198074074E-0001	
 2.08650000000000E+0003	 1.18654130222222E-0001	
 2.08850000000000E+0003	 1.18610562370370E-0001	
 2.09050000000000E+0003	 1.18570994518519E-0001	
 2.09250000000000E+0003	 1.18534926666667E-0001	
 2.09450000000000E+0003	 1.18495858814815E-0001	
 2.09650000000000E+0003	 1.18458790962963E-0001	
 2.09850000000000E+0003	 1.18426723111111E-0001	
 2.10050000000000E+0003	 1.18398155259259E-0001	
 2.10250000000000E+0003	 1.18364087407407E-0001	
 2.10450000000000E+0003	 1.18322019555556E-0001	
 2.10650000000000E+0003	 1.18277951703704E-0001	
 2.10850000000000E+0003	 1.18234383851852E-0001	
 2.11050000000000E+0003	 1.18188816000000E-0001	
 2.11250000000000E+0003	 1.18138748148148E-0001	
 2.11450000000000E+0003	 1.18087180296296E-0001	
 2.11650000000000E+0003	 1.18040612444444E-0001	
 2.11850000000000E+0003	 1.17990544592593E-0001	
 2.12050000000000E+0003	 1.17933476740741E-0001	
 2.12250000000000E+0003	 1.17875908888889E-0001	
 2.12450000000000E+0003	 1.17817841037037E-0001	
 2.12650000000000E+0003	 1.17753773185185E-0001	
 2.12850000000000E+0003	 1.17691705333333E-0001	
 2.13050000000000E+0003	 1.17637137481481E-0001	
 2.13250000000000E+0003	 1.17592069629630E-0001	
 2.13450000000000E+0003	 1.17546501777778E-0001	
 2.13650000000000E+0003	 1.17502933925926E-0001	
 2.13850000000000E+0003	 1.17460866074074E-0001	
 2.14050000000000E+0003	 1.17416798222222E-0001	
 2.14250000000000E+0003	 1.17360730370370E-0001	
 2.14450000000000E+0003	 1.17296662518519E-0001	
 2.14650000000000E+0003	 1.17224594666667E-0001	
 2.14850000000000E+0003	 1.17143526814815E-0001	
 2.15050000000000E+0003	 1.17044458962963E-0001	
 2.15250000000000E+0003	 1.16937891111111E-0001	
 2.15450000000000E+0003	 1.16828823259259E-0001	
 2.15650000000000E+0003	 1.16720255407407E-0001	
 2.15850000000000E+0003	 1.16613687555556E-0001	
 2.16050000000000E+0003	 1.16512119703704E-0001	
 2.16250000000000E+0003	 1.16409551851852E-0001	
 2.16450000000000E+0003	 1.16307984000000E-0001	
 2.16650000000000E+0003	 1.16211916148148E-0001	
 2.16850000000000E+0003	 1.16131348296296E-0001	
 2.17050000000000E+0003	 1.16051780444444E-0001	
 2.17250000000000E+0003	 1.15961712592593E-0001	
 2.17450000000000E+0003	 1.15872644740741E-0001	
 2.17650000000000E+0003	 1.15792076888889E-0001	
 2.17850000000000E+0003	 1.15714009037037E-0001	
 2.18050000000000E+0003	 1.15642441185185E-0001	
 2.18250000000000E+0003	 1.15572373333333E-0001	
 2.18450000000000E+0003	 1.15505805481481E-0001	
 2.18650000000000E+0003	 1.15442737629630E-0001	
 2.18850000000000E+0003	 1.15385169777778E-0001	
 2.19050000000000E+0003	 1.15325101925926E-0001	
 2.19250000000000E+0003	 1.15265534074074E-0001	
 2.19450000000000E+0003	 1.15206466222222E-0001	
 2.19650000000000E+0003	 1.15151898370370E-0001	
 2.19850000000000E+0003	 1.15096830518519E-0001	
 2.20050000000000E+0003	 1.15047262666667E-0001	
 2.20250000000000E+0003	 1.14997694814815E-0001	
 2.20450000000000E+0003	 1.14952126962963E-0001	
 2.20650000000000E+0003	 1.14904559111111E-0001	
 2.20850000000000E+0003	 1.14861991259259E-0001	
 2.21050000000000E+0003	 1.14824423407407E-0001	
 2.21250000000000E+0003	 1.14788355555556E-0001	
 2.21450000000000E+0003	 1.14748787703704E-0001	
 2.21650000000000E+0003	 1.14713219851852E-0001	
 2.21850000000000E+0003	 1.14678652000000E-0001	
 2.22050000000000E+0003	 1.14647584148148E-0001	
 2.22250000000000E+0003	 1.14619516296296E-0001	
 2.22450000000000E+0003	 1.14594948444444E-0001	
 2.22650000000000E+0003	 1.14569380592593E-0001	
 2.22850000000000E+0003	 1.14549312740741E-0001	
 2.23050000000000E+0003	 1.14526244888889E-0001	
 2.23250000000000E+0003	 1.14506677037037E-0001	
 2.23450000000000E+0003	 1.14487109185185E-0001	
 2.23650000000000E+0003	 1.14473041333333E-0001	
 2.23850000000000E+0003	 1.14460973481481E-0001	
 2.24050000000000E+0003	 1.14451905629630E-0001	
 2.24250000000000E+0003	 1.14440337777778E-0001	
 2.24450000000000E+0003	 1.14433269925926E-0001	
 2.24650000000000E+0003	 1.14432702074074E-0001	
 2.24850000000000E+0003	 1.14437634222222E-0001	
 2.25050000000000E+0003	 1.14444566370370E-0001	
 2.25250000000000E+0003	 1.14458498518519E-0001	
 2.25450000000000E+0003	 1.14470930666667E-0001	
 2.25650000000000E+0003	 1.14485362814815E-0001	
 2.25850000000000E+0003	 1.14499294962963E-0001	
 2.26050000000000E+0003	 1.14518227111111E-0001	
 2.26250000000000E+0003	 1.14532659259259E-0001	
 2.26450000000000E+0003	 1.14548591407407E-0001	
 2.26650000000000E+0003	 1.14564523555556E-0001	
 2.26850000000000E+0003	 1.14585455703704E-0001	
 2.27050000000000E+0003	 1.14602387851852E-0001	
 2.27250000000000E+0003	 1.14622320000000E-0001	
 2.27450000000000E+0003	 1.14642252148148E-0001	
 2.27650000000000E+0003	 1.14669684296296E-0001	
 2.27850000000000E+0003	 1.14698116444444E-0001	
 2.28050000000000E+0003	 1.14729548592593E-0001	
 2.28250000000000E+0003	 1.14757980740741E-0001	
 2.28450000000000E+0003	 1.14792912888889E-0001	
 2.28650000000000E+0003	 1.14831845037037E-0001	
 2.28850000000000E+0003	 1.14870277185185E-0001	
 2.29050000000000E+0003	 1.14902709333333E-0001	
 2.29250000000000E+0003	 1.14936641481481E-0001	
 2.29450000000000E+0003	 1.14968573629630E-0001	
 2.29650000000000E+0003	 1.15010505777778E-0001	
 2.29850000000000E+0003	 1.15058437925926E-0001	
 2.30050000000000E+0003	 1.15120370074074E-0001	
 2.30250000000000E+0003	 1.15192802222222E-0001	
 2.30450000000000E+0003	 1.15269734370370E-0001	
 2.30650000000000E+0003	 1.15333666518519E-0001	
 2.30850000000000E+0003	 1.15407098666667E-0001	
 2.31050000000000E+0003	 1.15491530814815E-0001	
 2.31250000000000E+0003	 1.15598462962963E-0001	
 2.31450000000000E+0003	 1.15699895111111E-0001	
 2.31650000000000E+0003	 1.15784327259259E-0001	
 2.31850000000000E+0003	 1.15858259407407E-0001	
 2.32050000000000E+0003	 1.15915691555556E-0001	
 2.32250000000000E+0003	 1.15934123703704E-0001	
 2.32450000000000E+0003	 1.15949055851852E-0001	
 2.32650000000000E+0003	 1.15953988000000E-0001	
 2.32850000000000E+0003	 1.16011420148148E-0001	
 2.33050000000000E+0003	 1.16052352296296E-0001	
 2.33250000000000E+0003	 1.16058784444444E-0001	
 2.33450000000000E+0003	 1.16105216592593E-0001	
 2.33650000000000E+0003	 1.16224148740741E-0001	
 2.33850000000000E+0003	 1.16320080888889E-0001	
 2.34050000000000E+0003	 1.16384513037037E-0001	
 2.34250000000000E+0003	 1.16413445185185E-0001	
 2.34450000000000E+0003	 1.16454877333333E-0001	
 2.34650000000000E+0003	 1.16390809481481E-0001	
 2.34850000000000E+0003	 1.16153741629630E-0001	
 2.35050000000000E+0003	 1.16366673777778E-0001	
 2.35250000000000E+0003	 1.16920105925926E-0001	
 2.35450000000000E+0003	 1.17075538074074E-0001	
 2.35650000000000E+0003	 1.17028970222222E-0001	
 2.35850000000000E+0003	 1.16994902370370E-0001	
 2.36050000000000E+0003	 1.17029334518519E-0001	
 2.36250000000000E+0003	 1.17118266666667E-0001	
 2.36450000000000E+0003	 1.17258698814815E-0001	
 2.36650000000000E+0003	 1.17423130962963E-0001	
 2.36850000000000E+0003	 1.17623063111111E-0001	
 2.37050000000000E+0003	 1.17838995259259E-0001	
 2.37250000000000E+0003	 1.18061427407407E-0001	
 2.37450000000000E+0003	 1.18246859555556E-0001	
 2.37650000000000E+0003	 1.18365291703704E-0001	
 2.37850000000000E+0003	 1.18437223851852E-0001	
 2.38050000000000E+0003	 1.18516156000000E-0001	
 2.38250000000000E+0003	 1.18645588148148E-0001	
 2.38450000000000E+0003	 1.18820020296296E-0001	
 2.38650000000000E+0003	 1.19015452444444E-0001	
 2.38850000000000E+0003	 1.19198884592593E-0001	
 2.39050000000000E+0003	 1.19366316740741E-0001	
 2.39250000000000E+0003	 1.19524248888889E-0001	
 2.39450000000000E+0003	 1.19681681037037E-0001	
 2.39650000000000E+0003	 1.19846613185185E-0001	
 2.39850000000000E+0003	 1.20016545333333E-0001	
 2.40050000000000E+0003	 1.20189977481481E-0001	
 2.40250000000000E+0003	 1.20369909629630E-0001	
 2.40450000000000E+0003	 1.20554841777778E-0001	
 2.40650000000000E+0003	 1.20739773925926E-0001	
 2.40850000000000E+0003	 1.20928706074074E-0001	
 2.41050000000000E+0003	 1.21123638222222E-0001	
 2.41250000000000E+0003	 1.21323070370370E-0001	
 2.41450000000000E+0003	 1.21528002518519E-0001	
 2.41650000000000E+0003	 1.21739934666667E-0001	
 2.41850000000000E+0003	 1.21953866814815E-0001	
 2.42050000000000E+0003	 1.22170298962963E-0001	
 2.42250000000000E+0003	 1.22388731111111E-0001	
 2.42450000000000E+0003	 1.22610163259259E-0001	
 2.42650000000000E+0003	 1.22832595407407E-0001	
 2.42850000000000E+0003	 1.23058027555556E-0001	
 2.43050000000000E+0003	 1.23288959703704E-0001	
 2.43250000000000E+0003	 1.23526391851852E-0001	
 2.43450000000000E+0003	 1.23763824000000E-0001	
 2.43650000000000E+0003	 1.24001756148148E-0001	
 2.43850000000000E+0003	 1.24241188296296E-0001	
 2.44050000000000E+0003	 1.24478120444444E-0001	
 2.44250000000000E+0003	 1.24705052592593E-0001	
 2.44450000000000E+0003	 1.24927984740741E-0001	
 2.44650000000000E+0003	 1.25147416888889E-0001	
 2.44850000000000E+0003	 1.25361349037037E-0001	
 2.45050000000000E+0003	 1.25571281185185E-0001	
 2.45250000000000E+0003	 1.25785213333333E-0001	
 2.45450000000000E+0003	 1.26002145481481E-0001	
 2.45650000000000E+0003	 1.26223077629630E-0001	
 2.45850000000000E+0003	 1.26446509777778E-0001	
 2.46050000000000E+0003	 1.26676941925926E-0001	
 2.46250000000000E+0003	 1.26918374074074E-0001	
 2.46450000000000E+0003	 1.27164306222222E-0001	
 2.46650000000000E+0003	 1.27410238370370E-0001	
 2.46850000000000E+0003	 1.27660170518519E-0001	
 2.47050000000000E+0003	 1.27911602666667E-0001	
 2.47250000000000E+0003	 1.28169034814815E-0001	
 2.47450000000000E+0003	 1.28430466962963E-0001	
 2.47650000000000E+0003	 1.28696899111111E-0001	
 2.47850000000000E+0003	 1.28963831259259E-0001	
 2.48050000000000E+0003	 1.29229763407407E-0001	
 2.48250000000000E+0003	 1.29495195555556E-0001	
 2.48450000000000E+0003	 1.29764127703704E-0001	
 2.48650000000000E+0003	 1.30033559851852E-0001	
 2.48850000000000E+0003	 1.30303492000000E-0001	
 2.49050000000000E+0003	 1.30573924148148E-0001	
 2.49250000000000E+0003	 1.30845356296296E-0001	
 2.49450000000000E+0003	 1.31114288444444E-0001	
 2.49650000000000E+0003	 1.31382220592593E-0001	
 2.49850000000000E+0003	 1.31649652740741E-0001	
 2.50050000000000E+0003	 1.31918084888889E-0001	
 2.50250000000000E+0003	 1.32183017037037E-0001	
 2.50450000000000E+0003	 1.32443949185185E-0001	
 2.50650000000000E+0003	 1.32703881333333E-0001	
 2.50850000000000E+0003	 1.32962813481481E-0001	
 2.51050000000000E+0003	 1.33216745629630E-0001	
 2.51250000000000E+0003	 1.33467677777778E-0001	
 2.51450000000000E+0003	 1.33711609925926E-0001	
 2.51650000000000E+0003	 1.33952542074074E-0001	
 2.51850000000000E+0003	 1.34190974222222E-0001	
 2.52050000000000E+0003	 1.34429406370370E-0001	
 2.52250000000000E+0003	 1.34662338518519E-0001	
 2.52450000000000E+0003	 1.34893770666667E-0001	
 2.52650000000000E+0003	 1.35123202814815E-0001	
 2.52850000000000E+0003	 1.35352134962963E-0001	
 2.53050000000000E+0003	 1.35579567111111E-0001	
 2.53250000000000E+0003	 1.35806499259259E-0001	
 2.53450000000000E+0003	 1.36030431407407E-0001	
 2.53650000000000E+0003	 1.36255863555556E-0001	
 2.53850000000000E+0003	 1.36479295703704E-0001	
 2.54050000000000E+0003	 1.36706227851852E-0001	
 2.54250000000000E+0003	 1.36936660000000E-0001	
 2.54450000000000E+0003	 1.37168592148148E-0001	
 2.54650000000000E+0003	 1.37400024296296E-0001	
 2.54850000000000E+0003	 1.37632956444444E-0001	
 2.55050000000000E+0003	 1.37865388592593E-0001	
 2.55250000000000E+0003	 1.38104320740741E-0001	
 2.55450000000000E+0003	 1.38349752888889E-0001	
 2.55650000000000E+0003	 1.38598685037037E-0001	
 2.55850000000000E+0003	 1.38845117185185E-0001	
 2.56050000000000E+0003	 1.39095549333333E-0001	
 2.56250000000000E+0003	 1.39349481481481E-0001	
 2.56450000000000E+0003	 1.39609913629630E-0001	
 2.56650000000000E+0003	 1.39874345777778E-0001	
 2.56850000000000E+0003	 1.40141277925926E-0001	
 2.57050000000000E+0003	 1.40414210074074E-0001	
 2.57250000000000E+0003	 1.40694142222222E-0001	
 2.57450000000000E+0003	 1.40973074370370E-0001	
 2.57650000000000E+0003	 1.41249006518519E-0001	
 2.57850000000000E+0003	 1.41517438666667E-0001	
 2.58050000000000E+0003	 1.41783370814815E-0001	
 2.58250000000000E+0003	 1.42050802962963E-0001	
 2.58450000000000E+0003	 1.42319735111111E-0001	
 2.58650000000000E+0003	 1.42590667259259E-0001	
 2.58850000000000E+0003	 1.42869599407407E-0001	
 2.59050000000000E+0003	 1.43149531555556E-0001	
 2.59250000000000E+0003	 1.43433963703704E-0001	
 2.59450000000000E+0003	 1.43723895851852E-0001	
 2.59650000000000E+0003	 1.44022828000000E-0001	
 2.59850000000000E+0003	 1.44325760148148E-0001	
 2.60050000000000E+0003	 1.44632192296296E-0001	
 2.60250000000000E+0003	 1.44942624444444E-0001	
 2.60450000000000E+0003	 1.45254556592593E-0001	
 2.60650000000000E+0003	 1.45563988740741E-0001	
 2.60850000000000E+0003	 1.45872420888889E-0001	
 2.61050000000000E+0003	 1.46176853037037E-0001	
 2.61250000000000E+0003	 1.46480785185185E-0001	
 2.61450000000000E+0003	 1.46775717333333E-0001	
 2.61650000000000E+0003	 1.47069149481481E-0001	
 2.61850000000000E+0003	 1.47365081629630E-0001	
 2.62050000000000E+0003	 1.47659513777778E-0001	
 2.62250000000000E+0003	 1.47949445925926E-0001	
 2.62450000000000E+0003	 1.48239378074074E-0001	
 2.62650000000000E+0003	 1.48525810222222E-0001	
 2.62850000000000E+0003	 1.48808242370370E-0001	
 2.63050000000000E+0003	 1.49083674518519E-0001	
 2.63250000000000E+0003	 1.49357106666667E-0001	
 2.63450000000000E+0003	 1.49632038814815E-0001	
 2.63650000000000E+0003	 1.49908470962963E-0001	
 2.63850000000000E+0003	 1.50181903111111E-0001	
 2.64050000000000E+0003	 1.50456335259259E-0001	
 2.64250000000000E+0003	 1.50729767407407E-0001	
 2.64450000000000E+0003	 1.51005699555556E-0001	
 2.64650000000000E+0003	 1.51280131703704E-0001	
 2.64850000000000E+0003	 1.51555563851852E-0001	
 2.65050000000000E+0003	 1.51834496000000E-0001	
 2.65250000000000E+0003	 1.52115928148148E-0001	
 2.65450000000000E+0003	 1.52395860296296E-0001	
 2.65650000000000E+0003	 1.52679792444444E-0001	
 2.65850000000000E+0003	 1.52967724592593E-0001	
 2.66050000000000E+0003	 1.53261656740741E-0001	
 2.66250000000000E+0003	 1.53556588888889E-0001	
 2.66450000000000E+0003	 1.53856521037037E-0001	
 2.66650000000000E+0003	 1.54160453185185E-0001	
 2.66850000000000E+0003	 1.54463885333333E-0001	
 2.67050000000000E+0003	 1.54768317481481E-0001	
 2.67250000000000E+0003	 1.55083749629630E-0001	
 2.67450000000000E+0003	 1.55403181777778E-0001	
 2.67650000000000E+0003	 1.55724613925926E-0001	
 2.67850000000000E+0003	 1.56046546074074E-0001	
 2.68050000000000E+0003	 1.56367978222222E-0001	
 2.68250000000000E+0003	 1.56687910370370E-0001	
 2.68450000000000E+0003	 1.57009842518519E-0001	
 2.68650000000000E+0003	 1.57334774666667E-0001	
 2.68850000000000E+0003	 1.57663706814815E-0001	
 2.69050000000000E+0003	 1.57997138962963E-0001	
 2.69250000000000E+0003	 1.58338571111111E-0001	
 2.69450000000000E+0003	 1.58682003259259E-0001	
 2.69650000000000E+0003	 1.59037435407407E-0001	
 2.69850000000000E+0003	 1.59404867555556E-0001	
 2.70050000000000E+0003	 1.59783299703704E-0001	
 2.70250000000000E+0003	 1.60172731851852E-0001	
 2.70450000000000E+0003	 1.60581664000000E-0001	
 2.70650000000000E+0003	 1.61010596148148E-0001	
 2.70850000000000E+0003	 1.61454528296296E-0001	
 2.71050000000000E+0003	 1.61913460444444E-0001	
 2.71250000000000E+0003	 1.62389892592593E-0001	
 2.71450000000000E+0003	 1.62880324740741E-0001	
 2.71650000000000E+0003	 1.63380256888889E-0001	
 2.71850000000000E+0003	 1.63888689037037E-0001	
 2.72050000000000E+0003	 1.64407621185185E-0001	
 2.72250000000000E+0003	 1.64932553333333E-0001	
 2.72450000000000E+0003	 1.65454485481481E-0001	
 2.72650000000000E+0003	 1.65976917629630E-0001	
 2.72850000000000E+0003	 1.66490849777778E-0001	
 2.73050000000000E+0003	 1.66985781925926E-0001	
 2.73250000000000E+0003	 1.67474714074074E-0001	
 2.73450000000000E+0003	 1.67954146222222E-0001	
 2.73650000000000E+0003	 1.68428578370370E-0001	
 2.73850000000000E+0003	 1.68893010518519E-0001	
 2.74050000000000E+0003	 1.69345442666667E-0001	
 2.74250000000000E+0003	 1.69788874814815E-0001	
 2.74450000000000E+0003	 1.70229306962963E-0001	
 2.74650000000000E+0003	 1.70669239111111E-0001	
 2.74850000000000E+0003	 1.71110671259259E-0001	
 2.75050000000000E+0003	 1.71544603407407E-0001	
 2.75250000000000E+0003	 1.71978535555556E-0001	
 2.75450000000000E+0003	 1.72419467703704E-0001	
 2.75650000000000E+0003	 1.72875399851852E-0001	
 2.75850000000000E+0003	 1.73338832000000E-0001	
 2.76050000000000E+0003	 1.73811764148148E-0001	
 2.76250000000000E+0003	 1.74292696296296E-0001	
 2.76450000000000E+0003	 1.74778628444444E-0001	
 2.76650000000000E+0003	 1.75268560592593E-0001	
 2.76850000000000E+0003	 1.75765992740741E-0001	
 2.77050000000000E+0003	 1.76268924888889E-0001	
 2.77250000000000E+0003	 1.76777857037037E-0001	
 2.77450000000000E+0003	 1.77303289185185E-0001	
 2.77650000000000E+0003	 1.77828721333333E-0001	
 2.77850000000000E+0003	 1.78341653481481E-0001	
 2.78050000000000E+0003	 1.78862585629630E-0001	
 2.78250000000000E+0003	 1.79390017777778E-0001	
 2.78450000000000E+0003	 1.79918949925926E-0001	
 2.78650000000000E+0003	 1.80454382074074E-0001	
 2.78850000000000E+0003	 1.81011814222222E-0001	
 2.79050000000000E+0003	 1.81575246370370E-0001	
 2.79250000000000E+0003	 1.82128678518519E-0001	
 2.79450000000000E+0003	 1.82685610666667E-0001	
 2.79650000000000E+0003	 1.83263542814815E-0001	
 2.79850000000000E+0003	 1.83861474962963E-0001	
 2.80050000000000E+0003	 1.84458407111111E-0001	
 2.80250000000000E+0003	 1.85058839259259E-0001	
 2.80450000000000E+0003	 1.85678771407407E-0001	
 2.80650000000000E+0003	 1.86314203555556E-0001	
 2.80850000000000E+0003	 1.86970135703704E-0001	
 2.81050000000000E+0003	 1.87642567851852E-0001	
 2.81250000000000E+0003	 1.88314500000000E-0001	
 2.81450000000000E+0003	 1.88990432148148E-0001	
 2.81650000000000E+0003	 1.89690364296296E-0001	
 2.81850000000000E+0003	 1.90412796444444E-0001	
 2.82050000000000E+0003	 1.91154728592593E-0001	
 2.82250000000000E+0003	 1.91923160740741E-0001	
 2.82450000000000E+0003	 1.92729092888889E-0001	
 2.82650000000000E+0003	 1.93574025037037E-0001	
 2.82850000000000E+0003	 1.94470957185185E-0001	
 2.83050000000000E+0003	 1.95439389333333E-0001	
 2.83250000000000E+0003	 1.96507321481481E-0001	
 2.83450000000000E+0003	 1.97703253629630E-0001	
 2.83650000000000E+0003	 1.99084185777778E-0001	
 2.83850000000000E+0003	 2.00757117925926E-0001	
 2.84050000000000E+0003	 2.02816050074074E-0001	
 2.84250000000000E+0003	 2.05448482222222E-0001	
 2.84450000000000E+0003	 2.08956914370370E-0001	
 2.84650000000000E+0003	 2.13414846518519E-0001	
 2.84850000000000E+0003	 2.18238778666667E-0001	
 2.85050000000000E+0003	 2.22270710814815E-0001	
 2.85250000000000E+0003	 2.24839142962963E-0001	
 2.85450000000000E+0003	 2.26073575111111E-0001	
 2.85650000000000E+0003	 2.26326507259259E-0001	
 2.85850000000000E+0003	 2.25969939407407E-0001	
 2.86050000000000E+0003	 2.25436871555556E-0001	
 2.86250000000000E+0003	 2.25119303703704E-0001	
 2.86450000000000E+0003	 2.25308735851852E-0001	
 2.86650000000000E+0003	 2.26072168000000E-0001	
 2.86850000000000E+0003	 2.27270600148148E-0001	
 2.87050000000000E+0003	 2.28659032296296E-0001	
 2.87250000000000E+0003	 2.29931464444444E-0001	
 2.87450000000000E+0003	 2.30728896592593E-0001	
 2.87650000000000E+0003	 2.30937828740741E-0001	
 2.87850000000000E+0003	 2.30804760888889E-0001	
 2.88050000000000E+0003	 2.30600693037037E-0001	
 2.88250000000000E+0003	 2.30505125185185E-0001	
 2.88450000000000E+0003	 2.30641557333333E-0001	
 2.88650000000000E+0003	 2.31069489481481E-0001	
 2.88850000000000E+0003	 2.31797921629630E-0001	
 2.89050000000000E+0003	 2.32794853777778E-0001	
 2.89250000000000E+0003	 2.34019785925926E-0001	
 2.89450000000000E+0003	 2.35435218074074E-0001	
 2.89650000000000E+0003	 2.36980150222222E-0001	
 2.89850000000000E+0003	 2.38596582370370E-0001	
 2.90050000000000E+0003	 2.40322014518519E-0001	
 2.90250000000000E+0003	 2.42214446666667E-0001	
 2.90450000000000E+0003	 2.44327378814815E-0001	
 2.90650000000000E+0003	 2.46730310962963E-0001	
 2.90850000000000E+0003	 2.49553743111111E-0001	
 2.91050000000000E+0003	 2.52971675259259E-0001	
 2.91250000000000E+0003	 2.57130607407407E-0001	
 2.91450000000000E+0003	 2.61857039555556E-0001	
 2.91650000000000E+0003	 2.66580971703704E-0001	
 2.91850000000000E+0003	 2.70721403851852E-0001	
 2.92050000000000E+0003	 2.74017836000000E-0001	
 2.92250000000000E+0003	 2.76508768148148E-0001	
 2.92450000000000E+0003	 2.78229700296296E-0001	
 2.92650000000000E+0003	 2.79162632444444E-0001	
 2.92850000000000E+0003	 2.79354564592593E-0001	
 2.93050000000000E+0003	 2.78823996740741E-0001	
 2.93250000000000E+0003	 2.77611928888889E-0001	
 2.93450000000000E+0003	 2.75894861037037E-0001	
 2.93650000000000E+0003	 2.73805293185185E-0001	
 2.93850000000000E+0003	 2.71448225333333E-0001	
 2.94050000000000E+0003	 2.68996157481481E-0001	
 2.94250000000000E+0003	 2.66694589629630E-0001	
 2.94450000000000E+0003	 2.64752021777778E-0001	
 2.94650000000000E+0003	 2.63318953925926E-0001	
 2.94850000000000E+0003	 2.62542886074074E-0001	
 2.95050000000000E+0003	 2.62528318222222E-0001	
 2.95250000000000E+0003	 2.63206250370370E-0001	
 2.95450000000000E+0003	 2.64221682518519E-0001	
 2.95650000000000E+0003	 2.65233114666667E-0001	
 2.95850000000000E+0003	 2.65970046814815E-0001	
 2.96050000000000E+0003	 2.66214478962963E-0001	
 2.96250000000000E+0003	 2.65852911111111E-0001	
 2.96450000000000E+0003	 2.64856343259259E-0001	
 2.96650000000000E+0003	 2.63294275407407E-0001	
 2.96850000000000E+0003	 2.61312707555556E-0001	
 2.97050000000000E+0003	 2.59113139703704E-0001	
 2.97250000000000E+0003	 2.56907571851852E-0001	
 2.97450000000000E+0003	 2.54766004000000E-0001	
 2.97650000000000E+0003	 2.52679936148148E-0001	
 2.97850000000000E+0003	 2.50694868296296E-0001	
 2.98050000000000E+0003	 2.48830300444444E-0001	
 2.98250000000000E+0003	 2.47050232592593E-0001	
 2.98450000000000E+0003	 2.45385664740741E-0001	
 2.98650000000000E+0003	 2.43892596888889E-0001	
 2.98850000000000E+0003	 2.42589529037037E-0001	
 2.99050000000000E+0003	 2.41502961185185E-0001	
 2.99250000000000E+0003	 2.40650893333333E-0001	
 2.99450000000000E+0003	 2.39986325481481E-0001	
 2.99650000000000E+0003	 2.39557257629630E-0001	
 2.99850000000000E+0003	 2.39367689777778E-0001	
 3.00050000000000E+0003	 2.39321621925926E-0001	
 3.00250000000000E+0003	 2.39368054074074E-0001	
 3.00450000000000E+0003	 2.39431486222222E-0001	
 3.00650000000000E+0003	 2.39421418370370E-0001	
 3.00850000000000E+0003	 2.39346350518519E-0001	
 3.01050000000000E+0003	 2.39281282666667E-0001	
 3.01250000000000E+0003	 2.39255714814815E-0001	
 3.01450000000000E+0003	 2.39255646962963E-0001	
 3.01650000000000E+0003	 2.39309079111111E-0001	
 3.01850000000000E+0003	 2.39484011259259E-0001	
 3.02050000000000E+0003	 2.39808943407407E-0001	
 3.02250000000000E+0003	 2.40269875555556E-0001	
 3.02450000000000E+0003	 2.40866807703704E-0001	
 3.02650000000000E+0003	 2.41526239851852E-0001	
 3.02850000000000E+0003	 2.42195172000000E-0001	
 3.03050000000000E+0003	 2.42882104148148E-0001	
 3.03250000000000E+0003	 2.43588536296296E-0001	
 3.03450000000000E+0003	 2.44319468444444E-0001	
 3.03650000000000E+0003	 2.45036900592593E-0001	
 3.03850000000000E+0003	 2.45753832740741E-0001	
 3.04050000000000E+0003	 2.46550764888889E-0001	
 3.04250000000000E+0003	 2.47401697037037E-0001	
 3.04450000000000E+0003	 2.48239129185185E-0001	
 3.04650000000000E+0003	 2.49057561333333E-0001	
 3.04850000000000E+0003	 2.49885993481481E-0001	
 3.05050000000000E+0003	 2.50754425629630E-0001	
 3.05250000000000E+0003	 2.51617857777778E-0001	
 3.05450000000000E+0003	 2.52447289925926E-0001	
 3.05650000000000E+0003	 2.53258222074074E-0001	
 3.05850000000000E+0003	 2.54011154222222E-0001	
 3.06050000000000E+0003	 2.54692086370370E-0001	
 3.06250000000000E+0003	 2.55315018518519E-0001	
 3.06450000000000E+0003	 2.55881450666667E-0001	
 3.06650000000000E+0003	 2.56406382814815E-0001	
 3.06850000000000E+0003	 2.56878814962963E-0001	
 3.07050000000000E+0003	 2.57265747111111E-0001	
 3.07250000000000E+0003	 2.57607179259259E-0001	
 3.07450000000000E+0003	 2.57910611407407E-0001	
 3.07650000000000E+0003	 2.58194043555556E-0001	
 3.07850000000000E+0003	 2.58483975703704E-0001	
 3.08050000000000E+0003	 2.58741907851852E-0001	
 3.08250000000000E+0003	 2.58959840000000E-0001	
 3.08450000000000E+0003	 2.59178772148148E-0001	
 3.08650000000000E+0003	 2.59362704296296E-0001	
 3.08850000000000E+0003	 2.59516136444444E-0001	
 3.09050000000000E+0003	 2.59679068592593E-0001	
 3.09250000000000E+0003	 2.59813500740741E-0001	
 3.09450000000000E+0003	 2.59915432888889E-0001	
 3.09650000000000E+0003	 2.60034865037037E-0001	
 3.09850000000000E+0003	 2.60189297185185E-0001	
 3.10050000000000E+0003	 2.60382729333333E-0001	
 3.10250000000000E+0003	 2.60582161481481E-0001	
 3.10450000000000E+0003	 2.60789093629630E-0001	
 3.10650000000000E+0003	 2.61043525777778E-0001	
 3.10850000000000E+0003	 2.61371957925926E-0001	
 3.11050000000000E+0003	 2.61704890074074E-0001	
 3.11250000000000E+0003	 2.62036322222222E-0001	
 3.11450000000000E+0003	 2.62461254370370E-0001	
 3.11650000000000E+0003	 2.62971186518519E-0001	
 3.11850000000000E+0003	 2.63499618666667E-0001	
 3.12050000000000E+0003	 2.64048550814815E-0001	
 3.12250000000000E+0003	 2.64593482962963E-0001	
 3.12450000000000E+0003	 2.65165415111111E-0001	
 3.12650000000000E+0003	 2.65812347259259E-0001	
 3.12850000000000E+0003	 2.66527779407407E-0001	
 3.13050000000000E+0003	 2.67282211555556E-0001	
 3.13250000000000E+0003	 2.68046643703704E-0001	
 3.13450000000000E+0003	 2.68841575851852E-0001	
 3.13650000000000E+0003	 2.69693008000000E-0001	
 3.13850000000000E+0003	 2.70603940148148E-0001	
 3.14050000000000E+0003	 2.71515372296296E-0001	
 3.14250000000000E+0003	 2.72397304444444E-0001	
 3.14450000000000E+0003	 2.73323736592593E-0001	
 3.14650000000000E+0003	 2.74304668740741E-0001	
 3.14850000000000E+0003	 2.75317100888889E-0001	
 3.15050000000000E+0003	 2.76395533037037E-0001	
 3.15250000000000E+0003	 2.77528465185185E-0001	
 3.15450000000000E+0003	 2.78593397333333E-0001	
 3.15650000000000E+0003	 2.79630829481481E-0001	
 3.15850000000000E+0003	 2.80725761629630E-0001	
 3.16050000000000E+0003	 2.81866193777778E-0001	
 3.16250000000000E+0003	 2.83030125925926E-0001	
 3.16450000000000E+0003	 2.84211558074074E-0001	
 3.16650000000000E+0003	 2.85403490222222E-0001	
 3.16850000000000E+0003	 2.86608422370370E-0001	
 3.17050000000000E+0003	 2.87819354518519E-0001	
 3.17250000000000E+0003	 2.89033286666667E-0001	
 3.17450000000000E+0003	 2.90244718814815E-0001	
 3.17650000000000E+0003	 2.91457650962963E-0001	
 3.17850000000000E+0003	 2.92675583111111E-0001	
 3.18050000000000E+0003	 2.93888015259259E-0001	
 3.18250000000000E+0003	 2.95082947407407E-0001	
 3.18450000000000E+0003	 2.96273379555556E-0001	
 3.18650000000000E+0003	 2.97452811703704E-0001	
 3.18850000000000E+0003	 2.98616743851852E-0001	
 3.19050000000000E+0003	 2.99763176000000E-0001	
 3.19250000000000E+0003	 3.00891108148148E-0001	
 3.19450000000000E+0003	 3.01995040296296E-0001	
 3.19650000000000E+0003	 3.03082472444444E-0001	
 3.19850000000000E+0003	 3.04158404592593E-0001	
 3.20050000000000E+0003	 3.05223836740741E-0001	
 3.20250000000000E+0003	 3.06263768888889E-0001	
 3.20450000000000E+0003	 3.07272201037037E-0001	
 3.20650000000000E+0003	 3.08256133185185E-0001	
 3.20850000000000E+0003	 3.09224065333333E-0001	
 3.21050000000000E+0003	 3.10175997481481E-0001	
 3.21250000000000E+0003	 3.11125429629630E-0001	
 3.21450000000000E+0003	 3.12082361777778E-0001	
 3.21650000000000E+0003	 3.13046793925926E-0001	
 3.21850000000000E+0003	 3.14013226074074E-0001	
 3.22050000000000E+0003	 3.14982658222222E-0001	
 3.22250000000000E+0003	 3.15961090370370E-0001	
 3.22450000000000E+0003	 3.16966522518519E-0001	
 3.22650000000000E+0003	 3.17997454666667E-0001	
 3.22850000000000E+0003	 3.19060886814815E-0001	
 3.23050000000000E+0003	 3.20167818962963E-0001	
 3.23250000000000E+0003	 3.21347751111111E-0001	
 3.23450000000000E+0003	 3.22535183259259E-0001	
 3.23650000000000E+0003	 3.23681115407407E-0001	
 3.23850000000000E+0003	 3.24870547555556E-0001	
 3.24050000000000E+0003	 3.26139979703704E-0001	
 3.24250000000000E+0003	 3.27458911851852E-0001	
 3.24450000000000E+0003	 3.28832844000000E-0001	
 3.24650000000000E+0003	 3.30272776148148E-0001	
 3.24850000000000E+0003	 3.31720708296296E-0001	
 3.25050000000000E+0003	 3.33146140444444E-0001	
 3.25250000000000E+0003	 3.34613572592593E-0001	
 3.25450000000000E+0003	 3.36157504740741E-0001	
 3.25650000000000E+0003	 3.37735436888889E-0001	
 3.25850000000000E+0003	 3.39291869037037E-0001	
 3.26050000000000E+0003	 3.40847801185185E-0001	
 3.26250000000000E+0003	 3.42416233333333E-0001	
 3.26450000000000E+0003	 3.43985165481481E-0001	
 3.26650000000000E+0003	 3.45528097629630E-0001	
 3.26850000000000E+0003	 3.47059029777778E-0001	
 3.27050000000000E+0003	 3.48592961925926E-0001	
 3.27250000000000E+0003	 3.50049394074074E-0001	
 3.27450000000000E+0003	 3.51406826222222E-0001	
 3.27650000000000E+0003	 3.52727258370370E-0001	
 3.27850000000000E+0003	 3.53989690518519E-0001	
 3.28050000000000E+0003	 3.55200122666667E-0001	
 3.28250000000000E+0003	 3.56359054814815E-0001	
 3.28450000000000E+0003	 3.57459986962963E-0001	
 3.28650000000000E+0003	 3.58493419111111E-0001	
 3.28850000000000E+0003	 3.59465351259259E-0001	
 3.29050000000000E+0003	 3.60407783407407E-0001	
 3.29250000000000E+0003	 3.61317215555556E-0001	
 3.29450000000000E+0003	 3.62137647703704E-0001	
 3.29650000000000E+0003	 3.62890579851852E-0001	
 3.29850000000000E+0003	 3.63588012000000E-0001	
 3.30050000000000E+0003	 3.64233944148148E-0001	
 3.30250000000000E+0003	 3.64861876296296E-0001	
 3.30450000000000E+0003	 3.65519308444444E-0001	
 3.30650000000000E+0003	 3.66148740592593E-0001	
 3.30850000000000E+0003	 3.66683172740741E-0001	
 3.31050000000000E+0003	 3.67150104888889E-0001	
 3.31250000000000E+0003	 3.67605037037037E-0001	
 3.31450000000000E+0003	 3.68072969185185E-0001	
 3.31650000000000E+0003	 3.68551901333333E-0001	
 3.31850000000000E+0003	 3.69031333481481E-0001	
 3.32050000000000E+0003	 3.69509265629630E-0001	
 3.32250000000000E+0003	 3.69988197777778E-0001	
 3.32450000000000E+0003	 3.70495629925926E-0001	
 3.32650000000000E+0003	 3.71021062074074E-0001	
 3.32850000000000E+0003	 3.71531994222222E-0001	
 3.33050000000000E+0003	 3.72049426370370E-0001	
 3.33250000000000E+0003	 3.72599858518519E-0001	
 3.33450000000000E+0003	 3.73183290666667E-0001	
 3.33650000000000E+0003	 3.73819722814815E-0001	
 3.33850000000000E+0003	 3.74496154962963E-0001	
 3.34050000000000E+0003	 3.75155087111111E-0001	
 3.34250000000000E+0003	 3.75816519259259E-0001	
 3.34450000000000E+0003	 3.76524951407407E-0001	
 3.34650000000000E+0003	 3.77255383555556E-0001	
 3.34850000000000E+0003	 3.78052315703704E-0001	
 3.35050000000000E+0003	 3.78920247851852E-0001	
 3.35250000000000E+0003	 3.79766680000000E-0001	
 3.35450000000000E+0003	 3.80596112148148E-0001	
 3.35650000000000E+0003	 3.81490044296296E-0001	
 3.35850000000000E+0003	 3.82439476444444E-0001	
 3.36050000000000E+0003	 3.83429408592593E-0001	
 3.36250000000000E+0003	 3.84424340740741E-0001	
 3.36450000000000E+0003	 3.85438772888889E-0001	
 3.36650000000000E+0003	 3.86515705037037E-0001	
 3.36850000000000E+0003	 3.87613137185185E-0001	
 3.37050000000000E+0003	 3.88615569333333E-0001	
 3.37250000000000E+0003	 3.89508001481481E-0001	
 3.37450000000000E+0003	 3.90395433629630E-0001	
 3.37650000000000E+0003	 3.91308365777778E-0001	
 3.37850000000000E+0003	 3.92183797925926E-0001	
 3.38050000000000E+0003	 3.93003730074074E-0001	
 3.38250000000000E+0003	 3.93764662222222E-0001	
 3.38450000000000E+0003	 3.94496594370370E-0001	
 3.38650000000000E+0003	 3.95204026518519E-0001	
 3.38850000000000E+0003	 3.95905958666667E-0001	
 3.39050000000000E+0003	 3.96645390814815E-0001	
 3.39250000000000E+0003	 3.97326822962963E-0001	
 3.39450000000000E+0003	 3.97859255111111E-0001	
 3.39650000000000E+0003	 3.98386687259259E-0001	
 3.39850000000000E+0003	 3.99028119407407E-0001	
 3.40050000000000E+0003	 3.99708051555556E-0001	
 3.40250000000000E+0003	 4.00226483703704E-0001	
 3.40450000000000E+0003	 4.00628415851852E-0001	
 3.40650000000000E+0003	 4.01089848000000E-0001	
 3.40850000000000E+0003	 4.01611780148148E-0001	
 3.41050000000000E+0003	 4.02086212296296E-0001	
 3.41250000000000E+0003	 4.02490144444444E-0001	
 3.41450000000000E+0003	 4.02792576592593E-0001	
 3.41650000000000E+0003	 4.02981508740741E-0001	
 3.41850000000000E+0003	 4.03106440888889E-0001	
 3.42050000000000E+0003	 4.03185873037037E-0001	
 3.42250000000000E+0003	 4.03186305185185E-0001	
 3.42450000000000E+0003	 4.03122237333333E-0001	
 3.42650000000000E+0003	 4.03018169481481E-0001	
 3.42850000000000E+0003	 4.02882101629630E-0001	
 3.43050000000000E+0003	 4.02684033777778E-0001	
 3.43250000000000E+0003	 4.02414465925926E-0001	
 3.43450000000000E+0003	 4.02107398074074E-0001	
 3.43650000000000E+0003	 4.01721830222222E-0001	
 3.43850000000000E+0003	 4.01187762370370E-0001	
 3.44050000000000E+0003	 4.00564194518519E-0001	
 3.44250000000000E+0003	 3.99918626666667E-0001	
 3.44450000000000E+0003	 3.99245058814815E-0001	
 3.44650000000000E+0003	 3.98527990962963E-0001	
 3.44850000000000E+0003	 3.97759423111111E-0001	
 3.45050000000000E+0003	 3.96928855259259E-0001	
 3.45250000000000E+0003	 3.96056287407407E-0001	
 3.45450000000000E+0003	 3.95136219555556E-0001	
 3.45650000000000E+0003	 3.94181151703704E-0001	
 3.45850000000000E+0003	 3.93214583851852E-0001	
 3.46050000000000E+0003	 3.92203016000000E-0001	
 3.46250000000000E+0003	 3.91107948148148E-0001	
 3.46450000000000E+0003	 3.90037380296296E-0001	
 3.46650000000000E+0003	 3.89049312444444E-0001	
 3.46850000000000E+0003	 3.88002244592593E-0001	
 3.47050000000000E+0003	 3.86739676740741E-0001	
 3.47250000000000E+0003	 3.85378608888889E-0001	
 3.47450000000000E+0003	 3.84088541037037E-0001	
 3.47650000000000E+0003	 3.82879973185185E-0001	
 3.47850000000000E+0003	 3.81715905333333E-0001	
 3.48050000000000E+0003	 3.80481337481481E-0001	
 3.48250000000000E+0003	 3.79125769629630E-0001	
 3.48450000000000E+0003	 3.77801201777778E-0001	
 3.48650000000000E+0003	 3.76526633925926E-0001	
 3.48850000000000E+0003	 3.75203066074074E-0001	
 3.49050000000000E+0003	 3.73837998222222E-0001	
 3.49250000000000E+0003	 3.72494430370370E-0001	
 3.49450000000000E+0003	 3.71172362518519E-0001	
 3.49650000000000E+0003	 3.69843794666667E-0001	
 3.49850000000000E+0003	 3.68464726814815E-0001	
 3.50050000000000E+0003	 3.67081658962963E-0001	
 3.50250000000000E+0003	 3.65699091111111E-0001	
 3.50450000000000E+0003	 3.64204023259259E-0001	
 3.50650000000000E+0003	 3.62660455407407E-0001	
 3.50850000000000E+0003	 3.61169887555556E-0001	
 3.51050000000000E+0003	 3.59721319703704E-0001	
 3.51250000000000E+0003	 3.58317251851852E-0001	
 3.51450000000000E+0003	 3.56853684000000E-0001	
 3.51650000000000E+0003	 3.55286616148148E-0001	
 3.51850000000000E+0003	 3.53713548296296E-0001	
 3.52050000000000E+0003	 3.52199980444444E-0001	
 3.52250000000000E+0003	 3.50736412592593E-0001	
 3.52450000000000E+0003	 3.49185844740741E-0001	
 3.52650000000000E+0003	 3.47511276888889E-0001	
 3.52850000000000E+0003	 3.45861209037037E-0001	
 3.53050000000000E+0003	 3.44254141185185E-0001	
 3.53250000000000E+0003	 3.42663073333333E-0001	
 3.53450000000000E+0003	 3.41112005481481E-0001	
 3.53650000000000E+0003	 3.39527437629630E-0001	
 3.53850000000000E+0003	 3.37814369777778E-0001	
 3.54050000000000E+0003	 3.36113301925926E-0001	
 3.54250000000000E+0003	 3.34507234074074E-0001	
 3.54450000000000E+0003	 3.32871166222222E-0001	
 3.54650000000000E+0003	 3.31053098370370E-0001	
 3.54850000000000E+0003	 3.29140030518519E-0001	
 3.55050000000000E+0003	 3.27311462666667E-0001	
 3.55250000000000E+0003	 3.25493394814815E-0001	
 3.55450000000000E+0003	 3.23624326962963E-0001	
 3.55650000000000E+0003	 3.21769259111111E-0001	
 3.55850000000000E+0003	 3.19916691259259E-0001	
 3.56050000000000E+0003	 3.18038623407407E-0001	
 3.56250000000000E+0003	 3.16082055555556E-0001	
 3.56450000000000E+0003	 3.14048487703704E-0001	
 3.56650000000000E+0003	 3.11987919851852E-0001	
 3.56850000000000E+0003	 3.09970852000000E-0001	
 3.57050000000000E+0003	 3.07966284148148E-0001	
 3.57250000000000E+0003	 3.05870716296296E-0001	
 3.57450000000000E+0003	 3.03706648444444E-0001	
 3.57650000000000E+0003	 3.01531580592593E-0001	
 3.57850000000000E+0003	 2.99346512740741E-0001	
 3.58050000000000E+0003	 2.97166444888889E-0001	
 3.58250000000000E+0003	 2.94990877037037E-0001	
 3.58450000000000E+0003	 2.92805809185185E-0001	
 3.58650000000000E+0003	 2.90457741333333E-0001	
 3.58850000000000E+0003	 2.87917173481481E-0001	
 3.59050000000000E+0003	 2.85502605629630E-0001	
 3.59250000000000E+0003	 2.83225537777778E-0001	
 3.59450000000000E+0003	 2.80864469925926E-0001	
 3.59650000000000E+0003	 2.78477902074074E-0001	
 3.59850000000000E+0003	 2.76169834222222E-0001	
 3.60050000000000E+0003	 2.73835766370370E-0001	
 3.60250000000000E+0003	 2.71448698518519E-0001	
 3.60450000000000E+0003	 2.69088130666667E-0001	
 3.60650000000000E+0003	 2.66713062814815E-0001	
 3.60850000000000E+0003	 2.64273994962963E-0001	
 3.61050000000000E+0003	 2.61867927111111E-0001	
 3.61250000000000E+0003	 2.59534359259259E-0001	
 3.61450000000000E+0003	 2.57221791407407E-0001	
 3.61650000000000E+0003	 2.54973723555556E-0001	
 3.61850000000000E+0003	 2.52733155703704E-0001	
 3.62050000000000E+0003	 2.50434087851852E-0001	
 3.62250000000000E+0003	 2.48143520000000E-0001	
 3.62450000000000E+0003	 2.45923952148148E-0001	
 3.62650000000000E+0003	 2.43772384296296E-0001	
 3.62850000000000E+0003	 2.41541816444444E-0001	
 3.63050000000000E+0003	 2.39256248592593E-0001	
 3.63250000000000E+0003	 2.37185680740741E-0001	
 3.63450000000000E+0003	 2.35210112888889E-0001	
 3.63650000000000E+0003	 2.33194045037037E-0001	
 3.63850000000000E+0003	 2.31211977185185E-0001	
 3.64050000000000E+0003	 2.29255909333333E-0001	
 3.64250000000000E+0003	 2.27324841481481E-0001	
 3.64450000000000E+0003	 2.25450773629630E-0001	
 3.64650000000000E+0003	 2.23636705777778E-0001	
 3.64850000000000E+0003	 2.21828637925926E-0001	
 3.65050000000000E+0003	 2.20053570074074E-0001	
 3.65250000000000E+0003	 2.18315002222222E-0001	
 3.65450000000000E+0003	 2.16653934370370E-0001	
 3.65650000000000E+0003	 2.15046366518519E-0001	
 3.65850000000000E+0003	 2.13499298666667E-0001	
 3.66050000000000E+0003	 2.12019730814815E-0001	
 3.66250000000000E+0003	 2.10488662962963E-0001	
 3.66450000000000E+0003	 2.08983595111111E-0001	
 3.66650000000000E+0003	 2.07616027259259E-0001	
 3.66850000000000E+0003	 2.06315959407407E-0001	
 3.67050000000000E+0003	 2.05006891555556E-0001	
 3.67250000000000E+0003	 2.03799823703704E-0001	
 3.67450000000000E+0003	 2.02717755851852E-0001	
 3.67650000000000E+0003	 2.01597188000000E-0001	
 3.67850000000000E+0003	 2.00504120148148E-0001	
 3.68050000000000E+0003	 1.99484552296296E-0001	
 3.68250000000000E+0003	 1.98436984444444E-0001	
 3.68450000000000E+0003	 1.97441916592593E-0001	
 3.68650000000000E+0003	 1.96547848740741E-0001	
 3.68850000000000E+0003	 1.95677280888889E-0001	
 3.69050000000000E+0003	 1.94682713037037E-0001	
 3.69250000000000E+0003	 1.93684645185185E-0001	
 3.69450000000000E+0003	 1.92812077333333E-0001	
 3.69650000000000E+0003	 1.92025509481481E-0001	
 3.69850000000000E+0003	 1.91269941629630E-0001	
 3.70050000000000E+0003	 1.90575873777778E-0001	
 3.70250000000000E+0003	 1.89937805925926E-0001	
 3.70450000000000E+0003	 1.89312238074074E-0001	
 3.70650000000000E+0003	 1.88716170222222E-0001	
 3.70850000000000E+0003	 1.88164602370370E-0001	
 3.71050000000000E+0003	 1.87650034518519E-0001	
 3.71250000000000E+0003	 1.87186466666667E-0001	
 3.71450000000000E+0003	 1.86746898814815E-0001	
 3.71650000000000E+0003	 1.86321830962963E-0001	
 3.71850000000000E+0003	 1.85908763111111E-0001	
 3.72050000000000E+0003	 1.85475195259259E-0001	
 3.72250000000000E+0003	 1.85053127407407E-0001	
 3.72450000000000E+0003	 1.84649559555556E-0001	
 3.72650000000000E+0003	 1.84268991703704E-0001	
 3.72850000000000E+0003	 1.83914923851852E-0001	
 3.73050000000000E+0003	 1.83585356000000E-0001	
 3.73250000000000E+0003	 1.83294788148148E-0001	
 3.73450000000000E+0003	 1.83004220296296E-0001	
 3.73650000000000E+0003	 1.82743652444444E-0001	
 3.73850000000000E+0003	 1.82466084592593E-0001	
 3.74050000000000E+0003	 1.82187516740741E-0001	
 3.74250000000000E+0003	 1.81881448888889E-0001	
 3.74450000000000E+0003	 1.81570381037037E-0001	
 3.74650000000000E+0003	 1.81278813185185E-0001	
 3.74850000000000E+0003	 1.81025745333333E-0001	
 3.75050000000000E+0003	 1.80785677481481E-0001	
 3.75250000000000E+0003	 1.80577609629630E-0001	
 3.75450000000000E+0003	 1.80386041777778E-0001	
 3.75650000000000E+0003	 1.80190973925926E-0001	
 3.75850000000000E+0003	 1.79987406074074E-0001	
 3.76050000000000E+0003	 1.79788838222222E-0001	
 3.76250000000000E+0003	 1.79575770370370E-0001	
 3.76450000000000E+0003	 1.79366702518519E-0001	
 3.76650000000000E+0003	 1.79183134666667E-0001	
 3.76850000000000E+0003	 1.78994066814815E-0001	
 3.77050000000000E+0003	 1.78822498962963E-0001	
 3.77250000000000E+0003	 1.78639431111111E-0001	
 3.77450000000000E+0003	 1.78452863259259E-0001	
 3.77650000000000E+0003	 1.78281795407407E-0001	
 3.77850000000000E+0003	 1.78145227555556E-0001	
 3.78050000000000E+0003	 1.78003659703704E-0001	
 3.78250000000000E+0003	 1.77798591851852E-0001	
 3.78450000000000E+0003	 1.77609024000000E-0001	
 3.78650000000000E+0003	 1.77454956148148E-0001	
 3.78850000000000E+0003	 1.77324388296296E-0001	
 3.79050000000000E+0003	 1.77193320444444E-0001	
 3.79250000000000E+0003	 1.77038252592593E-0001	
 3.79450000000000E+0003	 1.76861684740741E-0001	
 3.79650000000000E+0003	 1.76707616888889E-0001	
 3.79850000000000E+0003	 1.76576549037037E-0001	
 3.80050000000000E+0003	 1.76422981185185E-0001	
 3.80250000000000E+0003	 1.76300913333333E-0001	
 3.80450000000000E+0003	 1.76192345481481E-0001	
 3.80650000000000E+0003	 1.76099777629630E-0001	
 3.80850000000000E+0003	 1.75995709777778E-0001	
 3.81050000000000E+0003	 1.75872141925926E-0001	
 3.81250000000000E+0003	 1.75770074074074E-0001	
 3.81450000000000E+0003	 1.75643506222222E-0001	
 3.81650000000000E+0003	 1.75522438370370E-0001	
 3.81850000000000E+0003	 1.75433870518519E-0001	
 3.82050000000000E+0003	 1.75389302666667E-0001	
 3.82250000000000E+0003	 1.75316234814815E-0001	
 3.82450000000000E+0003	 1.75173166962963E-0001	
 3.82650000000000E+0003	 1.75072599111111E-0001	
 3.82850000000000E+0003	 1.74990531259259E-0001	
 3.83050000000000E+0003	 1.74911963407407E-0001	
 3.83250000000000E+0003	 1.74843895555556E-0001	
 3.83450000000000E+0003	 1.74811327703704E-0001	
 3.83650000000000E+0003	 1.74759759851852E-0001	
 3.83850000000000E+0003	 1.74617692000000E-0001	
 3.84050000000000E+0003	 1.74498124148148E-0001	
 3.84250000000000E+0003	 1.74450556296296E-0001	
 3.84450000000000E+0003	 1.74423488444444E-0001	
 3.84650000000000E+0003	 1.74354420592593E-0001	
 3.84850000000000E+0003	 1.74247352740741E-0001	
 3.85050000000000E+0003	 1.74161284888889E-0001	
 3.85250000000000E+0003	 1.74090717037037E-0001	
 3.85450000000000E+0003	 1.74057149185185E-0001	
 3.85650000000000E+0003	 1.73994581333333E-0001	
 3.85850000000000E+0003	 1.73951513481481E-0001	
 3.86050000000000E+0003	 1.73907945629630E-0001	
 3.86250000000000E+0003	 1.73862877777778E-0001	
 3.86450000000000E+0003	 1.73820309925926E-0001	
 3.86650000000000E+0003	 1.73795242074074E-0001	
 3.86850000000000E+0003	 1.73740674222222E-0001	
 3.87050000000000E+0003	 1.73696106370370E-0001	
 3.87250000000000E+0003	 1.73646538518519E-0001	
 3.87450000000000E+0003	 1.73638970666667E-0001	
 3.87650000000000E+0003	 1.73617902814815E-0001	
 3.87850000000000E+0003	 1.73577334962963E-0001	
 3.88050000000000E+0003	 1.73543267111111E-0001	
 3.88250000000000E+0003	 1.73533699259259E-0001	
 3.88450000000000E+0003	 1.73538631407407E-0001	
 3.88650000000000E+0003	 1.73530063555556E-0001	
 3.88850000000000E+0003	 1.73479495703704E-0001	
 3.89050000000000E+0003	 1.73469927851852E-0001	
 3.89250000000000E+0003	 1.73457860000000E-0001	
 3.89450000000000E+0003	 1.73417292148148E-0001	
 3.89650000000000E+0003	 1.73388224296296E-0001	
 3.89850000000000E+0003	 1.73373156444444E-0001	
 3.90050000000000E+0003	 1.73354088592593E-0001	
 3.90250000000000E+0003	 1.73337520740741E-0001	
 3.90450000000000E+0003	 1.73365952888889E-0001	
 3.90650000000000E+0003	 1.73387885037037E-0001	
 3.90850000000000E+0003	 1.73388817185185E-0001	
 3.91050000000000E+0003	 1.73388749333333E-0001	
 3.91250000000000E+0003	 1.73383181481481E-0001	
 3.91450000000000E+0003	 1.73370113629630E-0001	
 3.91650000000000E+0003	 1.73364045777778E-0001	
 3.91850000000000E+0003	 1.73361477925926E-0001	
 3.92050000000000E+0003	 1.73366910074074E-0001	
 3.92250000000000E+0003	 1.73367842222222E-0001	
 3.92450000000000E+0003	 1.73372774370370E-0001	
 3.92650000000000E+0003	 1.73380206518519E-0001	
 3.92850000000000E+0003	 1.73374638666667E-0001	
 3.93050000000000E+0003	 1.73369070814815E-0001	
 3.93250000000000E+0003	 1.73376502962963E-0001	
 3.93450000000000E+0003	 1.73397435111111E-0001	
 3.93650000000000E+0003	 1.73398367259259E-0001	
 3.93850000000000E+0003	 1.73389299407407E-0001	
 3.94050000000000E+0003	 1.73378731555556E-0001	
 3.94250000000000E+0003	 1.73374163703704E-0001	
 3.94450000000000E+0003	 1.73366595851852E-0001	
 3.94650000000000E+0003	 1.73354028000000E-0001	
 3.94850000000000E+0003	 1.73349460148148E-0001	
 3.95050000000000E+0003	 1.73355892296296E-0001	
 3.95250000000000E+0003	 1.73360324444444E-0001	
 3.95450000000000E+0003	 1.73359256592593E-0001	
 3.95650000000000E+0003	 1.73360688740741E-0001	
 3.95850000000000E+0003	 1.73364620888889E-0001	
 3.96050000000000E+0003	 1.73363053037037E-0001	
 3.96250000000000E+0003	 1.73364985185185E-0001	
 3.96450000000000E+0003	 1.73374917333333E-0001	
 3.96650000000000E+0003	 1.73385849481481E-0001	
 3.96850000000000E+0003	 1.73387281629630E-0001	
 3.97050000000000E+0003	 1.73388213777778E-0001	
 3.97250000000000E+0003	 1.73397645925926E-0001	
 3.97450000000000E+0003	 1.73412578074074E-0001	
 3.97650000000000E+0003	 1.73427510222222E-0001	
 3.97850000000000E+0003	 1.73439942370370E-0001	
 3.98050000000000E+0003	 1.73449874518519E-0001	
 3.98250000000000E+0003	 1.73476806666667E-0001	
 3.98450000000000E+0003	 1.73500738814815E-0001	
 3.98650000000000E+0003	 1.73495170962963E-0001	
 3.98850000000000E+0003	 1.73479103111111E-0001	
 3.99050000000000E+0003	 1.73475535259259E-0001	
 3.99250000000000E+0003	 1.73475967407407E-0001	
 3.99450000000000E+0003	 1.73480899555556E-0001	
 3.99650000000000E+0003	 1.73487831703704E-0001	
 3.99850000000000E+0003	 1.73487263851852E-0001	

>1	DATALINE
