*CPCWIN*

>1	DATALINE
DATALINE
1
Operator:

Description:

Remarks:





15.9.2008
11:17


_x	_y
	
	
UNIT	UNIT
 4.50500000000000E+0002	 1.51750898973408E-0001	
 4.52500000000000E+0002	 1.52033635868893E-0001	
 4.54500000000000E+0002	 1.52985372764378E-0001	
 4.56500000000000E+0002	 1.53693109659864E-0001	
 4.58500000000000E+0002	 1.54549846555349E-0001	
 4.60500000000000E+0002	 1.55232583450835E-0001	
 4.62500000000000E+0002	 1.56210320346320E-0001	
 4.64500000000000E+0002	 1.57127557241806E-0001	
 4.66500000000000E+0002	 1.57630294137291E-0001	
 4.68500000000000E+0002	 1.57911031032777E-0001	
 4.70500000000000E+0002	 1.58798267928262E-0001	
 4.72500000000000E+0002	 1.59476504823748E-0001	
 4.74500000000000E+0002	 1.60498741719233E-0001	
 4.76500000000000E+0002	 1.61223478614719E-0001	
 4.78500000000000E+0002	 1.62166215510204E-0001	
 4.80500000000000E+0002	 1.62903452405690E-0001	
 4.82500000000000E+0002	 1.63615689301175E-0001	
 4.84500000000000E+0002	 1.64037926196660E-0001	
 4.86500000000000E+0002	 1.64707163092146E-0001	
 4.88500000000000E+0002	 1.65513899987631E-0001	
 4.90500000000000E+0002	 1.66161636883117E-0001	
 4.92500000000000E+0002	 1.66589373778602E-0001	
 4.94500000000000E+0002	 1.67494110674088E-0001	
 4.96500000000000E+0002	 1.68229847569573E-0001	
 4.98500000000000E+0002	 1.69008084465059E-0001	
 5.00500000000000E+0002	 1.69476321360544E-0001	
 5.02500000000000E+0002	 1.70201558256030E-0001	
 5.04500000000000E+0002	 1.71287795151515E-0001	
 5.06500000000000E+0002	 1.72490532047001E-0001	
 5.08500000000000E+0002	 1.73613768942486E-0001	
 5.10500000000000E+0002	 1.74992005837972E-0001	
 5.12500000000000E+0002	 1.76363242733457E-0001	
 5.14500000000000E+0002	 1.77628979628942E-0001	
 5.16500000000000E+0002	 1.78458716524428E-0001	
 5.18500000000000E+0002	 1.79654453419913E-0001	
 5.20500000000000E+0002	 1.81204190315399E-0001	
 5.22500000000000E+0002	 1.82914927210884E-0001	
 5.24500000000000E+0002	 1.84449664106370E-0001	
 5.26500000000000E+0002	 1.86761901001855E-0001	
 5.28500000000000E+0002	 1.89559637897341E-0001	
 5.30500000000000E+0002	 1.91359374792826E-0001	
 5.32500000000000E+0002	 1.91099611688312E-0001	
 5.34500000000000E+0002	 1.89922348583797E-0001	
 5.36500000000000E+0002	 1.88725085479283E-0001	
 5.38500000000000E+0002	 1.87853822374768E-0001	
 5.40500000000000E+0002	 1.86909059270254E-0001	
 5.42500000000000E+0002	 1.86073296165739E-0001	
 5.44500000000000E+0002	 1.85203033061224E-0001	
 5.46500000000000E+0002	 1.84483769956710E-0001	
 5.48500000000000E+0002	 1.83791506852195E-0001	
 5.50500000000000E+0002	 1.83330243747681E-0001	
 5.52500000000000E+0002	 1.82905980643166E-0001	
 5.54500000000000E+0002	 1.82477717538652E-0001	
 5.56500000000000E+0002	 1.81930954434137E-0001	
 5.58500000000000E+0002	 1.81450191329623E-0001	
 5.60500000000000E+0002	 1.80882428225108E-0001	
 5.62500000000000E+0002	 1.80363665120594E-0001	
 5.64500000000000E+0002	 1.79783402016079E-0001	
 5.66500000000000E+0002	 1.79231138911565E-0001	
 5.68500000000000E+0002	 1.78608375807050E-0001	
 5.70500000000000E+0002	 1.78203112702536E-0001	
 5.72500000000000E+0002	 1.77792849598021E-0001	
 5.74500000000000E+0002	 1.77297086493506E-0001	
 5.76500000000000E+0002	 1.76745823388992E-0001	
 5.78500000000000E+0002	 1.76385560284477E-0001	
 5.80500000000000E+0002	 1.75786797179963E-0001	
 5.82500000000000E+0002	 1.75307534075448E-0001	
 5.84500000000000E+0002	 1.74823770970934E-0001	
 5.86500000000000E+0002	 1.74459007866419E-0001	
 5.88500000000000E+0002	 1.74063744761905E-0001	
 5.90500000000000E+0002	 1.73614481657390E-0001	
 5.92500000000000E+0002	 1.73288718552876E-0001	
 5.94500000000000E+0002	 1.73358455448361E-0001	
 5.96500000000000E+0002	 1.73302192343847E-0001	
 5.98500000000000E+0002	 1.73083429239332E-0001	
 6.00500000000000E+0002	 1.72752166134818E-0001	
 6.02500000000000E+0002	 1.72602403030303E-0001	
 6.04500000000000E+0002	 1.72326139925788E-0001	
 6.06500000000000E+0002	 1.72050376821274E-0001	
 6.08500000000000E+0002	 1.71734113716759E-0001	
 6.10500000000000E+0002	 1.71511850612245E-0001	
 6.12500000000000E+0002	 1.71232587507730E-0001	
 6.14500000000000E+0002	 1.70944324403216E-0001	
 6.16500000000000E+0002	 1.70621561298701E-0001	
 6.18500000000000E+0002	 1.70349298194187E-0001	
 6.20500000000000E+0002	 1.69928535089672E-0001	
 6.22500000000000E+0002	 1.69480771985158E-0001	
 6.24500000000000E+0002	 1.68846508880643E-0001	
 6.26500000000000E+0002	 1.68266245776129E-0001	
 6.28500000000000E+0002	 1.67719482671614E-0001	
 6.30500000000000E+0002	 1.67105219567100E-0001	
 6.32500000000000E+0002	 1.66360456462585E-0001	
 6.34500000000000E+0002	 1.65672693358071E-0001	
 6.36500000000000E+0002	 1.65125430253556E-0001	
 6.38500000000000E+0002	 1.64762167149041E-0001	
 6.40500000000000E+0002	 1.64400404044527E-0001	
 6.42500000000000E+0002	 1.64097140940012E-0001	
 6.44500000000000E+0002	 1.63682377835498E-0001	
 6.46500000000000E+0002	 1.63274114730983E-0001	
 6.48500000000000E+0002	 1.62870351626469E-0001	
 6.50500000000000E+0002	 1.62504088521954E-0001	
 6.52500000000000E+0002	 1.62112825417440E-0001	
 6.54500000000000E+0002	 1.61774562312925E-0001	
 6.56500000000000E+0002	 1.61374299208411E-0001	
 6.58500000000000E+0002	 1.60972536103896E-0001	
 6.60500000000000E+0002	 1.60533772999382E-0001	
 6.62500000000000E+0002	 1.60088009894867E-0001	
 6.64500000000000E+0002	 1.59594746790353E-0001	
 6.66500000000000E+0002	 1.59364983685838E-0001	
 6.68500000000000E+0002	 1.58957720581323E-0001	
 6.70500000000000E+0002	 1.57827457476809E-0001	
 6.72500000000000E+0002	 1.56837694372294E-0001	
 6.74500000000000E+0002	 1.56041931267780E-0001	
 6.76500000000000E+0002	 1.55272168163265E-0001	
 6.78500000000000E+0002	 1.54555405058751E-0001	
 6.80500000000000E+0002	 1.53809141954236E-0001	
 6.82500000000000E+0002	 1.53129378849722E-0001	
 6.84500000000000E+0002	 1.52477615745207E-0001	
 6.86500000000000E+0002	 1.51873852640693E-0001	
 6.88500000000000E+0002	 1.51270089536178E-0001	
 6.90500000000000E+0002	 1.50909326431664E-0001	
 6.92500000000000E+0002	 1.50717063327149E-0001	
 6.94500000000000E+0002	 1.50727300222635E-0001	
 6.96500000000000E+0002	 1.50888537118120E-0001	
 6.98500000000000E+0002	 1.51035774013605E-0001	
 7.00500000000000E+0002	 1.50808510909091E-0001	
 7.02500000000000E+0002	 1.50062247804576E-0001	
 7.04500000000000E+0002	 1.48896984700062E-0001	
 7.06500000000000E+0002	 1.47685221595547E-0001	
 7.08500000000000E+0002	 1.46573458491033E-0001	
 7.10500000000000E+0002	 1.45677195386518E-0001	
 7.12500000000000E+0002	 1.44917932282004E-0001	
 7.14500000000000E+0002	 1.44249169177489E-0001	
 7.16500000000000E+0002	 1.43670406072975E-0001	
 7.18500000000000E+0002	 1.43226142968460E-0001	
 7.20500000000000E+0002	 1.42547879863946E-0001	
 7.22500000000000E+0002	 1.41487116759431E-0001	
 7.24500000000000E+0002	 1.40233853654917E-0001	
 7.26500000000000E+0002	 1.38990590550402E-0001	
 7.28500000000000E+0002	 1.37770827445887E-0001	
 7.30500000000000E+0002	 1.36581564341373E-0001	
 7.32500000000000E+0002	 1.35425801236858E-0001	
 7.34500000000000E+0002	 1.34492038132344E-0001	
 7.36500000000000E+0002	 1.33786275027829E-0001	
 7.38500000000000E+0002	 1.33276511923315E-0001	
 7.40500000000000E+0002	 1.32818248818800E-0001	
 7.42500000000000E+0002	 1.32373485714286E-0001	
 7.44500000000000E+0002	 1.31900222609771E-0001	
 7.46500000000000E+0002	 1.31429459505257E-0001	
 7.48500000000000E+0002	 1.30882696400742E-0001	
 7.50500000000000E+0002	 1.30265433296228E-0001	
 7.52500000000000E+0002	 1.29572670191713E-0001	
 7.54500000000000E+0002	 1.28889407087199E-0001	
 7.56500000000000E+0002	 1.28219643982684E-0001	
 7.58500000000000E+0002	 1.27568380878169E-0001	
 7.60500000000000E+0002	 1.26938117773655E-0001	
 7.62500000000000E+0002	 1.26454354669140E-0001	
 7.64500000000000E+0002	 1.26088591564626E-0001	
 7.66500000000000E+0002	 1.25716328460111E-0001	
 7.68500000000000E+0002	 1.25241565355597E-0001	
 7.70500000000000E+0002	 1.24790302251082E-0001	
 7.72500000000000E+0002	 1.24471039146568E-0001	
 7.74500000000000E+0002	 1.24404276042053E-0001	
 7.76500000000000E+0002	 1.24690512937539E-0001	
 7.78500000000000E+0002	 1.25176749833024E-0001	
 7.80500000000000E+0002	 1.25219486728510E-0001	
 7.82500000000000E+0002	 1.24568723623995E-0001	
 7.84500000000000E+0002	 1.23622960519481E-0001	
 7.86500000000000E+0002	 1.22777697414966E-0001	
 7.88500000000000E+0002	 1.22037934310451E-0001	
 7.90500000000000E+0002	 1.21443171205937E-0001	
 7.92500000000000E+0002	 1.21096408101422E-0001	
 7.94500000000000E+0002	 1.21026644996908E-0001	
 7.96500000000000E+0002	 1.20979381892393E-0001	
 7.98500000000000E+0002	 1.20717618787879E-0001	
 8.00500000000000E+0002	 1.20259355683364E-0001	
 8.02500000000000E+0002	 1.19872092578850E-0001	
 8.04500000000000E+0002	 1.19688329474335E-0001	
 8.06500000000000E+0002	 1.19669066369821E-0001	
 8.08500000000000E+0002	 1.19654303265306E-0001	
 8.10500000000000E+0002	 1.19544040160792E-0001	
 8.12500000000000E+0002	 1.19266277056277E-0001	
 8.14500000000000E+0002	 1.18883513951763E-0001	
 8.16500000000000E+0002	 1.18428250847248E-0001	
 8.18500000000000E+0002	 1.17956987742733E-0001	
 8.20500000000000E+0002	 1.17483724638219E-0001	
 8.22500000000000E+0002	 1.17083461533704E-0001	
 8.24500000000000E+0002	 1.16719198429190E-0001	
 8.26500000000000E+0002	 1.16389935324675E-0001	
 8.28500000000000E+0002	 1.16063172220161E-0001	
 8.30500000000000E+0002	 1.15770909115646E-0001	
 8.32500000000000E+0002	 1.15494646011132E-0001	
 8.34500000000000E+0002	 1.15297882906617E-0001	
 8.36500000000000E+0002	 1.15171119802103E-0001	
 8.38500000000000E+0002	 1.15147856697588E-0001	
 8.40500000000000E+0002	 1.15201093593074E-0001	
 8.42500000000000E+0002	 1.15346330488559E-0001	
 8.44500000000000E+0002	 1.15552067384045E-0001	
 8.46500000000000E+0002	 1.15848304279530E-0001	
 8.48500000000000E+0002	 1.16201541175015E-0001	
 8.50500000000000E+0002	 1.16636278070501E-0001	
 8.52500000000000E+0002	 1.17170514965986E-0001	
 8.54500000000000E+0002	 1.17805751861472E-0001	
 8.56500000000000E+0002	 1.18449988756957E-0001	
 8.58500000000000E+0002	 1.19064725652443E-0001	
 8.60500000000000E+0002	 1.19577962547928E-0001	
 8.62500000000000E+0002	 1.19990699443414E-0001	
 8.64500000000000E+0002	 1.20304436338899E-0001	
 8.66500000000000E+0002	 1.20627673234385E-0001	
 8.68500000000000E+0002	 1.21178410129870E-0001	
 8.70500000000000E+0002	 1.22298647025356E-0001	
 8.72500000000000E+0002	 1.23396383920841E-0001	
 8.74500000000000E+0002	 1.23455120816327E-0001	
 8.76500000000000E+0002	 1.22757857711812E-0001	
 8.78500000000000E+0002	 1.21972094607297E-0001	
 8.80500000000000E+0002	 1.21151331502783E-0001	
 8.82500000000000E+0002	 1.20279068398268E-0001	
 8.84500000000000E+0002	 1.19355305293754E-0001	
 8.86500000000000E+0002	 1.18462542189239E-0001	
 8.88500000000000E+0002	 1.17663279084725E-0001	
 8.90500000000000E+0002	 1.17017015980210E-0001	
 8.92500000000000E+0002	 1.16531752875696E-0001	
 8.94500000000000E+0002	 1.16217989771181E-0001	
 8.96500000000000E+0002	 1.16047726666667E-0001	
 8.98500000000000E+0002	 1.16012963562152E-0001	
 9.00500000000000E+0002	 1.16107200457638E-0001	
 9.02500000000000E+0002	 1.16371437353123E-0001	
 9.04500000000000E+0002	 1.16818174248609E-0001	
 9.06500000000000E+0002	 1.17428411144094E-0001	
 9.08500000000000E+0002	 1.18106648039579E-0001	
 9.10500000000000E+0002	 1.18735884935065E-0001	
 9.12500000000000E+0002	 1.19178121830550E-0001	
 9.14500000000000E+0002	 1.19350358726036E-0001	
 9.16500000000000E+0002	 1.19217095621521E-0001	
 9.18500000000000E+0002	 1.18839332517007E-0001	
 9.20500000000000E+0002	 1.18333569412492E-0001	
 9.22500000000000E+0002	 1.17857306307978E-0001	
 9.24500000000000E+0002	 1.17505543203463E-0001	
 9.26500000000000E+0002	 1.17361780098949E-0001	
 9.28500000000000E+0002	 1.17415516994434E-0001	
 9.30500000000000E+0002	 1.17631753889920E-0001	
 9.32500000000000E+0002	 1.17948990785405E-0001	
 9.34500000000000E+0002	 1.18346227680891E-0001	
 9.36500000000000E+0002	 1.18814464576376E-0001	
 9.38500000000000E+0002	 1.19401201471861E-0001	
 9.40500000000000E+0002	 1.20128438367347E-0001	
 9.42500000000000E+0002	 1.21022175262832E-0001	
 9.44500000000000E+0002	 1.22042912158318E-0001	
 9.46500000000000E+0002	 1.23199149053803E-0001	
 9.48500000000000E+0002	 1.24467885949289E-0001	
 9.50500000000000E+0002	 1.25863122844774E-0001	
 9.52500000000000E+0002	 1.27372359740260E-0001	
 9.54500000000000E+0002	 1.29021596635745E-0001	
 9.56500000000000E+0002	 1.30761833531231E-0001	
 9.58500000000000E+0002	 1.32532070426716E-0001	
 9.60500000000000E+0002	 1.34208307322202E-0001	
 9.62500000000000E+0002	 1.35739044217687E-0001	
 9.64500000000000E+0002	 1.37049781113173E-0001	
 9.66500000000000E+0002	 1.38133018008658E-0001	
 9.68500000000000E+0002	 1.39002254904143E-0001	
 9.70500000000000E+0002	 1.39803991799629E-0001	
 9.72500000000000E+0002	 1.40643728695114E-0001	
 9.74500000000000E+0002	 1.41646965590600E-0001	
 9.76500000000000E+0002	 1.42879702486085E-0001	
 9.78500000000000E+0002	 1.44391439381571E-0001	
 9.80500000000000E+0002	 1.46121176277056E-0001	
 9.82500000000000E+0002	 1.48017413172542E-0001	
 9.84500000000000E+0002	 1.49958650068027E-0001	
 9.86500000000000E+0002	 1.51874386963513E-0001	
 9.88500000000000E+0002	 1.53669123858998E-0001	
 9.90500000000000E+0002	 1.55325360754484E-0001	
 9.92500000000000E+0002	 1.56810097649969E-0001	
 9.94500000000000E+0002	 1.58174334545455E-0001	
 9.96500000000000E+0002	 1.59487071440940E-0001	
 9.98500000000000E+0002	 1.60858308336425E-0001	
 1.00050000000000E+0003	 1.62355545231911E-0001	
 1.00250000000000E+0003	 1.64171782127396E-0001	
 1.00450000000000E+0003	 1.66363519022882E-0001	
 1.00650000000000E+0003	 1.68927755918367E-0001	
 1.00850000000000E+0003	 1.71727492813853E-0001	
 1.01050000000000E+0003	 1.74637729709338E-0001	
 1.01250000000000E+0003	 1.77596466604824E-0001	
 1.01450000000000E+0003	 1.80621703500309E-0001	
 1.01650000000000E+0003	 1.83671940395795E-0001	
 1.01850000000000E+0003	 1.86765677291280E-0001	
 1.02050000000000E+0003	 1.89839914186766E-0001	
 1.02250000000000E+0003	 1.92872151082251E-0001	
 1.02450000000000E+0003	 1.95820887977737E-0001	
 1.02650000000000E+0003	 1.98703124873222E-0001	
 1.02850000000000E+0003	 2.01417361768707E-0001	
 1.03050000000000E+0003	 2.03893598664193E-0001	
 1.03250000000000E+0003	 2.06120835559678E-0001	
 1.03450000000000E+0003	 2.08200572455164E-0001	
 1.03650000000000E+0003	 2.10071809350649E-0001	
 1.03850000000000E+0003	 2.11687046246135E-0001	
 1.04050000000000E+0003	 2.12982783141620E-0001	
 1.04250000000000E+0003	 2.14043520037106E-0001	
 1.04450000000000E+0003	 2.14932756932591E-0001	
 1.04650000000000E+0003	 2.15826993828077E-0001	
 1.04850000000000E+0003	 2.16798230723562E-0001	
 1.05050000000000E+0003	 2.17927467619048E-0001	
 1.05250000000000E+0003	 2.19140704514533E-0001	
 1.05450000000000E+0003	 2.20381941410019E-0001	
 1.05650000000000E+0003	 2.21474178305504E-0001	
 1.05850000000000E+0003	 2.22360415200989E-0001	
 1.06050000000000E+0003	 2.22984652096475E-0001	
 1.06250000000000E+0003	 2.23435888991960E-0001	
 1.06450000000000E+0003	 2.23782625887446E-0001	
 1.06650000000000E+0003	 2.24194362782931E-0001	
 1.06850000000000E+0003	 2.24659599678417E-0001	
 1.07050000000000E+0003	 2.25219836573902E-0001	
 1.07250000000000E+0003	 2.25808073469388E-0001	
 1.07450000000000E+0003	 2.26410310364873E-0001	
 1.07650000000000E+0003	 2.26901547260359E-0001	
 1.07850000000000E+0003	 2.27257284155844E-0001	
 1.08050000000000E+0003	 2.27365021051330E-0001	
 1.08250000000000E+0003	 2.27208757946815E-0001	
 1.08450000000000E+0003	 2.26748494842301E-0001	
 1.08650000000000E+0003	 2.26037231737786E-0001	
 1.08850000000000E+0003	 2.24994468633271E-0001	
 1.09050000000000E+0003	 2.23655205528757E-0001	
 1.09250000000000E+0003	 2.22039442424242E-0001	
 1.09450000000000E+0003	 2.20293179319728E-0001	
 1.09650000000000E+0003	 2.18504916215213E-0001	
 1.09850000000000E+0003	 2.16810653110699E-0001	
 1.10050000000000E+0003	 2.15165890006184E-0001	
 1.10250000000000E+0003	 2.13549126901670E-0001	
 1.10450000000000E+0003	 2.11869863797155E-0001	
 1.10650000000000E+0003	 2.10156600692641E-0001	
 1.10850000000000E+0003	 2.08427837588126E-0001	
 1.11050000000000E+0003	 2.06750074483612E-0001	
 1.11250000000000E+0003	 2.05095811379097E-0001	
 1.11450000000000E+0003	 2.03442048274583E-0001	
 1.11650000000000E+0003	 2.01687285170068E-0001	
 1.11850000000000E+0003	 1.99740522065553E-0001	
 1.12050000000000E+0003	 1.97529758961039E-0001	
 1.12250000000000E+0003	 1.95148995856524E-0001	
 1.12450000000000E+0003	 1.92639232752010E-0001	
 1.12650000000000E+0003	 1.89937969647495E-0001	
 1.12850000000000E+0003	 1.86958206542981E-0001	
 1.13050000000000E+0003	 1.83810443438466E-0001	
 1.13250000000000E+0003	 1.80764680333952E-0001	
 1.13450000000000E+0003	 1.78050917229437E-0001	
 1.13650000000000E+0003	 1.75710654124923E-0001	
 1.13850000000000E+0003	 1.73807391020408E-0001	
 1.14050000000000E+0003	 1.72355627915894E-0001	
 1.14250000000000E+0003	 1.71307864811379E-0001	
 1.14450000000000E+0003	 1.70551101706865E-0001	
 1.14650000000000E+0003	 1.69949338602350E-0001	
 1.14850000000000E+0003	 1.69338075497835E-0001	
 1.15050000000000E+0003	 1.68584812393321E-0001	
 1.15250000000000E+0003	 1.67589049288806E-0001	
 1.15450000000000E+0003	 1.66334786184292E-0001	
 1.15650000000000E+0003	 1.64853523079777E-0001	
 1.15850000000000E+0003	 1.63225259975263E-0001	
 1.16050000000000E+0003	 1.61518496870748E-0001	
 1.16250000000000E+0003	 1.59809733766234E-0001	
 1.16450000000000E+0003	 1.58163970661719E-0001	
 1.16650000000000E+0003	 1.56641207557205E-0001	
 1.16850000000000E+0003	 1.55238444452690E-0001	
 1.17050000000000E+0003	 1.53856181348176E-0001	
 1.17250000000000E+0003	 1.52311418243661E-0001	
 1.17450000000000E+0003	 1.50529655139147E-0001	
 1.17650000000000E+0003	 1.48633892034632E-0001	
 1.17850000000000E+0003	 1.46806128930118E-0001	
 1.18050000000000E+0003	 1.45212365825603E-0001	
 1.18250000000000E+0003	 1.44031602721088E-0001	
 1.18450000000000E+0003	 1.43350839616574E-0001	
 1.18650000000000E+0003	 1.43201576512059E-0001	
 1.18850000000000E+0003	 1.43571813407545E-0001	
 1.19050000000000E+0003	 1.44421550303030E-0001	
 1.19250000000000E+0003	 1.45700787198516E-0001	
 1.19450000000000E+0003	 1.47386524094001E-0001	
 1.19650000000000E+0003	 1.49365760989487E-0001	
 1.19850000000000E+0003	 1.51599497884972E-0001	
 1.20050000000000E+0003	 1.54130734780458E-0001	
 1.20250000000000E+0003	 1.56991971675943E-0001	
 1.20450000000000E+0003	 1.60126708571429E-0001	
 1.20650000000000E+0003	 1.63525445466914E-0001	
 1.20850000000000E+0003	 1.67189182362400E-0001	
 1.21050000000000E+0003	 1.71236919257885E-0001	
 1.21250000000000E+0003	 1.75899156153370E-0001	
 1.21450000000000E+0003	 1.81457393048856E-0001	
 1.21650000000000E+0003	 1.88032629944341E-0001	
 1.21850000000000E+0003	 1.95346866839827E-0001	
 1.22050000000000E+0003	 2.01813103735312E-0001	
 1.22250000000000E+0003	 2.05317340630798E-0001	
 1.22450000000000E+0003	 2.05554077526283E-0001	
 1.22650000000000E+0003	 2.04313814421769E-0001	
 1.22850000000000E+0003	 2.03161051317254E-0001	
 1.23050000000000E+0003	 2.02497288212740E-0001	
 1.23250000000000E+0003	 2.02216025108225E-0001	
 1.23450000000000E+0003	 2.02188762003711E-0001	
 1.23650000000000E+0003	 2.02271998899196E-0001	
 1.23850000000000E+0003	 2.02344735794682E-0001	
 1.24050000000000E+0003	 2.02314972690167E-0001	
 1.24250000000000E+0003	 2.02117209585652E-0001	
 1.24450000000000E+0003	 2.01690946481138E-0001	
 1.24650000000000E+0003	 2.01057183376623E-0001	
 1.24850000000000E+0003	 2.00195420272109E-0001	
 1.25050000000000E+0003	 1.99087157167594E-0001	
 1.25250000000000E+0003	 1.97726894063080E-0001	
 1.25450000000000E+0003	 1.96176630958565E-0001	
 1.25650000000000E+0003	 1.94524867854051E-0001	
 1.25850000000000E+0003	 1.92769104749536E-0001	
 1.26050000000000E+0003	 1.90908341645022E-0001	
 1.26250000000000E+0003	 1.88959078540507E-0001	
 1.26450000000000E+0003	 1.86869815435993E-0001	
 1.26650000000000E+0003	 1.84735052331478E-0001	
 1.26850000000000E+0003	 1.82777289226964E-0001	
 1.27050000000000E+0003	 1.81119526122449E-0001	
 1.27250000000000E+0003	 1.79843763017934E-0001	
 1.27450000000000E+0003	 1.78877499913420E-0001	
 1.27650000000000E+0003	 1.78061236808905E-0001	
 1.27850000000000E+0003	 1.77347473704391E-0001	
 1.28050000000000E+0003	 1.76721710599876E-0001	
 1.28250000000000E+0003	 1.76127947495362E-0001	
 1.28450000000000E+0003	 1.75475184390847E-0001	
 1.28650000000000E+0003	 1.74692421286333E-0001	
 1.28850000000000E+0003	 1.73899658181818E-0001	
 1.29050000000000E+0003	 1.73254395077304E-0001	
 1.29250000000000E+0003	 1.72664631972789E-0001	
 1.29450000000000E+0003	 1.72033368868275E-0001	
 1.29650000000000E+0003	 1.71420105763760E-0001	
 1.29850000000000E+0003	 1.70992342659246E-0001	
 1.30050000000000E+0003	 1.70709579554731E-0001	
 1.30250000000000E+0003	 1.70464316450216E-0001	
 1.30450000000000E+0003	 1.70215553345702E-0001	
 1.30650000000000E+0003	 1.69932290241187E-0001	
 1.30850000000000E+0003	 1.69623527136673E-0001	
 1.31050000000000E+0003	 1.69218264032158E-0001	
 1.31250000000000E+0003	 1.68538500927644E-0001	
 1.31450000000000E+0003	 1.67839237823129E-0001	
 1.31650000000000E+0003	 1.67121474718615E-0001	
 1.31850000000000E+0003	 1.66269211614100E-0001	
 1.32050000000000E+0003	 1.65596948509586E-0001	
 1.32250000000000E+0003	 1.65106185405071E-0001	
 1.32450000000000E+0003	 1.64619922300557E-0001	
 1.32650000000000E+0003	 1.64236159196042E-0001	
 1.32850000000000E+0003	 1.64035896091528E-0001	
 1.33050000000000E+0003	 1.64071632987013E-0001	
 1.33250000000000E+0003	 1.64331369882498E-0001	
 1.33450000000000E+0003	 1.64616106777984E-0001	
 1.33650000000000E+0003	 1.64636343673469E-0001	
 1.33850000000000E+0003	 1.64465580568955E-0001	
 1.34050000000000E+0003	 1.65119317464440E-0001	
 1.34250000000000E+0003	 1.66722054359926E-0001	
 1.34450000000000E+0003	 1.67930291255411E-0001	
 1.34650000000000E+0003	 1.68837028150897E-0001	
 1.34850000000000E+0003	 1.70093265046382E-0001	
 1.35050000000000E+0003	 1.72077501941868E-0001	
 1.35250000000000E+0003	 1.74774738837353E-0001	
 1.35450000000000E+0003	 1.77835975732839E-0001	
 1.35650000000000E+0003	 1.81020212628324E-0001	
 1.35850000000000E+0003	 1.83981449523810E-0001	
 1.36050000000000E+0003	 1.86425186419295E-0001	
 1.36250000000000E+0003	 1.88542423314780E-0001	
 1.36450000000000E+0003	 1.90798160210266E-0001	
 1.36650000000000E+0003	 1.92158897105751E-0001	
 1.36850000000000E+0003	 1.91983134001237E-0001	
 1.37050000000000E+0003	 1.91089370896722E-0001	
 1.37250000000000E+0003	 1.90238607792208E-0001	
 1.37450000000000E+0003	 1.89903844687693E-0001	
 1.37650000000000E+0003	 1.90651081583179E-0001	
 1.37850000000000E+0003	 1.91852318478664E-0001	
 1.38050000000000E+0003	 1.93424555374150E-0001	
 1.38250000000000E+0003	 1.95396292269635E-0001	
 1.38450000000000E+0003	 1.97295529165121E-0001	
 1.38650000000000E+0003	 1.98889266060606E-0001	
 1.38850000000000E+0003	 2.00819502956092E-0001	
 1.39050000000000E+0003	 2.02855739851577E-0001	
 1.39250000000000E+0003	 2.04485476747062E-0001	
 1.39450000000000E+0003	 2.05686713642548E-0001	
 1.39650000000000E+0003	 2.06443450538033E-0001	
 1.39850000000000E+0003	 2.07346187433519E-0001	
 1.40050000000000E+0003	 2.08149924329004E-0001	
 1.40250000000000E+0003	 2.07978161224490E-0001	
 1.40450000000000E+0003	 2.07129398119975E-0001	
 1.40650000000000E+0003	 2.06132635015461E-0001	
 1.40850000000000E+0003	 2.05022871910946E-0001	
 1.41050000000000E+0003	 2.03678608806432E-0001	
 1.41250000000000E+0003	 2.02378345701917E-0001	
 1.41450000000000E+0003	 2.00997082597403E-0001	
 1.41650000000000E+0003	 1.98956319492888E-0001	
 1.41850000000000E+0003	 1.96695056388374E-0001	
 1.42050000000000E+0003	 1.94590293283859E-0001	
 1.42250000000000E+0003	 1.92207030179344E-0001	
 1.42450000000000E+0003	 1.89759267074830E-0001	
 1.42650000000000E+0003	 1.87863003970315E-0001	
 1.42850000000000E+0003	 1.86589740865801E-0001	
 1.43050000000000E+0003	 1.85939477761286E-0001	
 1.43250000000000E+0003	 1.85737714656772E-0001	
 1.43450000000000E+0003	 1.86220951552257E-0001	
 1.43650000000000E+0003	 1.87739188447743E-0001	
 1.43850000000000E+0003	 1.89230425343228E-0001	
 1.44050000000000E+0003	 1.90141662238714E-0001	
 1.44250000000000E+0003	 1.91114899134199E-0001	
 1.44450000000000E+0003	 1.91751636029685E-0001	
 1.44650000000000E+0003	 1.92271872925170E-0001	
 1.44850000000000E+0003	 1.92707609820656E-0001	
 1.45050000000000E+0003	 1.92958346716141E-0001	
 1.45250000000000E+0003	 1.92897083611626E-0001	
 1.45450000000000E+0003	 1.92247320507112E-0001	
 1.45650000000000E+0003	 1.90836057402597E-0001	
 1.45850000000000E+0003	 1.89425794298083E-0001	
 1.46050000000000E+0003	 1.88688031193568E-0001	
 1.46250000000000E+0003	 1.87893768089054E-0001	
 1.46450000000000E+0003	 1.87129004984539E-0001	
 1.46650000000000E+0003	 1.85927741880025E-0001	
 1.46850000000000E+0003	 1.84160478775510E-0001	
 1.47050000000000E+0003	 1.82049715670996E-0001	
 1.47250000000000E+0003	 1.78890452566481E-0001	
 1.47450000000000E+0003	 1.75656689461967E-0001	
 1.47650000000000E+0003	 1.74035926357452E-0001	
 1.47850000000000E+0003	 1.73380663252938E-0001	
 1.48050000000000E+0003	 1.73225900148423E-0001	
 1.48250000000000E+0003	 1.74133137043908E-0001	
 1.48450000000000E+0003	 1.75802873939394E-0001	
 1.48650000000000E+0003	 1.78050110834879E-0001	
 1.48850000000000E+0003	 1.80481847730365E-0001	
 1.49050000000000E+0003	 1.84186584625850E-0001	
 1.49250000000000E+0003	 1.88776821521336E-0001	
 1.49450000000000E+0003	 1.92620058416821E-0001	
 1.49650000000000E+0003	 1.96980795312307E-0001	
 1.49850000000000E+0003	 2.02197532207792E-0001	
 1.50050000000000E+0003	 2.06733769103278E-0001	
 1.50250000000000E+0003	 2.10561005998763E-0001	
 1.50450000000000E+0003	 2.14401742894249E-0001	
 1.50650000000000E+0003	 2.18922479789734E-0001	
 1.50850000000000E+0003	 2.23481216685220E-0001	
 1.51050000000000E+0003	 2.29743453580705E-0001	
 1.51250000000000E+0003	 2.35926190476190E-0001	
 1.51450000000000E+0003	 2.40826927371676E-0001	
 1.51650000000000E+0003	 2.44662164267161E-0001	
 1.51850000000000E+0003	 2.47625901162647E-0001	
 1.52050000000000E+0003	 2.49417138058132E-0001	
 1.52250000000000E+0003	 2.52172874953618E-0001	
 1.52450000000000E+0003	 2.55476111849103E-0001	
 1.52650000000000E+0003	 2.58745848744589E-0001	
 1.52850000000000E+0003	 2.62243085640074E-0001	
 1.53050000000000E+0003	 2.65415822535560E-0001	
 1.53250000000000E+0003	 2.68704559431045E-0001	
 1.53450000000000E+0003	 2.72275296326531E-0001	
 1.53650000000000E+0003	 2.74102533222016E-0001	
 1.53850000000000E+0003	 2.75514770117502E-0001	
 1.54050000000000E+0003	 2.77759007012987E-0001	
 1.54250000000000E+0003	 2.79238743908472E-0001	
 1.54450000000000E+0003	 2.79520980803958E-0001	
 1.54650000000000E+0003	 2.79571217699443E-0001	
 1.54850000000000E+0003	 2.78400954594929E-0001	
 1.55050000000000E+0003	 2.76071191490414E-0001	
 1.55250000000000E+0003	 2.73409428385900E-0001	
 1.55450000000000E+0003	 2.70126665281385E-0001	
 1.55650000000000E+0003	 2.66862402176871E-0001	
 1.55850000000000E+0003	 2.63603139072356E-0001	
 1.56050000000000E+0003	 2.59040375967842E-0001	
 1.56250000000000E+0003	 2.54875112863327E-0001	
 1.56450000000000E+0003	 2.52662849758813E-0001	
 1.56650000000000E+0003	 2.49948086654298E-0001	
 1.56850000000000E+0003	 2.47620823549784E-0001	
 1.57050000000000E+0003	 2.45420560445269E-0001	
 1.57250000000000E+0003	 2.42623297340754E-0001	
 1.57450000000000E+0003	 2.39733034236240E-0001	
 1.57650000000000E+0003	 2.36935271131725E-0001	
 1.57850000000000E+0003	 2.35130008027211E-0001	
 1.58050000000000E+0003	 2.34270744922696E-0001	
 1.58250000000000E+0003	 2.32928481818182E-0001	
 1.58450000000000E+0003	 2.31812218713667E-0001	
 1.58650000000000E+0003	 2.31125955609153E-0001	
 1.58850000000000E+0003	 2.30968692504638E-0001	
 1.59050000000000E+0003	 2.31239929400124E-0001	
 1.59250000000000E+0003	 2.32066666295609E-0001	
 1.59450000000000E+0003	 2.33141403191095E-0001	
 1.59650000000000E+0003	 2.34603140086580E-0001	
 1.59850000000000E+0003	 2.36313876982066E-0001	
 1.60050000000000E+0003	 2.38270613877551E-0001	
 1.60250000000000E+0003	 2.40462850773036E-0001	
 1.60450000000000E+0003	 2.43246087668522E-0001	
 1.60650000000000E+0003	 2.46384824564007E-0001	
 1.60850000000000E+0003	 2.50168061459493E-0001	
 1.61050000000000E+0003	 2.54748798354978E-0001	
 1.61250000000000E+0003	 2.59920535250464E-0001	
 1.61450000000000E+0003	 2.64897772145949E-0001	
 1.61650000000000E+0003	 2.70802009041435E-0001	
 1.61850000000000E+0003	 2.77466245936920E-0001	
 1.62050000000000E+0003	 2.83835982832406E-0001	
 1.62250000000000E+0003	 2.91121219727891E-0001	
 1.62450000000000E+0003	 2.99200456623377E-0001	
 1.62650000000000E+0003	 3.06514193518862E-0001	
 1.62850000000000E+0003	 3.14307930414348E-0001	
 1.63050000000000E+0003	 3.21658667309833E-0001	
 1.63250000000000E+0003	 3.28040904205318E-0001	
 1.63450000000000E+0003	 3.34569641100804E-0001	
 1.63650000000000E+0003	 3.40459877996289E-0001	
 1.63850000000000E+0003	 3.43992614891775E-0001	
 1.64050000000000E+0003	 3.46566351787260E-0001	
 1.64250000000000E+0003	 3.48326588682746E-0001	
 1.64450000000000E+0003	 3.49345825578231E-0001	
 1.64650000000000E+0003	 3.50554062473717E-0001	
 1.64850000000000E+0003	 3.51614799369202E-0001	
 1.65050000000000E+0003	 3.51550036264688E-0001	
 1.65250000000000E+0003	 3.51904273160173E-0001	
 1.65450000000000E+0003	 3.52949510055659E-0001	
 1.65650000000000E+0003	 3.52537246951144E-0001	
 1.65850000000000E+0003	 3.51889483846630E-0001	
 1.66050000000000E+0003	 3.50130720742115E-0001	
 1.66250000000000E+0003	 3.47842457637600E-0001	
 1.66450000000000E+0003	 3.44456194533086E-0001	
 1.66650000000000E+0003	 3.40515931428571E-0001	
 1.66850000000000E+0003	 3.37100668324057E-0001	
 1.67050000000000E+0003	 3.33440905219542E-0001	
 1.67250000000000E+0003	 3.29539642115028E-0001	
 1.67450000000000E+0003	 3.26586379010513E-0001	
 1.67650000000000E+0003	 3.23191115905999E-0001	
 1.67850000000000E+0003	 3.18761852801484E-0001	
 1.68050000000000E+0003	 3.14929589696970E-0001	
 1.68250000000000E+0003	 3.11933326592455E-0001	
 1.68450000000000E+0003	 3.08245563487941E-0001	
 1.68650000000000E+0003	 3.03825300383426E-0001	
 1.68850000000000E+0003	 3.00794037278912E-0001	
 1.69050000000000E+0003	 2.97558774174397E-0001	
 1.69250000000000E+0003	 2.93419511069882E-0001	
 1.69450000000000E+0003	 2.88495247965368E-0001	
 1.69650000000000E+0003	 2.82589984860853E-0001	
 1.69850000000000E+0003	 2.79035721756339E-0001	
 1.70050000000000E+0003	 2.78284958651824E-0001	
 1.70250000000000E+0003	 2.75373195547310E-0001	
 1.70450000000000E+0003	 2.73837432442795E-0001	
 1.70650000000000E+0003	 2.74486169338281E-0001	
 1.70850000000000E+0003	 2.75458906233766E-0001	
 1.71050000000000E+0003	 2.76937643129252E-0001	
 1.71250000000000E+0003	 2.78311380024737E-0001	
 1.71450000000000E+0003	 2.77831616920223E-0001	
 1.71650000000000E+0003	 2.73091853815708E-0001	
 1.71850000000000E+0003	 2.64191090711194E-0001	
 1.72050000000000E+0003	 2.53434327606679E-0001	
 1.72250000000000E+0003	 2.41688564502165E-0001	
 1.72450000000000E+0003	 2.30434301397650E-0001	
 1.72650000000000E+0003	 2.21457538293135E-0001	
 1.72850000000000E+0003	 2.14378775188621E-0001	
 1.73050000000000E+0003	 2.08483012084106E-0001	
 1.73250000000000E+0003	 2.03699748979592E-0001	
 1.73450000000000E+0003	 2.00476485875077E-0001	
 1.73650000000000E+0003	 1.97916222770563E-0001	
 1.73850000000000E+0003	 1.96119959666048E-0001	
 1.74050000000000E+0003	 1.93969196561534E-0001	
 1.74250000000000E+0003	 1.90629933457019E-0001	
 1.74450000000000E+0003	 1.87437670352505E-0001	
 1.74650000000000E+0003	 1.84785407247990E-0001	
 1.74850000000000E+0003	 1.81798644143476E-0001	
 1.75050000000000E+0003	 1.78191881038961E-0001	
 1.75250000000000E+0003	 1.74555117934447E-0001	
 1.75450000000000E+0003	 1.71445354829932E-0001	
 1.75650000000000E+0003	 1.68106591725417E-0001	
 1.75850000000000E+0003	 1.64212328620903E-0001	
 1.76050000000000E+0003	 1.60763065516388E-0001	
 1.76250000000000E+0003	 1.57575302411874E-0001	
 1.76450000000000E+0003	 1.54268039307359E-0001	
 1.76650000000000E+0003	 1.51345776202845E-0001	
 1.76850000000000E+0003	 1.48541513098330E-0001	
 1.77050000000000E+0003	 1.46295249993816E-0001	
 1.77250000000000E+0003	 1.44144986889301E-0001	
 1.77450000000000E+0003	 1.41697223784787E-0001	
 1.77650000000000E+0003	 1.39922460680272E-0001	
 1.77850000000000E+0003	 1.38413197575758E-0001	
 1.78050000000000E+0003	 1.36815434471243E-0001	
 1.78250000000000E+0003	 1.35441171366729E-0001	
 1.78450000000000E+0003	 1.34151408262214E-0001	
 1.78650000000000E+0003	 1.32930145157699E-0001	
 1.78850000000000E+0003	 1.31699382053185E-0001	
 1.79050000000000E+0003	 1.30509618948670E-0001	
 1.79250000000000E+0003	 1.29461855844156E-0001	
 1.79450000000000E+0003	 1.28173592739641E-0001	
 1.79650000000000E+0003	 1.26874329635127E-0001	
 1.79850000000000E+0003	 1.26180066530612E-0001	
 1.80050000000000E+0003	 1.25257803426098E-0001	
 1.80250000000000E+0003	 1.24073540321583E-0001	
 1.80450000000000E+0003	 1.23316777217069E-0001	
 1.80650000000000E+0003	 1.22591014112554E-0001	
 1.80850000000000E+0003	 1.21646751008040E-0001	
 1.81050000000000E+0003	 1.20784987903525E-0001	
 1.81250000000000E+0003	 1.19990724799011E-0001	
 1.81450000000000E+0003	 1.19400961694496E-0001	
 1.81650000000000E+0003	 1.18732198589981E-0001	
 1.81850000000000E+0003	 1.18013935485467E-0001	
 1.82050000000000E+0003	 1.17367672380952E-0001	
 1.82250000000000E+0003	 1.16630409276438E-0001	
 1.82450000000000E+0003	 1.15948146171923E-0001	
 1.82650000000000E+0003	 1.15312383067409E-0001	
 1.82850000000000E+0003	 1.14762619962894E-0001	
 1.83050000000000E+0003	 1.14414356858380E-0001	
 1.83250000000000E+0003	 1.13727093753865E-0001	
 1.83450000000000E+0003	 1.13030330649351E-0001	
 1.83650000000000E+0003	 1.12480067544836E-0001	
 1.83850000000000E+0003	 1.11981304440322E-0001	
 1.84050000000000E+0003	 1.11472041335807E-0001	
 1.84250000000000E+0003	 1.10943278231293E-0001	
 1.84450000000000E+0003	 1.10603515126778E-0001	
 1.84650000000000E+0003	 1.09832252022263E-0001	
 1.84850000000000E+0003	 1.09295488917749E-0001	
 1.85050000000000E+0003	 1.09225725813234E-0001	
 1.85250000000000E+0003	 1.09033462708720E-0001	
 1.85450000000000E+0003	 1.08682699604205E-0001	
 1.85650000000000E+0003	 1.08255436499691E-0001	
 1.85850000000000E+0003	 1.07795673395176E-0001	
 1.86050000000000E+0003	 1.07377410290662E-0001	
 1.86250000000000E+0003	 1.07057647186147E-0001	
 1.86450000000000E+0003	 1.06697884081633E-0001	
 1.86650000000000E+0003	 1.06181620977118E-0001	
 1.86850000000000E+0003	 1.05791857872604E-0001	
 1.87050000000000E+0003	 1.05668094768089E-0001	
 1.87250000000000E+0003	 1.05495331663575E-0001	
 1.87450000000000E+0003	 1.05386568559060E-0001	
 1.87650000000000E+0003	 1.05180305454545E-0001	
 1.87850000000000E+0003	 1.04908042350031E-0001	
 1.88050000000000E+0003	 1.04658779245516E-0001	
 1.88250000000000E+0003	 1.04440516141002E-0001	
 1.88450000000000E+0003	 1.04184253036487E-0001	
 1.88650000000000E+0003	 1.03923489931973E-0001	
 1.88850000000000E+0003	 1.03686226827458E-0001	
 1.89050000000000E+0003	 1.03450963722944E-0001	
 1.89250000000000E+0003	 1.03226200618429E-0001	
 1.89450000000000E+0003	 1.02963437513915E-0001	
 1.89650000000000E+0003	 1.02776674409400E-0001	
 1.89850000000000E+0003	 1.02715411304886E-0001	
 1.90050000000000E+0003	 1.02594648200371E-0001	
 1.90250000000000E+0003	 1.02399885095857E-0001	
 1.90450000000000E+0003	 1.02211621991342E-0001	
 1.90650000000000E+0003	 1.01957858886827E-0001	
 1.90850000000000E+0003	 1.01621095782313E-0001	
 1.91050000000000E+0003	 1.01435332677798E-0001	
 1.91250000000000E+0003	 1.01463069573284E-0001	
 1.91450000000000E+0003	 1.01407806468769E-0001	
 1.91650000000000E+0003	 1.01301543364255E-0001	
 1.91850000000000E+0003	 1.01197280259740E-0001	
 1.92050000000000E+0003	 1.00837017155226E-0001	
 1.92250000000000E+0003	 1.00429754050711E-0001	
 1.92450000000000E+0003	 1.00405490946197E-0001	
 1.92650000000000E+0003	 1.00607227841682E-0001	
 1.92850000000000E+0003	 1.00639964737168E-0001	
 1.93050000000000E+0003	 1.00547201632653E-0001	
 1.93250000000000E+0003	 1.00427938528139E-0001	
 1.93450000000000E+0003	 1.00337175423624E-0001	
 1.93650000000000E+0003	 1.00286912319109E-0001	
 1.93850000000000E+0003	 1.00201649214595E-0001	
 1.94050000000000E+0003	 9.99978861100804E-0002	
 1.94250000000000E+0003	 9.97346230055659E-0002	
 1.94450000000000E+0003	 9.96693599010513E-0002	
 1.94650000000000E+0003	 9.97710967965368E-0002	
 1.94850000000000E+0003	 9.98623336920223E-0002	
 1.95050000000000E+0003	 9.98770705875077E-0002	
 1.95250000000000E+0003	 9.98313074829932E-0002	
 1.95450000000000E+0003	 9.97415443784787E-0002	
 1.95650000000000E+0003	 9.96917812739641E-0002	
 1.95850000000000E+0003	 9.96835181694496E-0002	
 1.96050000000000E+0003	 9.96422550649351E-0002	
 1.96250000000000E+0003	 9.95964919604205E-0002	
 1.96450000000000E+0003	 9.94907288559060E-0002	
 1.96650000000000E+0003	 9.92614657513915E-0002	
 1.96850000000000E+0003	 9.91967026468769E-0002	
 1.97050000000000E+0003	 9.93614395423624E-0002	
 1.97250000000000E+0003	 9.94441764378479E-0002	
 1.97450000000000E+0003	 9.94259133333333E-0002	
 1.97650000000000E+0003	 9.94011502288188E-0002	
 1.97850000000000E+0003	 9.93843871243043E-0002	
 1.98050000000000E+0003	 9.93716240197897E-0002	
 1.98250000000000E+0003	 9.93568609152752E-0002	
 1.98450000000000E+0003	 9.93360978107607E-0002	
 1.98650000000000E+0003	 9.92588347062461E-0002	
 1.98850000000000E+0003	 9.91250716017316E-0002	
 1.99050000000000E+0003	 9.90118084972171E-0002	
 1.99250000000000E+0003	 9.89430453927025E-0002	
 1.99450000000000E+0003	 9.90607822881880E-0002	
 1.99650000000000E+0003	 9.92390191836735E-0002	
 1.99850000000000E+0003	 9.92797560791589E-0002	
 2.00050000000000E+0003	 9.92834929746444E-0002	
 2.00250000000000E+0003	 9.92982298701299E-0002	
 2.00450000000000E+0003	 9.93049667656153E-0002	
 2.00650000000000E+0003	 9.92882036611008E-0002	
 2.00850000000000E+0003	 9.92799405565863E-0002	
 2.01050000000000E+0003	 9.93026774520717E-0002	
 2.01250000000000E+0003	 9.93324143475572E-0002	
 2.01450000000000E+0003	 9.92966512430427E-0002	
 2.01650000000000E+0003	 9.91593881385281E-0002	
 2.01850000000000E+0003	 9.91146250340136E-0002	
 2.02050000000000E+0003	 9.92708619294991E-0002	
 2.02250000000000E+0003	 9.93940988249845E-0002	
 2.02450000000000E+0003	 9.94418357204700E-0002	
 2.02650000000000E+0003	 9.94835726159555E-0002	
 2.02850000000000E+0003	 9.95223095114409E-0002	
 2.03050000000000E+0003	 9.95485464069264E-0002	
 2.03250000000000E+0003	 9.95702833024119E-0002	
 2.03450000000000E+0003	 9.95880201978973E-0002	
 2.03650000000000E+0003	 9.96047570933828E-0002	
 2.03850000000000E+0003	 9.95974939888683E-0002	
 2.04050000000000E+0003	 9.95397308843537E-0002	
 2.04250000000000E+0003	 9.95209677798392E-0002	
 2.04450000000000E+0003	 9.96082046753247E-0002	
 2.04650000000000E+0003	 9.96814415708101E-0002	
 2.04850000000000E+0003	 9.97156784662956E-0002	
 2.05050000000000E+0003	 9.97409153617811E-0002	
 2.05250000000000E+0003	 9.97606522572665E-0002	
 2.05450000000000E+0003	 9.97778891527520E-0002	
 2.05650000000000E+0003	 9.97926260482375E-0002	
 2.05850000000000E+0003	 9.97983629437229E-0002	
 2.06050000000000E+0003	 9.97950998392084E-0002	
 2.06250000000000E+0003	 9.97753367346939E-0002	
 2.06450000000000E+0003	 9.96995736301793E-0002	
 2.06650000000000E+0003	 9.96963105256648E-0002	
 2.06850000000000E+0003	 9.98110474211503E-0002	
 2.07050000000000E+0003	 9.98817843166357E-0002	
 2.07250000000000E+0003	 9.98900212121212E-0002	
 2.07450000000000E+0003	 9.98887581076067E-0002	
 2.07650000000000E+0003	 9.98904950030921E-0002	
 2.07850000000000E+0003	 9.98897318985776E-0002	
 2.08050000000000E+0003	 9.98844687940631E-0002	
 2.08250000000000E+0003	 9.98797056895485E-0002	
 2.08450000000000E+0003	 9.98679425850340E-0002	
 2.08650000000000E+0003	 9.98396794805195E-0002	
 2.08850000000000E+0003	 9.97859163760049E-0002	
 2.09050000000000E+0003	 9.97446532714904E-0002	
 2.09250000000000E+0003	 9.97608901669759E-0002	
 2.09450000000000E+0003	 9.97866270624613E-0002	
 2.09650000000000E+0003	 9.97803639579468E-0002	
 2.09850000000000E+0003	 9.97686008534323E-0002	
 2.10050000000000E+0003	 9.97553377489177E-0002	
 2.10250000000000E+0003	 9.97450746444032E-0002	
 2.10450000000000E+0003	 9.97303115398887E-0002	
 2.10650000000000E+0003	 9.97150484353741E-0002	
 2.10850000000000E+0003	 9.96967853308596E-0002	
 2.11050000000000E+0003	 9.96780222263451E-0002	
 2.11250000000000E+0003	 9.96387591218306E-0002	
 2.11450000000000E+0003	 9.95869960173160E-0002	
 2.11650000000000E+0003	 9.95562329128015E-0002	
 2.11850000000000E+0003	 9.95549698082870E-0002	
 2.12050000000000E+0003	 9.95387067037724E-0002	
 2.12250000000000E+0003	 9.95099435992579E-0002	
 2.12450000000000E+0003	 9.94731804947434E-0002	
 2.12650000000000E+0003	 9.94389173902288E-0002	
 2.12850000000000E+0003	 9.94061542857143E-0002	
 2.13050000000000E+0003	 9.93793911811998E-0002	
 2.13250000000000E+0003	 9.93511280766852E-0002	
 2.13450000000000E+0003	 9.93143649721707E-0002	
 2.13650000000000E+0003	 9.92671018676562E-0002	
 2.13850000000000E+0003	 9.92343387631416E-0002	
 2.14050000000000E+0003	 9.92145756586271E-0002	
 2.14250000000000E+0003	 9.91928125541126E-0002	
 2.14450000000000E+0003	 9.91565494495980E-0002	
 2.14650000000000E+0003	 9.91067863450835E-0002	
 2.14850000000000E+0003	 9.90525232405690E-0002	
 2.15050000000000E+0003	 9.89912601360544E-0002	
 2.15250000000000E+0003	 9.89204970315399E-0002	
 2.15450000000000E+0003	 9.88542339270254E-0002	
 2.15650000000000E+0003	 9.87914708225108E-0002	
 2.15850000000000E+0003	 9.87242077179963E-0002	
 2.16050000000000E+0003	 9.86474446134818E-0002	
 2.16250000000000E+0003	 9.85726815089672E-0002	
 2.16450000000000E+0003	 9.85149184044527E-0002	
 2.16650000000000E+0003	 9.84716552999382E-0002	
 2.16850000000000E+0003	 9.84283921954236E-0002	
 2.17050000000000E+0003	 9.83746290909091E-0002	
 2.17250000000000E+0003	 9.83078659863946E-0002	
 2.17450000000000E+0003	 9.82456028818800E-0002	
 2.17650000000000E+0003	 9.81898397773655E-0002	
 2.17850000000000E+0003	 9.81375766728510E-0002	
 2.18050000000000E+0003	 9.80883135683364E-0002	
 2.18250000000000E+0003	 9.80440504638219E-0002	
 2.18450000000000E+0003	 9.80017873593074E-0002	
 2.18650000000000E+0003	 9.79625242547928E-0002	
 2.18850000000000E+0003	 9.79252611502783E-0002	
 2.19050000000000E+0003	 9.78904980457638E-0002	
 2.19250000000000E+0003	 9.78557349412492E-0002	
 2.19450000000000E+0003	 9.78234718367347E-0002	
 2.19650000000000E+0003	 9.77917087322202E-0002	
 2.19850000000000E+0003	 9.77599456277056E-0002	
 2.20050000000000E+0003	 9.77306825231911E-0002	
 2.20250000000000E+0003	 9.77019194186766E-0002	
 2.20450000000000E+0003	 9.76736563141620E-0002	
 2.20650000000000E+0003	 9.76493932096475E-0002	
 2.20850000000000E+0003	 9.76311301051330E-0002	
 2.21050000000000E+0003	 9.76153670006184E-0002	
 2.21250000000000E+0003	 9.75966038961039E-0002	
 2.21450000000000E+0003	 9.75788407915894E-0002	
 2.21650000000000E+0003	 9.75665776870748E-0002	
 2.21850000000000E+0003	 9.75573145825603E-0002	
 2.22050000000000E+0003	 9.75490514780458E-0002	
 2.22250000000000E+0003	 9.75447883735312E-0002	
 2.22450000000000E+0003	 9.75390252690167E-0002	
 2.22650000000000E+0003	 9.75327621645022E-0002	
 2.22850000000000E+0003	 9.75279990599876E-0002	
 2.23050000000000E+0003	 9.75252359554731E-0002	
 2.23250000000000E+0003	 9.75274728509586E-0002	
 2.23450000000000E+0003	 9.75342097464440E-0002	
 2.23650000000000E+0003	 9.75399466419295E-0002	
 2.23850000000000E+0003	 9.75471835374150E-0002	
 2.24050000000000E+0003	 9.75579204329004E-0002	
 2.24250000000000E+0003	 9.75691573283859E-0002	
 2.24450000000000E+0003	 9.75818942238714E-0002	
 2.24650000000000E+0003	 9.75996311193568E-0002	
 2.24850000000000E+0003	 9.76248680148423E-0002	
 2.25050000000000E+0003	 9.76516049103278E-0002	
 2.25250000000000E+0003	 9.76803418058132E-0002	
 2.25450000000000E+0003	 9.77120787012987E-0002	
 2.25650000000000E+0003	 9.77428155967842E-0002	
 2.25850000000000E+0003	 9.77730524922696E-0002	
 2.26050000000000E+0003	 9.78022893877551E-0002	
 2.26250000000000E+0003	 9.78315262832406E-0002	
 2.26450000000000E+0003	 9.78637631787260E-0002	
 2.26650000000000E+0003	 9.79010000742115E-0002	
 2.26850000000000E+0003	 9.79392369696970E-0002	
 2.27050000000000E+0003	 9.79789738651824E-0002	
 2.27250000000000E+0003	 9.80207107606679E-0002	
 2.27450000000000E+0003	 9.80669476561534E-0002	
 2.27650000000000E+0003	 9.81151845516388E-0002	
 2.27850000000000E+0003	 9.81644214471243E-0002	
 2.28050000000000E+0003	 9.82181583426098E-0002	
 2.28250000000000E+0003	 9.82778952380952E-0002	
 2.28450000000000E+0003	 9.83346321335807E-0002	
 2.28650000000000E+0003	 9.83853690290662E-0002	
 2.28850000000000E+0003	 9.84341059245516E-0002	
 2.29050000000000E+0003	 9.84933428200371E-0002	
 2.29250000000000E+0003	 9.85565797155226E-0002	
 2.29450000000000E+0003	 9.86183166110080E-0002	
 2.29650000000000E+0003	 9.86805535064935E-0002	
 2.29850000000000E+0003	 9.87487904019790E-0002	
 2.30050000000000E+0003	 9.88180272974644E-0002	
 2.30250000000000E+0003	 9.89027641929499E-0002	
 2.30450000000000E+0003	 9.89935010884354E-0002	
 2.30650000000000E+0003	 9.90757379839208E-0002	
 2.30850000000000E+0003	 9.91529748794063E-0002	
 2.31050000000000E+0003	 9.92357117748918E-0002	
 2.31250000000000E+0003	 9.93174486703772E-0002	
 2.31450000000000E+0003	 9.93921855658627E-0002	
 2.31650000000000E+0003	 9.94629224613482E-0002	
 2.31850000000000E+0003	 9.95316593568336E-0002	
 2.32050000000000E+0003	 9.95903962523191E-0002	
 2.32250000000000E+0003	 9.96481331478046E-0002	
 2.32450000000000E+0003	 9.97013700432900E-0002	
 2.32650000000000E+0003	 9.97681069387755E-0002	
 2.32850000000000E+0003	 9.98658438342610E-0002	
 2.33050000000000E+0003	 9.99555807297464E-0002	
 2.33250000000000E+0003	 1.00040317625232E-0001	
 2.33450000000000E+0003	 1.00141554520717E-0001	
 2.33650000000000E+0003	 1.00257791416203E-0001	
 2.33850000000000E+0003	 1.00361028311688E-0001	
 2.34050000000000E+0003	 1.00422265207174E-0001	
 2.34250000000000E+0003	 1.00470002102659E-0001	
 2.34450000000000E+0003	 1.00567238998145E-0001	
 2.34650000000000E+0003	 1.00644475893630E-0001	
 2.34850000000000E+0003	 1.00695712789116E-0001	
 2.35050000000000E+0003	 1.00823449684601E-0001	
 2.35250000000000E+0003	 1.00961686580087E-0001	
 2.35450000000000E+0003	 1.01035423475572E-0001	
 2.35650000000000E+0003	 1.01080660371058E-0001	
 2.35850000000000E+0003	 1.01183397266543E-0001	
 2.36050000000000E+0003	 1.01325634162028E-0001	
 2.36250000000000E+0003	 1.01457871057514E-0001	
 2.36450000000000E+0003	 1.01569607952999E-0001	
 2.36650000000000E+0003	 1.01681844848485E-0001	
 2.36850000000000E+0003	 1.01784581743970E-0001	
 2.37050000000000E+0003	 1.01872818639456E-0001	
 2.37250000000000E+0003	 1.01978055534941E-0001	
 2.37450000000000E+0003	 1.02112292430427E-0001	
 2.37650000000000E+0003	 1.02247029325912E-0001	
 2.37850000000000E+0003	 1.02349766221398E-0001	
 2.38050000000000E+0003	 1.02437503116883E-0001	
 2.38250000000000E+0003	 1.02538740012369E-0001	
 2.38450000000000E+0003	 1.02670476907854E-0001	
 2.38650000000000E+0003	 1.02818713803340E-0001	
 2.38850000000000E+0003	 1.02971450698825E-0001	
 2.39050000000000E+0003	 1.03119687594310E-0001	
 2.39250000000000E+0003	 1.03269924489796E-0001	
 2.39450000000000E+0003	 1.03423161385281E-0001	
 2.39650000000000E+0003	 1.03581398280767E-0001	
 2.39850000000000E+0003	 1.03743135176252E-0001	
 2.40050000000000E+0003	 1.03909372071738E-0001	
 2.40250000000000E+0003	 1.04073608967223E-0001	
 2.40450000000000E+0003	 1.04244345862709E-0001	
 2.40650000000000E+0003	 1.04418582758194E-0001	
 2.40850000000000E+0003	 1.04598319653680E-0001	
 2.41050000000000E+0003	 1.04777056549165E-0001	
 2.41250000000000E+0003	 1.04961793444651E-0001	
 2.41450000000000E+0003	 1.05149530340136E-0001	
 2.41650000000000E+0003	 1.05338267235622E-0001	
 2.41850000000000E+0003	 1.05527004131107E-0001	
 2.42050000000000E+0003	 1.05726741026592E-0001	
 2.42250000000000E+0003	 1.05928977922078E-0001	
 2.42450000000000E+0003	 1.06134714817563E-0001	
 2.42650000000000E+0003	 1.06341451713049E-0001	
 2.42850000000000E+0003	 1.06549188608534E-0001	
 2.43050000000000E+0003	 1.06756925504020E-0001	
 2.43250000000000E+0003	 1.06967162399505E-0001	
 2.43450000000000E+0003	 1.07179899294991E-0001	
 2.43650000000000E+0003	 1.07398136190476E-0001	
 2.43850000000000E+0003	 1.07613373085962E-0001	
 2.44050000000000E+0003	 1.07830109981447E-0001	
 2.44250000000000E+0003	 1.08042846876933E-0001	
 2.44450000000000E+0003	 1.08253083772418E-0001	
 2.44650000000000E+0003	 1.08461320667904E-0001	
 2.44850000000000E+0003	 1.08671557563389E-0001	
 2.45050000000000E+0003	 1.08877794458874E-0001	
 2.45250000000000E+0003	 1.09087031354360E-0001	
 2.45450000000000E+0003	 1.09301768249845E-0001	
 2.45650000000000E+0003	 1.09522505145331E-0001	
 2.45850000000000E+0003	 1.09741742040816E-0001	
 2.46050000000000E+0003	 1.09967478936302E-0001	
 2.46250000000000E+0003	 1.10194715831787E-0001	
 2.46450000000000E+0003	 1.10425452727273E-0001	
 2.46650000000000E+0003	 1.10658689622758E-0001	
 2.46850000000000E+0003	 1.10897926518244E-0001	
 2.47050000000000E+0003	 1.11137163413729E-0001	
 2.47250000000000E+0003	 1.11382400309215E-0001	
 2.47450000000000E+0003	 1.11630637204700E-0001	
 2.47650000000000E+0003	 1.11883374100186E-0001	
 2.47850000000000E+0003	 1.12134110995671E-0001	
 2.48050000000000E+0003	 1.12383847891156E-0001	
 2.48250000000000E+0003	 1.12633584786642E-0001	
 2.48450000000000E+0003	 1.12889821682127E-0001	
 2.48650000000000E+0003	 1.13142558577613E-0001	
 2.48850000000000E+0003	 1.13395795473098E-0001	
 2.49050000000000E+0003	 1.13649032368584E-0001	
 2.49250000000000E+0003	 1.13909769264069E-0001	
 2.49450000000000E+0003	 1.14169006159555E-0001	
 2.49650000000000E+0003	 1.14428243055040E-0001	
 2.49850000000000E+0003	 1.14683479950526E-0001	
 2.50050000000000E+0003	 1.14941216846011E-0001	
 2.50250000000000E+0003	 1.15195453741497E-0001	
 2.50450000000000E+0003	 1.15449690636982E-0001	
 2.50650000000000E+0003	 1.15697427532468E-0001	
 2.50850000000000E+0003	 1.15947164427953E-0001	
 2.51050000000000E+0003	 1.16194901323438E-0001	
 2.51250000000000E+0003	 1.16436138218924E-0001	
 2.51450000000000E+0003	 1.16669875114409E-0001	
 2.51650000000000E+0003	 1.16905112009895E-0001	
 2.51850000000000E+0003	 1.17135848905380E-0001	
 2.52050000000000E+0003	 1.17365585800866E-0001	
 2.52250000000000E+0003	 1.17590822696351E-0001	
 2.52450000000000E+0003	 1.17813559591837E-0001	
 2.52650000000000E+0003	 1.18035796487322E-0001	
 2.52850000000000E+0003	 1.18258533382808E-0001	
 2.53050000000000E+0003	 1.18473770278293E-0001	
 2.53250000000000E+0003	 1.18687007173779E-0001	
 2.53450000000000E+0003	 1.18902244069264E-0001	
 2.53650000000000E+0003	 1.19115480964750E-0001	
 2.53850000000000E+0003	 1.19326217860235E-0001	
 2.54050000000000E+0003	 1.19539454755720E-0001	
 2.54250000000000E+0003	 1.19750691651206E-0001	
 2.54450000000000E+0003	 1.19960928546691E-0001	
 2.54650000000000E+0003	 1.20172165442177E-0001	
 2.54850000000000E+0003	 1.20384402337662E-0001	
 2.55050000000000E+0003	 1.20597639233148E-0001	
 2.55250000000000E+0003	 1.20812876128633E-0001	
 2.55450000000000E+0003	 1.21028613024119E-0001	
 2.55650000000000E+0003	 1.21239349919604E-0001	
 2.55850000000000E+0003	 1.21450586815090E-0001	
 2.56050000000000E+0003	 1.21665823710575E-0001	
 2.56250000000000E+0003	 1.21881560606061E-0001	
 2.56450000000000E+0003	 1.22096797501546E-0001	
 2.56650000000000E+0003	 1.22316034397032E-0001	
 2.56850000000000E+0003	 1.22538771292517E-0001	
 2.57050000000000E+0003	 1.22764508188002E-0001	
 2.57250000000000E+0003	 1.22990245083488E-0001	
 2.57450000000000E+0003	 1.23218481978973E-0001	
 2.57650000000000E+0003	 1.23444718874459E-0001	
 2.57850000000000E+0003	 1.23670955769944E-0001	
 2.58050000000000E+0003	 1.23899692665430E-0001	
 2.58250000000000E+0003	 1.24133929560915E-0001	
 2.58450000000000E+0003	 1.24373166456401E-0001	
 2.58650000000000E+0003	 1.24614903351886E-0001	
 2.58850000000000E+0003	 1.24861140247372E-0001	
 2.59050000000000E+0003	 1.25114377142857E-0001	
 2.59250000000000E+0003	 1.25372114038343E-0001	
 2.59450000000000E+0003	 1.25634850933828E-0001	
 2.59650000000000E+0003	 1.25900087829314E-0001	
 2.59850000000000E+0003	 1.26169824724799E-0001	
 2.60050000000000E+0003	 1.26443561620284E-0001	
 2.60250000000000E+0003	 1.26715798515770E-0001	
 2.60450000000000E+0003	 1.26985535411255E-0001	
 2.60650000000000E+0003	 1.27253772306741E-0001	
 2.60850000000000E+0003	 1.27526009202226E-0001	
 2.61050000000000E+0003	 1.27798246097712E-0001	
 2.61250000000000E+0003	 1.28063482993197E-0001	
 2.61450000000000E+0003	 1.28318719888683E-0001	
 2.61650000000000E+0003	 1.28571956784168E-0001	
 2.61850000000000E+0003	 1.28822193679654E-0001	
 2.62050000000000E+0003	 1.29071930575139E-0001	
 2.62250000000000E+0003	 1.29320167470625E-0001	
 2.62450000000000E+0003	 1.29566904366110E-0001	
 2.62650000000000E+0003	 1.29806141261596E-0001	
 2.62850000000000E+0003	 1.30040878157081E-0001	
 2.63050000000000E+0003	 1.30271615052566E-0001	
 2.63250000000000E+0003	 1.30500851948052E-0001	
 2.63450000000000E+0003	 1.30728088843537E-0001	
 2.63650000000000E+0003	 1.30956325739023E-0001	
 2.63850000000000E+0003	 1.31179062634508E-0001	
 2.64050000000000E+0003	 1.31397299529994E-0001	
 2.64250000000000E+0003	 1.31614036425479E-0001	
 2.64450000000000E+0003	 1.31833273320965E-0001	
 2.64650000000000E+0003	 1.32053010216450E-0001	
 2.64850000000000E+0003	 1.32273247111936E-0001	
 2.65050000000000E+0003	 1.32494484007421E-0001	
 2.65250000000000E+0003	 1.32719720902907E-0001	
 2.65450000000000E+0003	 1.32942957798392E-0001	
 2.65650000000000E+0003	 1.33169194693878E-0001	
 2.65850000000000E+0003	 1.33397431589363E-0001	
 2.66050000000000E+0003	 1.33630668484848E-0001	
 2.66250000000000E+0003	 1.33865905380334E-0001	
 2.66450000000000E+0003	 1.34107142275819E-0001	
 2.66650000000000E+0003	 1.34351879171305E-0001	
 2.66850000000000E+0003	 1.34599116066790E-0001	
 2.67050000000000E+0003	 1.34846352962276E-0001	
 2.67250000000000E+0003	 1.35099589857761E-0001	
 2.67450000000000E+0003	 1.35353326753247E-0001	
 2.67650000000000E+0003	 1.35607563648732E-0001	
 2.67850000000000E+0003	 1.35864300544218E-0001	
 2.68050000000000E+0003	 1.36127537439703E-0001	
 2.68250000000000E+0003	 1.36385774335189E-0001	
 2.68450000000000E+0003	 1.36638511230674E-0001	
 2.68650000000000E+0003	 1.36893248126160E-0001	
 2.68850000000000E+0003	 1.37154985021645E-0001	
 2.69050000000000E+0003	 1.37418721917130E-0001	
 2.69250000000000E+0003	 1.37684458812616E-0001	
 2.69450000000000E+0003	 1.37953195708101E-0001	
 2.69650000000000E+0003	 1.38235932603587E-0001	
 2.69850000000000E+0003	 1.38528669499072E-0001	
 2.70050000000000E+0003	 1.38831906394558E-0001	
 2.70250000000000E+0003	 1.39141643290043E-0001	
 2.70450000000000E+0003	 1.39469880185529E-0001	
 2.70650000000000E+0003	 1.39812117081014E-0001	
 2.70850000000000E+0003	 1.40166853976500E-0001	
 2.71050000000000E+0003	 1.40534090871985E-0001	
 2.71250000000000E+0003	 1.40922327767471E-0001	
 2.71450000000000E+0003	 1.41321564662956E-0001	
 2.71650000000000E+0003	 1.41731301558442E-0001	
 2.71850000000000E+0003	 1.42146538453927E-0001	
 2.72050000000000E+0003	 1.42574775349412E-0001	
 2.72250000000000E+0003	 1.43003512244898E-0001	
 2.72450000000000E+0003	 1.43432749140383E-0001	
 2.72650000000000E+0003	 1.43865986035869E-0001	
 2.72850000000000E+0003	 1.44295222931354E-0001	
 2.73050000000000E+0003	 1.44704959826840E-0001	
 2.73250000000000E+0003	 1.45109696722325E-0001	
 2.73450000000000E+0003	 1.45504933617811E-0001	
 2.73650000000000E+0003	 1.45896170513296E-0001	
 2.73850000000000E+0003	 1.46280407408782E-0001	
 2.74050000000000E+0003	 1.46655144304267E-0001	
 2.74250000000000E+0003	 1.47018381199753E-0001	
 2.74450000000000E+0003	 1.47383118095238E-0001	
 2.74650000000000E+0003	 1.47747854990724E-0001	
 2.74850000000000E+0003	 1.48113591886209E-0001	
 2.75050000000000E+0003	 1.48474328781694E-0001	
 2.75250000000000E+0003	 1.48841565677180E-0001	
 2.75450000000000E+0003	 1.49214302572665E-0001	
 2.75650000000000E+0003	 1.49594539468151E-0001	
 2.75850000000000E+0003	 1.49976276363636E-0001	
 2.76050000000000E+0003	 1.50366013259122E-0001	
 2.76250000000000E+0003	 1.50764750154607E-0001	
 2.76450000000000E+0003	 1.51172487050093E-0001	
 2.76650000000000E+0003	 1.51581223945578E-0001	
 2.76850000000000E+0003	 1.51995960841064E-0001	
 2.77050000000000E+0003	 1.52415197736549E-0001	
 2.77250000000000E+0003	 1.52844434632035E-0001	
 2.77450000000000E+0003	 1.53288171527520E-0001	
 2.77650000000000E+0003	 1.53739408423006E-0001	
 2.77850000000000E+0003	 1.54181145318491E-0001	
 2.78050000000000E+0003	 1.54628382213977E-0001	
 2.78250000000000E+0003	 1.55086619109462E-0001	
 2.78450000000000E+0003	 1.55551856004947E-0001	
 2.78650000000000E+0003	 1.56022592900433E-0001	
 2.78850000000000E+0003	 1.56514329795918E-0001	
 2.79050000000000E+0003	 1.57016566691404E-0001	
 2.79250000000000E+0003	 1.57513303586889E-0001	
 2.79450000000000E+0003	 1.58016540482375E-0001	
 2.79650000000000E+0003	 1.58538777377860E-0001	
 2.79850000000000E+0003	 1.59082014273346E-0001	
 2.80050000000000E+0003	 1.59630251168831E-0001	
 2.80250000000000E+0003	 1.60181488064317E-0001	
 2.80450000000000E+0003	 1.60751224959802E-0001	
 2.80650000000000E+0003	 1.61333461855288E-0001	
 2.80850000000000E+0003	 1.61930698750773E-0001	
 2.81050000000000E+0003	 1.62548435646259E-0001	
 2.81250000000000E+0003	 1.63170672541744E-0001	
 2.81450000000000E+0003	 1.63800409437229E-0001	
 2.81650000000000E+0003	 1.64447646332715E-0001	
 2.81850000000000E+0003	 1.65117383228200E-0001	
 2.82050000000000E+0003	 1.65814120123686E-0001	
 2.82250000000000E+0003	 1.66539857019171E-0001	
 2.82450000000000E+0003	 1.67300593914657E-0001	
 2.82650000000000E+0003	 1.68106330810142E-0001	
 2.82850000000000E+0003	 1.68969567705628E-0001	
 2.83050000000000E+0003	 1.69914304601113E-0001	
 2.83250000000000E+0003	 1.70964541496599E-0001	
 2.83450000000000E+0003	 1.72154778392084E-0001	
 2.83650000000000E+0003	 1.73556515287570E-0001	
 2.83850000000000E+0003	 1.75288752183055E-0001	
 2.84050000000000E+0003	 1.77488489078541E-0001	
 2.84250000000000E+0003	 1.80406225974026E-0001	
 2.84450000000000E+0003	 1.84414462869511E-0001	
 2.84650000000000E+0003	 1.89617199764997E-0001	
 2.84850000000000E+0003	 1.95159436660482E-0001	
 2.85050000000000E+0003	 1.99376173555968E-0001	
 2.85250000000000E+0003	 2.01459910451453E-0001	
 2.85450000000000E+0003	 2.01903147346939E-0001	
 2.85650000000000E+0003	 2.01395384242424E-0001	
 2.85850000000000E+0003	 2.00401121137910E-0001	
 2.86050000000000E+0003	 1.99337358033395E-0001	
 2.86250000000000E+0003	 1.98576594928881E-0001	
 2.86450000000000E+0003	 1.98395831824366E-0001	
 2.86650000000000E+0003	 1.98856568719852E-0001	
 2.86850000000000E+0003	 1.99817305615337E-0001	
 2.87050000000000E+0003	 2.01002542510823E-0001	
 2.87250000000000E+0003	 2.02073279406308E-0001	
 2.87450000000000E+0003	 2.02686516301793E-0001	
 2.87650000000000E+0003	 2.02777253197279E-0001	
 2.87850000000000E+0003	 2.02596490092764E-0001	
 2.88050000000000E+0003	 2.02400226988250E-0001	
 2.88250000000000E+0003	 2.02355463883735E-0001	
 2.88450000000000E+0003	 2.02572200779221E-0001	
 2.88650000000000E+0003	 2.03095437674706E-0001	
 2.88850000000000E+0003	 2.03920674570192E-0001	
 2.89050000000000E+0003	 2.05007411465677E-0001	
 2.89250000000000E+0003	 2.06309148361163E-0001	
 2.89450000000000E+0003	 2.07784385256648E-0001	
 2.89650000000000E+0003	 2.09383122152134E-0001	
 2.89850000000000E+0003	 2.11055859047619E-0001	
 2.90050000000000E+0003	 2.12836095943105E-0001	
 2.90250000000000E+0003	 2.14780332838590E-0001	
 2.90450000000000E+0003	 2.16957569734075E-0001	
 2.90650000000000E+0003	 2.19470306629561E-0001	
 2.90850000000000E+0003	 2.22507543525046E-0001	
 2.91050000000000E+0003	 2.26312780420532E-0001	
 2.91250000000000E+0003	 2.31092017316017E-0001	
 2.91450000000000E+0003	 2.36609254211503E-0001	
 2.91650000000000E+0003	 2.42011491106988E-0001	
 2.91850000000000E+0003	 2.46414228002474E-0001	
 2.92050000000000E+0003	 2.49537464897959E-0001	
 2.92250000000000E+0003	 2.51574201793445E-0001	
 2.92450000000000E+0003	 2.52706938688930E-0001	
 2.92650000000000E+0003	 2.53002175584416E-0001	
 2.92850000000000E+0003	 2.52543912479901E-0001	
 2.93050000000000E+0003	 2.51381649375387E-0001	
 2.93250000000000E+0003	 2.49597886270872E-0001	
 2.93450000000000E+0003	 2.47367623166357E-0001	
 2.93650000000000E+0003	 2.44827860061843E-0001	
 2.93850000000000E+0003	 2.42102096957328E-0001	
 2.94050000000000E+0003	 2.39385333852814E-0001	
 2.94250000000000E+0003	 2.36899070748299E-0001	
 2.94450000000000E+0003	 2.34837807643785E-0001	
 2.94650000000000E+0003	 2.33357544539270E-0001	
 2.94850000000000E+0003	 2.32594781434756E-0001	
 2.95050000000000E+0003	 2.32612518330241E-0001	
 2.95250000000000E+0003	 2.33304255225727E-0001	
 2.95450000000000E+0003	 2.34287992121212E-0001	
 2.95650000000000E+0003	 2.35188729016698E-0001	
 2.95850000000000E+0003	 2.35723965912183E-0001	
 2.96050000000000E+0003	 2.35713202807669E-0001	
 2.96250000000000E+0003	 2.35080439703154E-0001	
 2.96450000000000E+0003	 2.33837676598639E-0001	
 2.96650000000000E+0003	 2.32070913494125E-0001	
 2.96850000000000E+0003	 2.29931650389610E-0001	
 2.97050000000000E+0003	 2.27644887285096E-0001	
 2.97250000000000E+0003	 2.25438624180581E-0001	
 2.97450000000000E+0003	 2.23335861076067E-0001	
 2.97650000000000E+0003	 2.21297597971552E-0001	
 2.97850000000000E+0003	 2.19355834867038E-0001	
 2.98050000000000E+0003	 2.17536571762523E-0001	
 2.98250000000000E+0003	 2.15812308658009E-0001	
 2.98450000000000E+0003	 2.14201545553494E-0001	
 2.98650000000000E+0003	 2.12746782448980E-0001	
 2.98850000000000E+0003	 2.11465519344465E-0001	
 2.99050000000000E+0003	 2.10371756239951E-0001	
 2.99250000000000E+0003	 2.09470993135436E-0001	
 2.99450000000000E+0003	 2.08726230030921E-0001	
 2.99650000000000E+0003	 2.08181966926407E-0001	
 2.99850000000000E+0003	 2.07849703821892E-0001	
 3.00050000000000E+0003	 2.07659940717378E-0001	
 3.00250000000000E+0003	 2.07584177612863E-0001	
 3.00450000000000E+0003	 2.07564914508349E-0001	
 3.00650000000000E+0003	 2.07536651403834E-0001	
 3.00850000000000E+0003	 2.07500388299320E-0001	
 3.01050000000000E+0003	 2.07497625194805E-0001	
 3.01250000000000E+0003	 2.07535862090291E-0001	
 3.01450000000000E+0003	 2.07597098985776E-0001	
 3.01650000000000E+0003	 2.07703835881262E-0001	
 3.01850000000000E+0003	 2.07916572776747E-0001	
 3.02050000000000E+0003	 2.08257309672233E-0001	
 3.02250000000000E+0003	 2.08695546567718E-0001	
 3.02450000000000E+0003	 2.09233283463203E-0001	
 3.02650000000000E+0003	 2.09821520358689E-0001	
 3.02850000000000E+0003	 2.10416757254174E-0001	
 3.03050000000000E+0003	 2.11025494149660E-0001	
 3.03250000000000E+0003	 2.11644231045145E-0001	
 3.03450000000000E+0003	 2.12281967940631E-0001	
 3.03650000000000E+0003	 2.12917204836116E-0001	
 3.03850000000000E+0003	 2.13557441731602E-0001	
 3.04050000000000E+0003	 2.14252678627087E-0001	
 3.04250000000000E+0003	 2.14991915522573E-0001	
 3.04450000000000E+0003	 2.15723652418058E-0001	
 3.04650000000000E+0003	 2.16443889313544E-0001	
 3.04850000000000E+0003	 2.17169626209029E-0001	
 3.05050000000000E+0003	 2.17923363104515E-0001	
 3.05250000000000E+0003	 2.18669600000000E-0001	
 3.05450000000000E+0003	 2.19387336895485E-0001	
 3.05650000000000E+0003	 2.20090073790971E-0001	
 3.05850000000000E+0003	 2.20748810686456E-0001	
 3.06050000000000E+0003	 2.21348547581942E-0001	
 3.06250000000000E+0003	 2.21895784477427E-0001	
 3.06450000000000E+0003	 2.22391021372913E-0001	
 3.06650000000000E+0003	 2.22853258268398E-0001	
 3.06850000000000E+0003	 2.23282995163884E-0001	
 3.07050000000000E+0003	 2.23646732059369E-0001	
 3.07250000000000E+0003	 2.23954468954855E-0001	
 3.07450000000000E+0003	 2.24207705850340E-0001	
 3.07650000000000E+0003	 2.24428942745826E-0001	
 3.07850000000000E+0003	 2.24658679641311E-0001	
 3.08050000000000E+0003	 2.24874916536797E-0001	
 3.08250000000000E+0003	 2.25052653432282E-0001	
 3.08450000000000E+0003	 2.25228890327767E-0001	
 3.08650000000000E+0003	 2.25384627223253E-0001	
 3.08850000000000E+0003	 2.25515864118738E-0001	
 3.09050000000000E+0003	 2.25647101014224E-0001	
 3.09250000000000E+0003	 2.25752337909709E-0001	
 3.09450000000000E+0003	 2.25832074805195E-0001	
 3.09650000000000E+0003	 2.25924311700680E-0001	
 3.09850000000000E+0003	 2.26042048596166E-0001	
 3.10050000000000E+0003	 2.26198285491651E-0001	
 3.10250000000000E+0003	 2.26368522387137E-0001	
 3.10450000000000E+0003	 2.26551259282622E-0001	
 3.10650000000000E+0003	 2.26767496178108E-0001	
 3.10850000000000E+0003	 2.27043733073593E-0001	
 3.11050000000000E+0003	 2.27335969969079E-0001	
 3.11250000000000E+0003	 2.27628206864564E-0001	
 3.11450000000000E+0003	 2.27986443760049E-0001	
 3.11650000000000E+0003	 2.28423180655535E-0001	
 3.11850000000000E+0003	 2.28880417551020E-0001	
 3.12050000000000E+0003	 2.29358154446506E-0001	
 3.12250000000000E+0003	 2.29844891341991E-0001	
 3.12450000000000E+0003	 2.30359628237477E-0001	
 3.12650000000000E+0003	 2.30934365132962E-0001	
 3.12850000000000E+0003	 2.31564602028448E-0001	
 3.13050000000000E+0003	 2.32227338923933E-0001	
 3.13250000000000E+0003	 2.32909075819419E-0001	
 3.13450000000000E+0003	 2.33620812714904E-0001	
 3.13650000000000E+0003	 2.34379049610390E-0001	
 3.13850000000000E+0003	 2.35189786505875E-0001	
 3.14050000000000E+0003	 2.36011023401361E-0001	
 3.14250000000000E+0003	 2.36814760296846E-0001	
 3.14450000000000E+0003	 2.37655497192331E-0001	
 3.14650000000000E+0003	 2.38542734087817E-0001	
 3.14850000000000E+0003	 2.39463470983302E-0001	
 3.15050000000000E+0003	 2.40438207878788E-0001	
 3.15250000000000E+0003	 2.41458444774273E-0001	
 3.15450000000000E+0003	 2.42436181669759E-0001	
 3.15650000000000E+0003	 2.43403418565244E-0001	
 3.15850000000000E+0003	 2.44417655460730E-0001	
 3.16050000000000E+0003	 2.45470392356215E-0001	
 3.16250000000000E+0003	 2.46548129251701E-0001	
 3.16450000000000E+0003	 2.47646366147186E-0001	
 3.16650000000000E+0003	 2.48761103042672E-0001	
 3.16850000000000E+0003	 2.49889339938157E-0001	
 3.17050000000000E+0003	 2.51028076833643E-0001	
 3.17250000000000E+0003	 2.52177813729128E-0001	
 3.17450000000000E+0003	 2.53330550624613E-0001	
 3.17650000000000E+0003	 2.54485287520099E-0001	
 3.17850000000000E+0003	 2.55649524415584E-0001	
 3.18050000000000E+0003	 2.56818261311070E-0001	
 3.18250000000000E+0003	 2.57977498206555E-0001	
 3.18450000000000E+0003	 2.59133235102041E-0001	
 3.18650000000000E+0003	 2.60285971997526E-0001	
 3.18850000000000E+0003	 2.61429208893012E-0001	
 3.19050000000000E+0003	 2.62556945788497E-0001	
 3.19250000000000E+0003	 2.63674682683983E-0001	
 3.19450000000000E+0003	 2.64780419579468E-0001	
 3.19650000000000E+0003	 2.65874156474954E-0001	
 3.19850000000000E+0003	 2.66962893370439E-0001	
 3.20050000000000E+0003	 2.68043630265925E-0001	
 3.20250000000000E+0003	 2.69097367161410E-0001	
 3.20450000000000E+0003	 2.70125604056895E-0001	
 3.20650000000000E+0003	 2.71133840952381E-0001	
 3.20850000000000E+0003	 2.72122077847866E-0001	
 3.21050000000000E+0003	 2.73096814743352E-0001	
 3.21250000000000E+0003	 2.74077051638837E-0001	
 3.21450000000000E+0003	 2.75071288534323E-0001	
 3.21650000000000E+0003	 2.76067525429808E-0001	
 3.21850000000000E+0003	 2.77072262325294E-0001	
 3.22050000000000E+0003	 2.78094499220779E-0001	
 3.22250000000000E+0003	 2.79129236116265E-0001	
 3.22450000000000E+0003	 2.80183473011750E-0001	
 3.22650000000000E+0003	 2.81259709907236E-0001	
 3.22850000000000E+0003	 2.82371946802721E-0001	
 3.23050000000000E+0003	 2.83532183698207E-0001	
 3.23250000000000E+0003	 2.84766420593692E-0001	
 3.23450000000000E+0003	 2.86015157489177E-0001	
 3.23650000000000E+0003	 2.87240894384663E-0001	
 3.23850000000000E+0003	 2.88515131280148E-0001	
 3.24050000000000E+0003	 2.89860868175634E-0001	
 3.24250000000000E+0003	 2.91253605071119E-0001	
 3.24450000000000E+0003	 2.92703841966605E-0001	
 3.24650000000000E+0003	 2.94219578862090E-0001	
 3.24850000000000E+0003	 2.95757315757576E-0001	
 3.25050000000000E+0003	 2.97297052653061E-0001	
 3.25250000000000E+0003	 2.98882289548547E-0001	
 3.25450000000000E+0003	 3.00524526444032E-0001	
 3.25650000000000E+0003	 3.02200263339518E-0001	
 3.25850000000000E+0003	 3.03874500235003E-0001	
 3.26050000000000E+0003	 3.05563237130489E-0001	
 3.26250000000000E+0003	 3.07262474025974E-0001	
 3.26450000000000E+0003	 3.08956710921459E-0001	
 3.26650000000000E+0003	 3.10626447816945E-0001	
 3.26850000000000E+0003	 3.12276184712430E-0001	
 3.27050000000000E+0003	 3.13920921607916E-0001	
 3.27250000000000E+0003	 3.15502158503401E-0001	
 3.27450000000000E+0003	 3.16996395398887E-0001	
 3.27650000000000E+0003	 3.18452632294372E-0001	
 3.27850000000000E+0003	 3.19847869189858E-0001	
 3.28050000000000E+0003	 3.21186606085343E-0001	
 3.28250000000000E+0003	 3.22469842980829E-0001	
 3.28450000000000E+0003	 3.23687079876314E-0001	
 3.28650000000000E+0003	 3.24831816771800E-0001	
 3.28850000000000E+0003	 3.25912053667285E-0001	
 3.29050000000000E+0003	 3.26948790562771E-0001	
 3.29250000000000E+0003	 3.27945027458256E-0001	
 3.29450000000000E+0003	 3.28854764353741E-0001	
 3.29650000000000E+0003	 3.29700001249227E-0001	
 3.29850000000000E+0003	 3.30485738144712E-0001	
 3.30050000000000E+0003	 3.31208975040198E-0001	
 3.30250000000000E+0003	 3.31897711935683E-0001	
 3.30450000000000E+0003	 3.32595448831169E-0001	
 3.30650000000000E+0003	 3.33260185726654E-0001	
 3.30850000000000E+0003	 3.33847922622140E-0001	
 3.31050000000000E+0003	 3.34380659517625E-0001	
 3.31250000000000E+0003	 3.34895896413111E-0001	
 3.31450000000000E+0003	 3.35414633308596E-0001	
 3.31650000000000E+0003	 3.35930370204082E-0001	
 3.31850000000000E+0003	 3.36442107099567E-0001	
 3.32050000000000E+0003	 3.36962343995053E-0001	
 3.32250000000000E+0003	 3.37489580890538E-0001	
 3.32450000000000E+0003	 3.38044317786024E-0001	
 3.32650000000000E+0003	 3.38615554681509E-0001	
 3.32850000000000E+0003	 3.39175791576994E-0001	
 3.33050000000000E+0003	 3.39753528472480E-0001	
 3.33250000000000E+0003	 3.40373265367965E-0001	
 3.33450000000000E+0003	 3.41028502263451E-0001	
 3.33650000000000E+0003	 3.41737739158936E-0001	
 3.33850000000000E+0003	 3.42488976054422E-0001	
 3.34050000000000E+0003	 3.43235212949907E-0001	
 3.34250000000000E+0003	 3.44002449845393E-0001	
 3.34450000000000E+0003	 3.44816686740878E-0001	
 3.34650000000000E+0003	 3.45665423636364E-0001	
 3.34850000000000E+0003	 3.46585160531849E-0001	
 3.35050000000000E+0003	 3.47571897427335E-0001	
 3.35250000000000E+0003	 3.48547134322820E-0001	
 3.35450000000000E+0003	 3.49522871218306E-0001	
 3.35650000000000E+0003	 3.50566108113791E-0001	
 3.35850000000000E+0003	 3.51669345009276E-0001	
 3.36050000000000E+0003	 3.52813081904762E-0001	
 3.36250000000000E+0003	 3.53963318800247E-0001	
 3.36450000000000E+0003	 3.55146555695733E-0001	
 3.36650000000000E+0003	 3.56397792591218E-0001	
 3.36850000000000E+0003	 3.57660529486704E-0001	
 3.37050000000000E+0003	 3.58821766382189E-0001	
 3.37250000000000E+0003	 3.59881003277675E-0001	
 3.37450000000000E+0003	 3.60932740173160E-0001	
 3.37650000000000E+0003	 3.61990977068646E-0001	
 3.37850000000000E+0003	 3.63004213964131E-0001	
 3.38050000000000E+0003	 3.63953450859617E-0001	
 3.38250000000000E+0003	 3.64836187755102E-0001	
 3.38450000000000E+0003	 3.65675924650588E-0001	
 3.38650000000000E+0003	 3.66480661546073E-0001	
 3.38850000000000E+0003	 3.67277898441558E-0001	
 3.39050000000000E+0003	 3.68097635337044E-0001	
 3.39250000000000E+0003	 3.68831372232529E-0001	
 3.39450000000000E+0003	 3.69410609128015E-0001	
 3.39650000000000E+0003	 3.69995846023500E-0001	
 3.39850000000000E+0003	 3.70697082918986E-0001	
 3.40050000000000E+0003	 3.71403819814471E-0001	
 3.40250000000000E+0003	 3.71911056709957E-0001	
 3.40450000000000E+0003	 3.72307793605442E-0001	
 3.40650000000000E+0003	 3.72780530500928E-0001	
 3.40850000000000E+0003	 3.73305267396413E-0001	
 3.41050000000000E+0003	 3.73777004291899E-0001	
 3.41250000000000E+0003	 3.74181741187384E-0001	
 3.41450000000000E+0003	 3.74487978082870E-0001	
 3.41650000000000E+0003	 3.74702214978355E-0001	
 3.41850000000000E+0003	 3.74871951873840E-0001	
 3.42050000000000E+0003	 3.75002688769326E-0001	
 3.42250000000000E+0003	 3.75055925664811E-0001	
 3.42450000000000E+0003	 3.75038662560297E-0001	
 3.42650000000000E+0003	 3.74972899455782E-0001	
 3.42850000000000E+0003	 3.74870636351268E-0001	
 3.43050000000000E+0003	 3.74678373246753E-0001	
 3.43250000000000E+0003	 3.74403110142239E-0001	
 3.43450000000000E+0003	 3.74094347037724E-0001	
 3.43650000000000E+0003	 3.73670083933210E-0001	
 3.43850000000000E+0003	 3.73058320828695E-0001	
 3.44050000000000E+0003	 3.72352557724181E-0001	
 3.44250000000000E+0003	 3.71629294619666E-0001	
 3.44450000000000E+0003	 3.70882031515152E-0001	
 3.44650000000000E+0003	 3.70096268410637E-0001	
 3.44850000000000E+0003	 3.69239505306122E-0001	
 3.45050000000000E+0003	 3.68300742201608E-0001	
 3.45250000000000E+0003	 3.67321479097093E-0001	
 3.45450000000000E+0003	 3.66296215992579E-0001	
 3.45650000000000E+0003	 3.65236452888064E-0001	
 3.45850000000000E+0003	 3.64165189783550E-0001	
 3.46050000000000E+0003	 3.63038926679035E-0001	
 3.46250000000000E+0003	 3.61832663574521E-0001	
 3.46450000000000E+0003	 3.60666400470006E-0001	
 3.46650000000000E+0003	 3.59580637365492E-0001	
 3.46850000000000E+0003	 3.58392374260977E-0001	
 3.47050000000000E+0003	 3.56961111156463E-0001	
 3.47250000000000E+0003	 3.55451348051948E-0001	
 3.47450000000000E+0003	 3.54040584947434E-0001	
 3.47650000000000E+0003	 3.52710821842919E-0001	
 3.47850000000000E+0003	 3.51413558738404E-0001	
 3.48050000000000E+0003	 3.50035295633890E-0001	
 3.48250000000000E+0003	 3.48550532529375E-0001	
 3.48450000000000E+0003	 3.47106269424861E-0001	
 3.48650000000000E+0003	 3.45699506320346E-0001	
 3.48850000000000E+0003	 3.44236743215832E-0001	
 3.49050000000000E+0003	 3.42748480111317E-0001	
 3.49250000000000E+0003	 3.41285217006803E-0001	
 3.49450000000000E+0003	 3.39828453902288E-0001	
 3.49650000000000E+0003	 3.38351190797774E-0001	
 3.49850000000000E+0003	 3.36825427693259E-0001	
 3.50050000000000E+0003	 3.35306664588745E-0001	
 3.50250000000000E+0003	 3.33787401484230E-0001	
 3.50450000000000E+0003	 3.32141138379716E-0001	
 3.50650000000000E+0003	 3.30444375275201E-0001	
 3.50850000000000E+0003	 3.28808612170686E-0001	
 3.51050000000000E+0003	 3.27219849066172E-0001	
 3.51250000000000E+0003	 3.25671085961657E-0001	
 3.51450000000000E+0003	 3.24054822857143E-0001	
 3.51650000000000E+0003	 3.22328559752628E-0001	
 3.51850000000000E+0003	 3.20598296648114E-0001	
 3.52050000000000E+0003	 3.18931033543599E-0001	
 3.52250000000000E+0003	 3.17315270439085E-0001	
 3.52450000000000E+0003	 3.15596507334570E-0001	
 3.52650000000000E+0003	 3.13765744230056E-0001	
 3.52850000000000E+0003	 3.11987981125541E-0001	
 3.53050000000000E+0003	 3.10253718021027E-0001	
 3.53250000000000E+0003	 3.08527454916512E-0001	
 3.53450000000000E+0003	 3.06839691811998E-0001	
 3.53650000000000E+0003	 3.05113428707483E-0001	
 3.53850000000000E+0003	 3.03262665602968E-0001	
 3.54050000000000E+0003	 3.01433402498454E-0001	
 3.54250000000000E+0003	 2.99691139393939E-0001	
 3.54450000000000E+0003	 2.97908876289425E-0001	
 3.54650000000000E+0003	 2.95945613184910E-0001	
 3.54850000000000E+0003	 2.93915350080396E-0001	
 3.55050000000000E+0003	 2.91990586975881E-0001	
 3.55250000000000E+0003	 2.90073823871367E-0001	
 3.55450000000000E+0003	 2.88104560766852E-0001	
 3.55650000000000E+0003	 2.86151797662338E-0001	
 3.55850000000000E+0003	 2.84198534557823E-0001	
 3.56050000000000E+0003	 2.82197271453309E-0001	
 3.56250000000000E+0003	 2.80106508348794E-0001	
 3.56450000000000E+0003	 2.77954245244280E-0001	
 3.56650000000000E+0003	 2.75799982139765E-0001	
 3.56850000000000E+0003	 2.73708219035250E-0001	
 3.57050000000000E+0003	 2.71644455930736E-0001	
 3.57250000000000E+0003	 2.69496692826221E-0001	
 3.57450000000000E+0003	 2.67259429721707E-0001	
 3.57650000000000E+0003	 2.65004666617192E-0001	
 3.57850000000000E+0003	 2.62747403512678E-0001	
 3.58050000000000E+0003	 2.60484140408163E-0001	
 3.58250000000000E+0003	 2.58202877303649E-0001	
 3.58450000000000E+0003	 2.55897614199134E-0001	
 3.58650000000000E+0003	 2.53467851094620E-0001	
 3.58850000000000E+0003	 2.50893587990105E-0001	
 3.59050000000000E+0003	 2.48428324885591E-0001	
 3.59250000000000E+0003	 2.46096061781076E-0001	
 3.59450000000000E+0003	 2.43691798676562E-0001	
 3.59650000000000E+0003	 2.41278535572047E-0001	
 3.59850000000000E+0003	 2.38947272467532E-0001	
 3.60050000000000E+0003	 2.36592509363018E-0001	
 3.60250000000000E+0003	 2.34188746258503E-0001	
 3.60450000000000E+0003	 2.31787983153989E-0001	
 3.60650000000000E+0003	 2.29367220049474E-0001	
 3.60850000000000E+0003	 2.26907456944960E-0001	
 3.61050000000000E+0003	 2.24516193840445E-0001	
 3.61250000000000E+0003	 2.22242930735931E-0001	
 3.61450000000000E+0003	 2.19976167631416E-0001	
 3.61650000000000E+0003	 2.17756404526902E-0001	
 3.61850000000000E+0003	 2.15642641422387E-0001	
 3.62050000000000E+0003	 2.13488878317873E-0001	
 3.62250000000000E+0003	 2.11250615213358E-0001	
 3.62450000000000E+0003	 2.09050352108844E-0001	
 3.62650000000000E+0003	 2.06942589004329E-0001	
 3.62850000000000E+0003	 2.04868325899814E-0001	
 3.63050000000000E+0003	 2.02802562795300E-0001	
 3.63250000000000E+0003	 2.00917299690785E-0001	
 3.63450000000000E+0003	 1.99145536586271E-0001	
 3.63650000000000E+0003	 1.97321273481756E-0001	
 3.63850000000000E+0003	 1.95542510377242E-0001	
 3.64050000000000E+0003	 1.93780747272727E-0001	
 3.64250000000000E+0003	 1.92021484168213E-0001	
 3.64450000000000E+0003	 1.90271721063698E-0001	
 3.64650000000000E+0003	 1.88583957959184E-0001	
 3.64850000000000E+0003	 1.87017694854669E-0001	
 3.65050000000000E+0003	 1.85582431750155E-0001	
 3.65250000000000E+0003	 1.84130168645640E-0001	
 3.65450000000000E+0003	 1.82735905541126E-0001	
 3.65650000000000E+0003	 1.81427142436611E-0001	
 3.65850000000000E+0003	 1.80154879332096E-0001	
 3.66050000000000E+0003	 1.78938616227582E-0001	
 3.66250000000000E+0003	 1.77666853123067E-0001	
 3.66450000000000E+0003	 1.76394090018553E-0001	
 3.66650000000000E+0003	 1.75223826914038E-0001	
 3.66850000000000E+0003	 1.74134063809524E-0001	
 3.67050000000000E+0003	 1.73093300705009E-0001	
 3.67250000000000E+0003	 1.72107537600495E-0001	
 3.67450000000000E+0003	 1.71271774495980E-0001	
 3.67650000000000E+0003	 1.70485011391466E-0001	
 3.67850000000000E+0003	 1.69682248286951E-0001	
 3.68050000000000E+0003	 1.68934985182437E-0001	
 3.68250000000000E+0003	 1.68089222077922E-0001	
 3.68450000000000E+0003	 1.67258958973408E-0001	
 3.68650000000000E+0003	 1.66489695868893E-0001	
 3.68850000000000E+0003	 1.65780932764378E-0001	
 3.69050000000000E+0003	 1.64999169659864E-0001	
 3.69250000000000E+0003	 1.64180906555349E-0001	
 3.69450000000000E+0003	 1.63458643450835E-0001	
 3.69650000000000E+0003	 1.62811380346320E-0001	
 3.69850000000000E+0003	 1.62187117241806E-0001	
 3.70050000000000E+0003	 1.61628854137291E-0001	
 3.70250000000000E+0003	 1.61129091032777E-0001	
 3.70450000000000E+0003	 1.60617827928262E-0001	
 3.70650000000000E+0003	 1.60101564823748E-0001	
 3.70850000000000E+0003	 1.59604801719233E-0001	
 3.71050000000000E+0003	 1.59186538614719E-0001	
 3.71250000000000E+0003	 1.58889275510204E-0001	
 3.71450000000000E+0003	 1.58628012405690E-0001	
 3.71650000000000E+0003	 1.58346249301175E-0001	
 3.71850000000000E+0003	 1.58015986196660E-0001	
 3.72050000000000E+0003	 1.57656223092146E-0001	
 3.72250000000000E+0003	 1.57332959987631E-0001	
 3.72450000000000E+0003	 1.57024696883117E-0001	
 3.72650000000000E+0003	 1.56716933778602E-0001	
 3.72850000000000E+0003	 1.56426170674088E-0001	
 3.73050000000000E+0003	 1.56157907569573E-0001	
 3.73250000000000E+0003	 1.55943644465059E-0001	
 3.73450000000000E+0003	 1.55724381360544E-0001	
 3.73650000000000E+0003	 1.55538618256030E-0001	
 3.73850000000000E+0003	 1.55314355151515E-0001	
 3.74050000000000E+0003	 1.55127092047001E-0001	
 3.74250000000000E+0003	 1.54877328942486E-0001	
 3.74450000000000E+0003	 1.54610565837972E-0001	
 3.74650000000000E+0003	 1.54370802733457E-0001	
 3.74850000000000E+0003	 1.54198539628942E-0001	
 3.75050000000000E+0003	 1.54065776524428E-0001	
 3.75250000000000E+0003	 1.53998513419913E-0001	
 3.75450000000000E+0003	 1.53938750315399E-0001	
 3.75650000000000E+0003	 1.53851987210884E-0001	
 3.75850000000000E+0003	 1.53732724106370E-0001	
 3.76050000000000E+0003	 1.53619461001855E-0001	
 3.76250000000000E+0003	 1.53490197897341E-0001	
 3.76450000000000E+0003	 1.53345434792826E-0001	
 3.76650000000000E+0003	 1.53207171688312E-0001	
 3.76850000000000E+0003	 1.53074408583797E-0001	
 3.77050000000000E+0003	 1.52997645479283E-0001	
 3.77250000000000E+0003	 1.52894882374768E-0001	
 3.77450000000000E+0003	 1.52790619270254E-0001	
 3.77650000000000E+0003	 1.52670856165739E-0001	
 3.77850000000000E+0003	 1.52578593061224E-0001	
 3.78050000000000E+0003	 1.52502829956710E-0001	
 3.78250000000000E+0003	 1.52370566852195E-0001	
 3.78450000000000E+0003	 1.52266303747681E-0001	
 3.78650000000000E+0003	 1.52180540643166E-0001	
 3.78850000000000E+0003	 1.52112777538652E-0001	
 3.79050000000000E+0003	 1.52030514434137E-0001	
 3.79250000000000E+0003	 1.51914751329623E-0001	
 3.79450000000000E+0003	 1.51761988225108E-0001	
 3.79650000000000E+0003	 1.51635225120594E-0001	
 3.79850000000000E+0003	 1.51550962016079E-0001	
 3.80050000000000E+0003	 1.51451198911565E-0001	
 3.80250000000000E+0003	 1.51380935807050E-0001	
 3.80450000000000E+0003	 1.51306172702536E-0001	
 3.80650000000000E+0003	 1.51309409598021E-0001	
 3.80850000000000E+0003	 1.51279646493506E-0001	
 3.81050000000000E+0003	 1.51216383388992E-0001	
 3.81250000000000E+0003	 1.51172620284477E-0001	
 3.81450000000000E+0003	 1.51049357179963E-0001	
 3.81650000000000E+0003	 1.50947594075448E-0001	
 3.81850000000000E+0003	 1.50878830970934E-0001	
 3.82050000000000E+0003	 1.50901067866419E-0001	
 3.82250000000000E+0003	 1.50891804761905E-0001	
 3.82450000000000E+0003	 1.50811541657390E-0001	
 3.82650000000000E+0003	 1.50804778552876E-0001	
 3.82850000000000E+0003	 1.50751015448361E-0001	
 3.83050000000000E+0003	 1.50698752343847E-0001	
 3.83250000000000E+0003	 1.50670989239332E-0001	
 3.83450000000000E+0003	 1.50680226134818E-0001	
 3.83650000000000E+0003	 1.50666463030303E-0001	
 3.83850000000000E+0003	 1.50555199925788E-0001	
 3.84050000000000E+0003	 1.50480436821274E-0001	
 3.84250000000000E+0003	 1.50502173716759E-0001	
 3.84450000000000E+0003	 1.50533910612245E-0001	
 3.84650000000000E+0003	 1.50491647507730E-0001	
 3.84850000000000E+0003	 1.50405384403216E-0001	
 3.85050000000000E+0003	 1.50347121298701E-0001	
 3.85250000000000E+0003	 1.50321858194187E-0001	
 3.85450000000000E+0003	 1.50359095089672E-0001	
 3.85650000000000E+0003	 1.50325331985158E-0001	
 3.85850000000000E+0003	 1.50347568880643E-0001	
 3.86050000000000E+0003	 1.50327305776129E-0001	
 3.86250000000000E+0003	 1.50311542671614E-0001	
 3.86450000000000E+0003	 1.50298779567100E-0001	
 3.86650000000000E+0003	 1.50300516462585E-0001	
 3.86850000000000E+0003	 1.50275753358071E-0001	
 3.87050000000000E+0003	 1.50281990253556E-0001	
 3.87250000000000E+0003	 1.50267727149041E-0001	
 3.87450000000000E+0003	 1.50333464044527E-0001	
 3.87650000000000E+0003	 1.50337200940012E-0001	
 3.87850000000000E+0003	 1.50325437835498E-0001	
 3.88050000000000E+0003	 1.50325174730983E-0001	
 3.88250000000000E+0003	 1.50342911626469E-0001	
 3.88450000000000E+0003	 1.50371648521954E-0001	
 3.88650000000000E+0003	 1.50363885417440E-0001	
 3.88850000000000E+0003	 1.50347122312925E-0001	
 3.89050000000000E+0003	 1.50438859208411E-0001	
 3.89250000000000E+0003	 1.50464096103896E-0001	
 3.89450000000000E+0003	 1.50432832999382E-0001	
 3.89650000000000E+0003	 1.50441569894867E-0001	
 3.89850000000000E+0003	 1.50429306790353E-0001	
 3.90050000000000E+0003	 1.50375043685838E-0001	
 3.90250000000000E+0003	 1.50357280581323E-0001	
 3.90450000000000E+0003	 1.50466017476809E-0001	
 3.90650000000000E+0003	 1.50560254372294E-0001	
 3.90850000000000E+0003	 1.50620491267780E-0001	
 3.91050000000000E+0003	 1.50658728163265E-0001	
 3.91250000000000E+0003	 1.50676465058751E-0001	
 3.91450000000000E+0003	 1.50682201954236E-0001	
 3.91650000000000E+0003	 1.50676438849722E-0001	
 3.91850000000000E+0003	 1.50664175745207E-0001	
 3.92050000000000E+0003	 1.50702912640693E-0001	
 3.92250000000000E+0003	 1.50758649536178E-0001	
 3.92450000000000E+0003	 1.50806386431664E-0001	
 3.92650000000000E+0003	 1.50831123327149E-0001	
 3.92850000000000E+0003	 1.50852860222635E-0001	
 3.93050000000000E+0003	 1.50875597118120E-0001	
 3.93250000000000E+0003	 1.50873834013605E-0001	
 3.93450000000000E+0003	 1.50904570909091E-0001	
 3.93650000000000E+0003	 1.50952307804576E-0001	
 3.93850000000000E+0003	 1.50987044700062E-0001	
 3.94050000000000E+0003	 1.50997781595547E-0001	
 3.94250000000000E+0003	 1.51009518491033E-0001	
 3.94450000000000E+0003	 1.51012255386518E-0001	
 3.94650000000000E+0003	 1.51021492282004E-0001	
 3.94850000000000E+0003	 1.51042729177489E-0001	
 3.95050000000000E+0003	 1.51078966072975E-0001	
 3.95250000000000E+0003	 1.51123702968460E-0001	
 3.95450000000000E+0003	 1.51157439863946E-0001	
 3.95650000000000E+0003	 1.51178676759431E-0001	
 3.95850000000000E+0003	 1.51200413654917E-0001	
 3.96050000000000E+0003	 1.51215650550402E-0001	
 3.96250000000000E+0003	 1.51232387445887E-0001	
 3.96450000000000E+0003	 1.51258624341373E-0001	
 3.96650000000000E+0003	 1.51291861236858E-0001	
 3.96850000000000E+0003	 1.51317098132344E-0001	
 3.97050000000000E+0003	 1.51344335027829E-0001	
 3.97250000000000E+0003	 1.51376571923315E-0001	
 3.97450000000000E+0003	 1.51408808818800E-0001	
 3.97650000000000E+0003	 1.51436545714286E-0001	
 3.97850000000000E+0003	 1.51467782609771E-0001	
 3.98050000000000E+0003	 1.51498519505257E-0001	
 3.98250000000000E+0003	 1.51537756400742E-0001	
 3.98450000000000E+0003	 1.51572993296228E-0001	
 3.98650000000000E+0003	 1.51595730191713E-0001	
 3.98850000000000E+0003	 1.51608967087199E-0001	
 3.99050000000000E+0003	 1.51627203982684E-0001	
 3.99250000000000E+0003	 1.51647940878169E-0001	
 3.99450000000000E+0003	 1.51676677773655E-0001	
 3.99650000000000E+0003	 1.51703414669140E-0001	
 3.99850000000000E+0003	 1.51696651564626E-0001	

>1	DATALINE
