*CPCWIN*

>1	DATALINE
DATALINE
1
Operator:

Description:

Remarks:





15.9.2008
11:12


_x	_y
	
	
UNIT	UNIT
 4.50500000000000E+0002	 2.61201638597997E-0001	
 4.52500000000000E+0002	 2.62615751923054E-0001	
 4.54500000000000E+0002	 2.64978365248110E-0001	
 4.56500000000000E+0002	 2.66585978573167E-0001	
 4.58500000000000E+0002	 2.68511591898224E-0001	
 4.60500000000000E+0002	 2.70938705223281E-0001	
 4.62500000000000E+0002	 2.73395318548338E-0001	
 4.64500000000000E+0002	 2.75959431873395E-0001	
 4.66500000000000E+0002	 2.77116045198452E-0001	
 4.68500000000000E+0002	 2.78504158523509E-0001	
 4.70500000000000E+0002	 2.80640271848566E-0001	
 4.72500000000000E+0002	 2.82737385173623E-0001	
 4.74500000000000E+0002	 2.84955498498679E-0001	
 4.76500000000000E+0002	 2.86891611823736E-0001	
 4.78500000000000E+0002	 2.89045225148793E-0001	
 4.80500000000000E+0002	 2.90871338473850E-0001	
 4.82500000000000E+0002	 2.92435451798907E-0001	
 4.84500000000000E+0002	 2.93759565123964E-0001	
 4.86500000000000E+0002	 2.95276678449021E-0001	
 4.88500000000000E+0002	 2.97129291774078E-0001	
 4.90500000000000E+0002	 2.99098905099135E-0001	
 4.92500000000000E+0002	 3.00678518424192E-0001	
 4.94500000000000E+0002	 3.02294631749248E-0001	
 4.96500000000000E+0002	 3.03982245074305E-0001	
 4.98500000000000E+0002	 3.05854858399362E-0001	
 5.00500000000000E+0002	 3.07743971724419E-0001	
 5.02500000000000E+0002	 3.09858585049476E-0001	
 5.04500000000000E+0002	 3.11674198374533E-0001	
 5.06500000000000E+0002	 3.14408311699590E-0001	
 5.08500000000000E+0002	 3.16939425024647E-0001	
 5.10500000000000E+0002	 3.19678038349704E-0001	
 5.12500000000000E+0002	 3.22558151674761E-0001	
 5.14500000000000E+0002	 3.24847264999817E-0001	
 5.16500000000000E+0002	 3.26704378324874E-0001	
 5.18500000000000E+0002	 3.29281991649931E-0001	
 5.20500000000000E+0002	 3.32428104974988E-0001	
 5.22500000000000E+0002	 3.35032218300045E-0001	
 5.24500000000000E+0002	 3.36437331625102E-0001	
 5.26500000000000E+0002	 3.38174944950159E-0001	
 5.28500000000000E+0002	 3.40456558275216E-0001	
 5.30500000000000E+0002	 3.42094671600273E-0001	
 5.32500000000000E+0002	 3.42926284925330E-0001	
 5.34500000000000E+0002	 3.43322398250386E-0001	
 5.36500000000000E+0002	 3.43370011575443E-0001	
 5.38500000000000E+0002	 3.43048124900500E-0001	
 5.40500000000000E+0002	 3.42288738225557E-0001	
 5.42500000000000E+0002	 3.41246351550614E-0001	
 5.44500000000000E+0002	 3.39798964875671E-0001	
 5.46500000000000E+0002	 3.38182578200728E-0001	
 5.48500000000000E+0002	 3.36610191525785E-0001	
 5.50500000000000E+0002	 3.35232304850842E-0001	
 5.52500000000000E+0002	 3.33895918175899E-0001	
 5.54500000000000E+0002	 3.32372031500955E-0001	
 5.56500000000000E+0002	 3.30753644826012E-0001	
 5.58500000000000E+0002	 3.29184758151069E-0001	
 5.60500000000000E+0002	 3.27670371476126E-0001	
 5.62500000000000E+0002	 3.26204484801183E-0001	
 5.64500000000000E+0002	 3.24680098126240E-0001	
 5.66500000000000E+0002	 3.23145211451297E-0001	
 5.68500000000000E+0002	 3.21714324776354E-0001	
 5.70500000000000E+0002	 3.20462938101411E-0001	
 5.72500000000000E+0002	 3.19322051426468E-0001	
 5.74500000000000E+0002	 3.17984164751524E-0001	
 5.76500000000000E+0002	 3.16820278076581E-0001	
 5.78500000000000E+0002	 3.15892891401638E-0001	
 5.80500000000000E+0002	 3.14687004726695E-0001	
 5.82500000000000E+0002	 3.13603118051752E-0001	
 5.84500000000000E+0002	 3.12584231376809E-0001	
 5.86500000000000E+0002	 3.11798844701866E-0001	
 5.88500000000000E+0002	 3.11060958026923E-0001	
 5.90500000000000E+0002	 3.10154071351980E-0001	
 5.92500000000000E+0002	 3.09665184677037E-0001	
 5.94500000000000E+0002	 3.09696798002093E-0001	
 5.96500000000000E+0002	 3.09609911327150E-0001	
 5.98500000000000E+0002	 3.09187024652207E-0001	
 6.00500000000000E+0002	 3.08787637977264E-0001	
 6.02500000000000E+0002	 3.08602251302321E-0001	
 6.04500000000000E+0002	 3.08260864627378E-0001	
 6.06500000000000E+0002	 3.07970477952435E-0001	
 6.08500000000000E+0002	 3.07718091277492E-0001	
 6.10500000000000E+0002	 3.07522204602549E-0001	
 6.12500000000000E+0002	 3.07370817927606E-0001	
 6.14500000000000E+0002	 3.07165431252662E-0001	
 6.16500000000000E+0002	 3.06903044577719E-0001	
 6.18500000000000E+0002	 3.06542157902776E-0001	
 6.20500000000000E+0002	 3.06064771227833E-0001	
 6.22500000000000E+0002	 3.05551884552890E-0001	
 6.24500000000000E+0002	 3.04822997877947E-0001	
 6.26500000000000E+0002	 3.04181611203004E-0001	
 6.28500000000000E+0002	 3.03560724528061E-0001	
 6.30500000000000E+0002	 3.02738837853118E-0001	
 6.32500000000000E+0002	 3.01726951178175E-0001	
 6.34500000000000E+0002	 3.00753064503231E-0001	
 6.36500000000000E+0002	 3.00146177828288E-0001	
 6.38500000000000E+0002	 2.99716791153345E-0001	
 6.40500000000000E+0002	 2.99286904478402E-0001	
 6.42500000000000E+0002	 2.98897517803459E-0001	
 6.44500000000000E+0002	 2.98373131128516E-0001	
 6.46500000000000E+0002	 2.97866244453573E-0001	
 6.48500000000000E+0002	 2.97327857778630E-0001	
 6.50500000000000E+0002	 2.96756471103687E-0001	
 6.52500000000000E+0002	 2.96272084428744E-0001	
 6.54500000000000E+0002	 2.95798697753800E-0001	
 6.56500000000000E+0002	 2.95224811078857E-0001	
 6.58500000000000E+0002	 2.94586924403914E-0001	
 6.60500000000000E+0002	 2.93977037728971E-0001	
 6.62500000000000E+0002	 2.93294151054028E-0001	
 6.64500000000000E+0002	 2.92578764379085E-0001	
 6.66500000000000E+0002	 2.92295377704142E-0001	
 6.68500000000000E+0002	 2.90910491029199E-0001	
 6.70500000000000E+0002	 2.88798604354256E-0001	
 6.72500000000000E+0002	 2.87675717679313E-0001	
 6.74500000000000E+0002	 2.86539331004369E-0001	
 6.76500000000000E+0002	 2.85309444329426E-0001	
 6.78500000000000E+0002	 2.84072057654483E-0001	
 6.80500000000000E+0002	 2.82896170979540E-0001	
 6.82500000000000E+0002	 2.81761284304597E-0001	
 6.84500000000000E+0002	 2.80666897629654E-0001	
 6.86500000000000E+0002	 2.79562510954711E-0001	
 6.88500000000000E+0002	 2.78545624279768E-0001	
 6.90500000000000E+0002	 2.77919237604825E-0001	
 6.92500000000000E+0002	 2.77657850929882E-0001	
 6.94500000000000E+0002	 2.77686964254938E-0001	
 6.96500000000000E+0002	 2.77970077579995E-0001	
 6.98500000000000E+0002	 2.78124690905052E-0001	
 7.00500000000000E+0002	 2.77569304230109E-0001	
 7.02500000000000E+0002	 2.75998917555166E-0001	
 7.04500000000000E+0002	 2.73806030880223E-0001	
 7.06500000000000E+0002	 2.71487644205280E-0001	
 7.08500000000000E+0002	 2.69299757530337E-0001	
 7.10500000000000E+0002	 2.67396870855394E-0001	
 7.12500000000000E+0002	 2.65802484180451E-0001	
 7.14500000000000E+0002	 2.64417097505507E-0001	
 7.16500000000000E+0002	 2.63228710830564E-0001	
 7.18500000000000E+0002	 2.62169324155621E-0001	
 7.20500000000000E+0002	 2.60836937480678E-0001	
 7.22500000000000E+0002	 2.59073550805735E-0001	
 7.24500000000000E+0002	 2.57061164130792E-0001	
 7.26500000000000E+0002	 2.54882277455849E-0001	
 7.28500000000000E+0002	 2.52696390780906E-0001	
 7.30500000000000E+0002	 2.50592004105963E-0001	
 7.32500000000000E+0002	 2.48695117431020E-0001	
 7.34500000000000E+0002	 2.47143730756076E-0001	
 7.36500000000000E+0002	 2.45971844081133E-0001	
 7.38500000000000E+0002	 2.45035457406190E-0001	
 7.40500000000000E+0002	 2.44167070731247E-0001	
 7.42500000000000E+0002	 2.43194184056304E-0001	
 7.44500000000000E+0002	 2.42115797381361E-0001	
 7.46500000000000E+0002	 2.40963910706418E-0001	
 7.48500000000000E+0002	 2.39716024031475E-0001	
 7.50500000000000E+0002	 2.38374637356532E-0001	
 7.52500000000000E+0002	 2.37047750681589E-0001	
 7.54500000000000E+0002	 2.35805864006645E-0001	
 7.56500000000000E+0002	 2.34674977331702E-0001	
 7.58500000000000E+0002	 2.33581590656759E-0001	
 7.60500000000000E+0002	 2.32697703981816E-0001	
 7.62500000000000E+0002	 2.32153817306873E-0001	
 7.64500000000000E+0002	 2.31948430631930E-0001	
 7.66500000000000E+0002	 2.31770543956987E-0001	
 7.68500000000000E+0002	 2.31450157282044E-0001	
 7.70500000000000E+0002	 2.31081770607101E-0001	
 7.72500000000000E+0002	 2.30908883932158E-0001	
 7.74500000000000E+0002	 2.31030997257214E-0001	
 7.76500000000000E+0002	 2.31676610582271E-0001	
 7.78500000000000E+0002	 2.32475223907328E-0001	
 7.80500000000000E+0002	 2.32267337232385E-0001	
 7.82500000000000E+0002	 2.30536950557442E-0001	
 7.84500000000000E+0002	 2.28223063882499E-0001	
 7.86500000000000E+0002	 2.26087677207556E-0001	
 7.88500000000000E+0002	 2.24271790532613E-0001	
 7.90500000000000E+0002	 2.22779903857670E-0001	
 7.92500000000000E+0002	 2.21870017182727E-0001	
 7.94500000000000E+0002	 2.21529130507783E-0001	
 7.96500000000000E+0002	 2.21301243832840E-0001	
 7.98500000000000E+0002	 2.20620857157897E-0001	
 8.00500000000000E+0002	 2.19569470482954E-0001	
 8.02500000000000E+0002	 2.18614583808011E-0001	
 8.04500000000000E+0002	 2.18194197133068E-0001	
 8.06500000000000E+0002	 2.18141810458125E-0001	
 8.08500000000000E+0002	 2.18163423783182E-0001	
 8.10500000000000E+0002	 2.18017037108239E-0001	
 8.12500000000000E+0002	 2.17635150433296E-0001	
 8.14500000000000E+0002	 2.17022763758353E-0001	
 8.16500000000000E+0002	 2.16285377083409E-0001	
 8.18500000000000E+0002	 2.15487990408466E-0001	
 8.20500000000000E+0002	 2.14757103733523E-0001	
 8.22500000000000E+0002	 2.14108717058580E-0001	
 8.24500000000000E+0002	 2.13605830383637E-0001	
 8.26500000000000E+0002	 2.13232443708694E-0001	
 8.28500000000000E+0002	 2.13039557033751E-0001	
 8.30500000000000E+0002	 2.12974670358808E-0001	
 8.32500000000000E+0002	 2.13030283683865E-0001	
 8.34500000000000E+0002	 2.13189897008922E-0001	
 8.36500000000000E+0002	 2.13552010333978E-0001	
 8.38500000000000E+0002	 2.14133623659035E-0001	
 8.40500000000000E+0002	 2.14984736984092E-0001	
 8.42500000000000E+0002	 2.15988350309149E-0001	
 8.44500000000000E+0002	 2.17127463634206E-0001	
 8.46500000000000E+0002	 2.18358576959263E-0001	
 8.48500000000000E+0002	 2.19670190284320E-0001	
 8.50500000000000E+0002	 2.20960803609377E-0001	
 8.52500000000000E+0002	 2.22208916934434E-0001	
 8.54500000000000E+0002	 2.23381030259491E-0001	
 8.56500000000000E+0002	 2.24511143584547E-0001	
 8.58500000000000E+0002	 2.25582256909604E-0001	
 8.60500000000000E+0002	 2.26599370234661E-0001	
 8.62500000000000E+0002	 2.27504483559718E-0001	
 8.64500000000000E+0002	 2.28340596884775E-0001	
 8.66500000000000E+0002	 2.29169210209832E-0001	
 8.68500000000000E+0002	 2.30238323534889E-0001	
 8.70500000000000E+0002	 2.31777936859946E-0001	
 8.72500000000000E+0002	 2.33203550185003E-0001	
 8.74500000000000E+0002	 2.33524663510060E-0001	
 8.76500000000000E+0002	 2.33035776835116E-0001	
 8.78500000000000E+0002	 2.32276390160173E-0001	
 8.80500000000000E+0002	 2.31313003485230E-0001	
 8.82500000000000E+0002	 2.30129116810287E-0001	
 8.84500000000000E+0002	 2.28773230135344E-0001	
 8.86500000000000E+0002	 2.27330843460401E-0001	
 8.88500000000000E+0002	 2.26001956785458E-0001	
 8.90500000000000E+0002	 2.24886570110515E-0001	
 8.92500000000000E+0002	 2.24018683435572E-0001	
 8.94500000000000E+0002	 2.23380796760629E-0001	
 8.96500000000000E+0002	 2.22946910085685E-0001	
 8.98500000000000E+0002	 2.22697023410742E-0001	
 9.00500000000000E+0002	 2.22717636735799E-0001	
 9.02500000000000E+0002	 2.23075250060856E-0001	
 9.04500000000000E+0002	 2.23819863385913E-0001	
 9.06500000000000E+0002	 2.24896976710970E-0001	
 9.08500000000000E+0002	 2.26198090036027E-0001	
 9.10500000000000E+0002	 2.27455203361084E-0001	
 9.12500000000000E+0002	 2.28457816686141E-0001	
 9.14500000000000E+0002	 2.28972930011198E-0001	
 9.16500000000000E+0002	 2.28969043336254E-0001	
 9.18500000000000E+0002	 2.28498656661311E-0001	
 9.20500000000000E+0002	 2.27793769986368E-0001	
 9.22500000000000E+0002	 2.27052883311425E-0001	
 9.24500000000000E+0002	 2.26520496636482E-0001	
 9.26500000000000E+0002	 2.26246609961539E-0001	
 9.28500000000000E+0002	 2.26275723286596E-0001	
 9.30500000000000E+0002	 2.26526336611653E-0001	
 9.32500000000000E+0002	 2.26961949936710E-0001	
 9.34500000000000E+0002	 2.27480063261767E-0001	
 9.36500000000000E+0002	 2.28186676586823E-0001	
 9.38500000000000E+0002	 2.29128289911880E-0001	
 9.40500000000000E+0002	 2.30441903236937E-0001	
 9.42500000000000E+0002	 2.32090516561994E-0001	
 9.44500000000000E+0002	 2.34086129887051E-0001	
 9.46500000000000E+0002	 2.36342743212108E-0001	
 9.48500000000000E+0002	 2.38841356537165E-0001	
 9.50500000000000E+0002	 2.41521469862222E-0001	
 9.52500000000000E+0002	 2.44461583187279E-0001	
 9.54500000000000E+0002	 2.47659196512336E-0001	
 9.56500000000000E+0002	 2.51112309837392E-0001	
 9.58500000000000E+0002	 2.54614423162449E-0001	
 9.60500000000000E+0002	 2.57958036487506E-0001	
 9.62500000000000E+0002	 2.60913649812563E-0001	
 9.64500000000000E+0002	 2.63378263137620E-0001	
 9.66500000000000E+0002	 2.65309876462677E-0001	
 9.68500000000000E+0002	 2.66848989787734E-0001	
 9.70500000000000E+0002	 2.68215603112791E-0001	
 9.72500000000000E+0002	 2.69695716437848E-0001	
 9.74500000000000E+0002	 2.71503329762905E-0001	
 9.76500000000000E+0002	 2.73830943087961E-0001	
 9.78500000000000E+0002	 2.76738056413018E-0001	
 9.80500000000000E+0002	 2.80190669738075E-0001	
 9.82500000000000E+0002	 2.84046783063132E-0001	
 9.84500000000000E+0002	 2.88155396388189E-0001	
 9.86500000000000E+0002	 2.92325009713246E-0001	
 9.88500000000000E+0002	 2.96416123038303E-0001	
 9.90500000000000E+0002	 3.00268236363360E-0001	
 9.92500000000000E+0002	 3.03781349688417E-0001	
 9.94500000000000E+0002	 3.06935463013474E-0001	
 9.96500000000000E+0002	 3.09938576338530E-0001	
 9.98500000000000E+0002	 3.12959689663587E-0001	
 1.00050000000000E+0003	 3.16217302988644E-0001	
 1.00250000000000E+0003	 3.19985916313701E-0001	
 1.00450000000000E+0003	 3.24425529638758E-0001	
 1.00650000000000E+0003	 3.29505142963815E-0001	
 1.00850000000000E+0003	 3.35085756288872E-0001	
 1.01050000000000E+0003	 3.40907369613929E-0001	
 1.01250000000000E+0003	 3.46870482938986E-0001	
 1.01450000000000E+0003	 3.52960096264043E-0001	
 1.01650000000000E+0003	 3.59260709589099E-0001	
 1.01850000000000E+0003	 3.65737822914156E-0001	
 1.02050000000000E+0003	 3.72326436239213E-0001	
 1.02250000000000E+0003	 3.78885049564270E-0001	
 1.02450000000000E+0003	 3.85350162889327E-0001	
 1.02650000000000E+0003	 3.91635776214384E-0001	
 1.02850000000000E+0003	 3.97599389539441E-0001	
 1.03050000000000E+0003	 4.03030502864498E-0001	
 1.03250000000000E+0003	 4.07916116189555E-0001	
 1.03450000000000E+0003	 4.12306729514612E-0001	
 1.03650000000000E+0003	 4.16157342839668E-0001	
 1.03850000000000E+0003	 4.19260956164725E-0001	
 1.04050000000000E+0003	 4.21534069489782E-0001	
 1.04250000000000E+0003	 4.23073182814839E-0001	
 1.04450000000000E+0003	 4.24168296139896E-0001	
 1.04650000000000E+0003	 4.25153909464953E-0001	
 1.04850000000000E+0003	 4.26319522790010E-0001	
 1.05050000000000E+0003	 4.27806636115067E-0001	
 1.05250000000000E+0003	 4.29541749440124E-0001	
 1.05450000000000E+0003	 4.31348862765181E-0001	
 1.05650000000000E+0003	 4.33070976090237E-0001	
 1.05850000000000E+0003	 4.34522089415294E-0001	
 1.06050000000000E+0003	 4.35654702740351E-0001	
 1.06250000000000E+0003	 4.36585316065408E-0001	
 1.06450000000000E+0003	 4.37560429390465E-0001	
 1.06650000000000E+0003	 4.38781542715522E-0001	
 1.06850000000000E+0003	 4.40251656040579E-0001	
 1.07050000000000E+0003	 4.41861769365636E-0001	
 1.07250000000000E+0003	 4.43508382690693E-0001	
 1.07450000000000E+0003	 4.45038996015750E-0001	
 1.07650000000000E+0003	 4.46292609340806E-0001	
 1.07850000000000E+0003	 4.47096222665863E-0001	
 1.08050000000000E+0003	 4.47295335990920E-0001	
 1.08250000000000E+0003	 4.46725949315977E-0001	
 1.08450000000000E+0003	 4.45333562641034E-0001	
 1.08650000000000E+0003	 4.43112175966091E-0001	
 1.08850000000000E+0003	 4.40165289291148E-0001	
 1.09050000000000E+0003	 4.36712402616205E-0001	
 1.09250000000000E+0003	 4.33194015941262E-0001	
 1.09450000000000E+0003	 4.29947129266319E-0001	
 1.09650000000000E+0003	 4.27043742591375E-0001	
 1.09850000000000E+0003	 4.24313855916432E-0001	
 1.10050000000000E+0003	 4.21622969241489E-0001	
 1.10250000000000E+0003	 4.18813582566546E-0001	
 1.10450000000000E+0003	 4.15903195891603E-0001	
 1.10650000000000E+0003	 4.12965809216660E-0001	
 1.10850000000000E+0003	 4.10097922541717E-0001	
 1.11050000000000E+0003	 4.07354535866774E-0001	
 1.11250000000000E+0003	 4.04745149191831E-0001	
 1.11450000000000E+0003	 4.02077762516888E-0001	
 1.11650000000000E+0003	 3.99132875841944E-0001	
 1.11850000000000E+0003	 3.95650989167001E-0001	
 1.12050000000000E+0003	 3.91585602492058E-0001	
 1.12250000000000E+0003	 3.87094215817115E-0001	
 1.12450000000000E+0003	 3.82277329142172E-0001	
 1.12650000000000E+0003	 3.76963942467229E-0001	
 1.12850000000000E+0003	 3.71086555792286E-0001	
 1.13050000000000E+0003	 3.64833669117343E-0001	
 1.13250000000000E+0003	 3.58647282442400E-0001	
 1.13450000000000E+0003	 3.52839895767457E-0001	
 1.13650000000000E+0003	 3.47610509092513E-0001	
 1.13850000000000E+0003	 3.43093622417570E-0001	
 1.14050000000000E+0003	 3.39336235742627E-0001	
 1.14250000000000E+0003	 3.36274849067684E-0001	
 1.14450000000000E+0003	 3.33817962392741E-0001	
 1.14650000000000E+0003	 3.31703075717798E-0001	
 1.14850000000000E+0003	 3.29644189042855E-0001	
 1.15050000000000E+0003	 3.27374802367912E-0001	
 1.15250000000000E+0003	 3.24743415692969E-0001	
 1.15450000000000E+0003	 3.21640029018026E-0001	
 1.15650000000000E+0003	 3.18080642343082E-0001	
 1.15850000000000E+0003	 3.14149255668139E-0001	
 1.16050000000000E+0003	 3.10053368993196E-0001	
 1.16250000000000E+0003	 3.05932982318253E-0001	
 1.16450000000000E+0003	 3.01969595643310E-0001	
 1.16650000000000E+0003	 2.98287208968367E-0001	
 1.16850000000000E+0003	 2.94991322293424E-0001	
 1.17050000000000E+0003	 2.91874435618481E-0001	
 1.17250000000000E+0003	 2.88574548943538E-0001	
 1.17450000000000E+0003	 2.84902162268595E-0001	
 1.17650000000000E+0003	 2.81113275593651E-0001	
 1.17850000000000E+0003	 2.77512388918708E-0001	
 1.18050000000000E+0003	 2.74496502243765E-0001	
 1.18250000000000E+0003	 2.72292115568822E-0001	
 1.18450000000000E+0003	 2.71034728893879E-0001	
 1.18650000000000E+0003	 2.70699342218936E-0001	
 1.18850000000000E+0003	 2.71325455543993E-0001	
 1.19050000000000E+0003	 2.72788568869050E-0001	
 1.19250000000000E+0003	 2.75099682194107E-0001	
 1.19450000000000E+0003	 2.78216295519164E-0001	
 1.19650000000000E+0003	 2.82078908844220E-0001	
 1.19850000000000E+0003	 2.86558522169277E-0001	
 1.20050000000000E+0003	 2.91611635494334E-0001	
 1.20250000000000E+0003	 2.97078248819391E-0001	
 1.20450000000000E+0003	 3.02833362144448E-0001	
 1.20650000000000E+0003	 3.08684975469505E-0001	
 1.20850000000000E+0003	 3.14552588794562E-0001	
 1.21050000000000E+0003	 3.20427202119619E-0001	
 1.21250000000000E+0003	 3.26517315444676E-0001	
 1.21450000000000E+0003	 3.32843428769733E-0001	
 1.21650000000000E+0003	 3.39207542094789E-0001	
 1.21850000000000E+0003	 3.45326655419846E-0001	
 1.22050000000000E+0003	 3.50956268744903E-0001	
 1.22250000000000E+0003	 3.55961882069960E-0001	
 1.22450000000000E+0003	 3.60562495395017E-0001	
 1.22650000000000E+0003	 3.65004608720074E-0001	
 1.22850000000000E+0003	 3.69249722045131E-0001	
 1.23050000000000E+0003	 3.73160335370188E-0001	
 1.23250000000000E+0003	 3.76707948695245E-0001	
 1.23450000000000E+0003	 3.79835562020302E-0001	
 1.23650000000000E+0003	 3.82483675345359E-0001	
 1.23850000000000E+0003	 3.84583788670415E-0001	
 1.24050000000000E+0003	 3.86130901995472E-0001	
 1.24250000000000E+0003	 3.87062015320529E-0001	
 1.24450000000000E+0003	 3.87364128645586E-0001	
 1.24650000000000E+0003	 3.87052741970643E-0001	
 1.24850000000000E+0003	 3.86135355295700E-0001	
 1.25050000000000E+0003	 3.84607468620757E-0001	
 1.25250000000000E+0003	 3.82474081945814E-0001	
 1.25450000000000E+0003	 3.79821695270871E-0001	
 1.25650000000000E+0003	 3.76856808595928E-0001	
 1.25850000000000E+0003	 3.73700421920984E-0001	
 1.26050000000000E+0003	 3.70448535246041E-0001	
 1.26250000000000E+0003	 3.67079148571098E-0001	
 1.26450000000000E+0003	 3.63557761896155E-0001	
 1.26650000000000E+0003	 3.60086375221212E-0001	
 1.26850000000000E+0003	 3.56925988546269E-0001	
 1.27050000000000E+0003	 3.54219601871326E-0001	
 1.27250000000000E+0003	 3.52057715196383E-0001	
 1.27450000000000E+0003	 3.50262828521440E-0001	
 1.27650000000000E+0003	 3.48710441846497E-0001	
 1.27850000000000E+0003	 3.47355555171553E-0001	
 1.28050000000000E+0003	 3.46238168496610E-0001	
 1.28250000000000E+0003	 3.45216281821667E-0001	
 1.28450000000000E+0003	 3.44056895146724E-0001	
 1.28650000000000E+0003	 3.42689508471781E-0001	
 1.28850000000000E+0003	 3.41510621796838E-0001	
 1.29050000000000E+0003	 3.40592235121895E-0001	
 1.29250000000000E+0003	 3.39717348446952E-0001	
 1.29450000000000E+0003	 3.38756461772009E-0001	
 1.29650000000000E+0003	 3.37918075097066E-0001	
 1.29850000000000E+0003	 3.37346688422122E-0001	
 1.30050000000000E+0003	 3.36859801747179E-0001	
 1.30250000000000E+0003	 3.36256915072236E-0001	
 1.30450000000000E+0003	 3.35492028397293E-0001	
 1.30650000000000E+0003	 3.34494641722350E-0001	
 1.30850000000000E+0003	 3.33337755047407E-0001	
 1.31050000000000E+0003	 3.31733368372464E-0001	
 1.31250000000000E+0003	 3.29732481697521E-0001	
 1.31450000000000E+0003	 3.27781595022578E-0001	
 1.31650000000000E+0003	 3.25728708347635E-0001	
 1.31850000000000E+0003	 3.23646321672691E-0001	
 1.32050000000000E+0003	 3.21900434997748E-0001	
 1.32250000000000E+0003	 3.20342548322805E-0001	
 1.32450000000000E+0003	 3.18947661647862E-0001	
 1.32650000000000E+0003	 3.17822274972919E-0001	
 1.32850000000000E+0003	 3.17114388297976E-0001	
 1.33050000000000E+0003	 3.16900501623033E-0001	
 1.33250000000000E+0003	 3.17132114948090E-0001	
 1.33450000000000E+0003	 3.17236228273147E-0001	
 1.33650000000000E+0003	 3.17479841598204E-0001	
 1.33850000000000E+0003	 3.19575954923260E-0001	
 1.34050000000000E+0003	 3.20541568248317E-0001	
 1.34250000000000E+0003	 3.21563681573374E-0001	
 1.34450000000000E+0003	 3.22112294898431E-0001	
 1.34650000000000E+0003	 3.22096908223488E-0001	
 1.34850000000000E+0003	 3.21926021548545E-0001	
 1.35050000000000E+0003	 3.21684634873602E-0001	
 1.35250000000000E+0003	 3.21369248198659E-0001	
 1.35450000000000E+0003	 3.21084361523716E-0001	
 1.35650000000000E+0003	 3.21111974848773E-0001	
 1.35850000000000E+0003	 3.21098588173829E-0001	
 1.36050000000000E+0003	 3.21118701498886E-0001	
 1.36250000000000E+0003	 3.23113814823943E-0001	
 1.36450000000000E+0003	 3.28079428149000E-0001	
 1.36650000000000E+0003	 3.33349541474057E-0001	
 1.36850000000000E+0003	 3.38225154799114E-0001	
 1.37050000000000E+0003	 3.42611268124171E-0001	
 1.37250000000000E+0003	 3.46389381449228E-0001	
 1.37450000000000E+0003	 3.50778494774285E-0001	
 1.37650000000000E+0003	 3.55334108099342E-0001	
 1.37850000000000E+0003	 3.59441221424398E-0001	
 1.38050000000000E+0003	 3.63877834749455E-0001	
 1.38250000000000E+0003	 3.68369448074512E-0001	
 1.38450000000000E+0003	 3.72185061399569E-0001	
 1.38650000000000E+0003	 3.75830174724626E-0001	
 1.38850000000000E+0003	 3.81113288049683E-0001	
 1.39050000000000E+0003	 3.86041901374740E-0001	
 1.39250000000000E+0003	 3.89411014699797E-0001	
 1.39450000000000E+0003	 3.92488628024854E-0001	
 1.39650000000000E+0003	 3.95686741349911E-0001	
 1.39850000000000E+0003	 3.98791854674967E-0001	
 1.40050000000000E+0003	 4.01102968000024E-0001	
 1.40250000000000E+0003	 4.01623581325081E-0001	
 1.40450000000000E+0003	 4.01019694650138E-0001	
 1.40650000000000E+0003	 3.99972307975195E-0001	
 1.40850000000000E+0003	 3.98225421300252E-0001	
 1.41050000000000E+0003	 3.95737534625309E-0001	
 1.41250000000000E+0003	 3.92877647950366E-0001	
 1.41450000000000E+0003	 3.88800261275423E-0001	
 1.41650000000000E+0003	 3.82947374600480E-0001	
 1.41850000000000E+0003	 3.76881987925536E-0001	
 1.42050000000000E+0003	 3.71209101250593E-0001	
 1.42250000000000E+0003	 3.65891714575650E-0001	
 1.42450000000000E+0003	 3.59528327900707E-0001	
 1.42650000000000E+0003	 3.53831441225764E-0001	
 1.42850000000000E+0003	 3.49538554550821E-0001	
 1.43050000000000E+0003	 3.46368167875878E-0001	
 1.43250000000000E+0003	 3.44422781200935E-0001	
 1.43450000000000E+0003	 3.43827394525992E-0001	
 1.43650000000000E+0003	 3.45845507851049E-0001	
 1.43850000000000E+0003	 3.49852621176105E-0001	
 1.44050000000000E+0003	 3.53132234501162E-0001	
 1.44250000000000E+0003	 3.55703847826219E-0001	
 1.44450000000000E+0003	 3.57834961151276E-0001	
 1.44650000000000E+0003	 3.59871074476333E-0001	
 1.44850000000000E+0003	 3.61830687801390E-0001	
 1.45050000000000E+0003	 3.63301301126447E-0001	
 1.45250000000000E+0003	 3.63681414451504E-0001	
 1.45450000000000E+0003	 3.61733527776561E-0001	
 1.45650000000000E+0003	 3.59906641101618E-0001	
 1.45850000000000E+0003	 3.58509254426674E-0001	
 1.46050000000000E+0003	 3.56803367751731E-0001	
 1.46250000000000E+0003	 3.54703481076788E-0001	
 1.46450000000000E+0003	 3.52624094401845E-0001	
 1.46650000000000E+0003	 3.49981207726902E-0001	
 1.46850000000000E+0003	 3.47086821051959E-0001	
 1.47050000000000E+0003	 3.43066434377016E-0001	
 1.47250000000000E+0003	 3.37468547702073E-0001	
 1.47450000000000E+0003	 3.32770161027130E-0001	
 1.47650000000000E+0003	 3.30773274352187E-0001	
 1.47850000000000E+0003	 3.30090387677243E-0001	
 1.48050000000000E+0003	 3.30824001002300E-0001	
 1.48250000000000E+0003	 3.33325114327357E-0001	
 1.48450000000000E+0003	 3.37128227652414E-0001	
 1.48650000000000E+0003	 3.42047840977471E-0001	
 1.48850000000000E+0003	 3.47820954302528E-0001	
 1.49050000000000E+0003	 3.56598067627585E-0001	
 1.49250000000000E+0003	 3.65548180952642E-0001	
 1.49450000000000E+0003	 3.73103294277699E-0001	
 1.49650000000000E+0003	 3.83264407602756E-0001	
 1.49850000000000E+0003	 3.94524020927812E-0001	
 1.50050000000000E+0003	 4.03451634252869E-0001	
 1.50250000000000E+0003	 4.11301247577926E-0001	
 1.50450000000000E+0003	 4.18514860902983E-0001	
 1.50650000000000E+0003	 4.28142974228040E-0001	
 1.50850000000000E+0003	 4.40160587553097E-0001	
 1.51050000000000E+0003	 4.52163200878154E-0001	
 1.51250000000000E+0003	 4.63365314203211E-0001	
 1.51450000000000E+0003	 4.73231427528268E-0001	
 1.51650000000000E+0003	 4.81741040853325E-0001	
 1.51850000000000E+0003	 4.86653654178381E-0001	
 1.52050000000000E+0003	 4.90785767503438E-0001	
 1.52250000000000E+0003	 4.97615880828495E-0001	
 1.52450000000000E+0003	 5.03433994153552E-0001	
 1.52650000000000E+0003	 5.09666107478609E-0001	
 1.52850000000000E+0003	 5.16679720803666E-0001	
 1.53050000000000E+0003	 5.22598834128723E-0001	
 1.53250000000000E+0003	 5.29112947453780E-0001	
 1.53450000000000E+0003	 5.34874060778837E-0001	
 1.53650000000000E+0003	 5.37921174103894E-0001	
 1.53850000000000E+0003	 5.42326787428950E-0001	
 1.54050000000000E+0003	 5.47431400754007E-0001	
 1.54250000000000E+0003	 5.48787514079064E-0001	
 1.54450000000000E+0003	 5.49465627404121E-0001	
 1.54650000000000E+0003	 5.49780740729178E-0001	
 1.54850000000000E+0003	 5.47927354054235E-0001	
 1.55050000000000E+0003	 5.44011467379292E-0001	
 1.55250000000000E+0003	 5.39186580704349E-0001	
 1.55450000000000E+0003	 5.33342194029406E-0001	
 1.55650000000000E+0003	 5.28114807354463E-0001	
 1.55850000000000E+0003	 5.21590920679519E-0001	
 1.56050000000000E+0003	 5.10262534004576E-0001	
 1.56250000000000E+0003	 5.06452647329633E-0001	
 1.56450000000000E+0003	 5.02841760654690E-0001	
 1.56650000000000E+0003	 4.97572873979747E-0001	
 1.56850000000000E+0003	 4.94036987304804E-0001	
 1.57050000000000E+0003	 4.89000600629861E-0001	
 1.57250000000000E+0003	 4.83826213954918E-0001	
 1.57450000000000E+0003	 4.79572827279975E-0001	
 1.57650000000000E+0003	 4.76105940605032E-0001	
 1.57850000000000E+0003	 4.73813053930088E-0001	
 1.58050000000000E+0003	 4.72298167255145E-0001	
 1.58250000000000E+0003	 4.70335780580202E-0001	
 1.58450000000000E+0003	 4.69164393905259E-0001	
 1.58650000000000E+0003	 4.68691007230316E-0001	
 1.58850000000000E+0003	 4.69122620555373E-0001	
 1.59050000000000E+0003	 4.70240233880430E-0001	
 1.59250000000000E+0003	 4.72245847205487E-0001	
 1.59450000000000E+0003	 4.74522460530544E-0001	
 1.59650000000000E+0003	 4.77205073855601E-0001	
 1.59850000000000E+0003	 4.80099187180657E-0001	
 1.60050000000000E+0003	 4.83489300505714E-0001	
 1.60250000000000E+0003	 4.87267413830771E-0001	
 1.60450000000000E+0003	 4.91795527155828E-0001	
 1.60650000000000E+0003	 4.96905640480885E-0001	
 1.60850000000000E+0003	 5.03228253805942E-0001	
 1.61050000000000E+0003	 5.10472367130999E-0001	
 1.61250000000000E+0003	 5.18395480456056E-0001	
 1.61450000000000E+0003	 5.26087093781113E-0001	
 1.61650000000000E+0003	 5.36628207106170E-0001	
 1.61850000000000E+0003	 5.48347320431226E-0001	
 1.62050000000000E+0003	 5.59318933756283E-0001	
 1.62250000000000E+0003	 5.71851547081340E-0001	
 1.62450000000000E+0003	 5.85160160406397E-0001	
 1.62650000000000E+0003	 5.97902773731454E-0001	
 1.62850000000000E+0003	 6.11014887056511E-0001	
 1.63050000000000E+0003	 6.23296500381568E-0001	
 1.63250000000000E+0003	 6.34605613706625E-0001	
 1.63450000000000E+0003	 6.46614727031682E-0001	
 1.63650000000000E+0003	 6.57228840356739E-0001	
 1.63850000000000E+0003	 6.64236453681795E-0001	
 1.64050000000000E+0003	 6.69293067006852E-0001	
 1.64250000000000E+0003	 6.72950180331909E-0001	
 1.64450000000000E+0003	 6.76204793656966E-0001	
 1.64650000000000E+0003	 6.80878406982023E-0001	
 1.64850000000000E+0003	 6.82975020307080E-0001	
 1.65050000000000E+0003	 6.82021133632137E-0001	
 1.65250000000000E+0003	 6.85407246957194E-0001	
 1.65450000000000E+0003	 6.87453360282251E-0001	
 1.65650000000000E+0003	 6.89214473607308E-0001	
 1.65850000000000E+0003	 6.88843086932365E-0001	
 1.66050000000000E+0003	 6.86868700257421E-0001	
 1.66250000000000E+0003	 6.83259813582478E-0001	
 1.66450000000000E+0003	 6.76686426907535E-0001	
 1.66650000000000E+0003	 6.70939540232592E-0001	
 1.66850000000000E+0003	 6.65916153557649E-0001	
 1.67050000000000E+0003	 6.58405266882706E-0001	
 1.67250000000000E+0003	 6.51025380207763E-0001	
 1.67450000000000E+0003	 6.45244493532820E-0001	
 1.67650000000000E+0003	 6.37254606857877E-0001	
 1.67850000000000E+0003	 6.29928220182934E-0001	
 1.68050000000000E+0003	 6.23307833507990E-0001	
 1.68250000000000E+0003	 6.17073446833047E-0001	
 1.68450000000000E+0003	 6.08122060158104E-0001	
 1.68650000000000E+0003	 5.99734673483161E-0001	
 1.68850000000000E+0003	 5.94231286808218E-0001	
 1.69050000000000E+0003	 5.86213900133275E-0001	
 1.69250000000000E+0003	 5.76050013458332E-0001	
 1.69450000000000E+0003	 5.65000626783389E-0001	
 1.69650000000000E+0003	 5.52449240108446E-0001	
 1.69850000000000E+0003	 5.43620853433503E-0001	
 1.70050000000000E+0003	 5.32415966758559E-0001	
 1.70250000000000E+0003	 5.19576080083616E-0001	
 1.70450000000000E+0003	 5.11574193408673E-0001	
 1.70650000000000E+0003	 5.01250306733730E-0001	
 1.70850000000000E+0003	 4.90882420058787E-0001	
 1.71050000000000E+0003	 4.82063533383844E-0001	
 1.71250000000000E+0003	 4.73519146708901E-0001	
 1.71450000000000E+0003	 4.64178760033958E-0001	
 1.71650000000000E+0003	 4.54913873359015E-0001	
 1.71850000000000E+0003	 4.46738986684072E-0001	
 1.72050000000000E+0003	 4.38688100009128E-0001	
 1.72250000000000E+0003	 4.30731713334185E-0001	
 1.72450000000000E+0003	 4.22483826659242E-0001	
 1.72650000000000E+0003	 4.14771939984299E-0001	
 1.72850000000000E+0003	 4.07347553309356E-0001	
 1.73050000000000E+0003	 3.99272666634413E-0001	
 1.73250000000000E+0003	 3.92337779959470E-0001	
 1.73450000000000E+0003	 3.87648893284527E-0001	
 1.73650000000000E+0003	 3.83796506609584E-0001	
 1.73850000000000E+0003	 3.80626619934641E-0001	
 1.74050000000000E+0003	 3.74665233259697E-0001	
 1.74250000000000E+0003	 3.67510846584754E-0001	
 1.74450000000000E+0003	 3.61307959909811E-0001	
 1.74650000000000E+0003	 3.55367073234868E-0001	
 1.74850000000000E+0003	 3.47782686559925E-0001	
 1.75050000000000E+0003	 3.39478799884982E-0001	
 1.75250000000000E+0003	 3.32866413210039E-0001	
 1.75450000000000E+0003	 3.27311026535096E-0001	
 1.75650000000000E+0003	 3.20709139860153E-0001	
 1.75850000000000E+0003	 3.13912753185210E-0001	
 1.76050000000000E+0003	 3.08254866510266E-0001	
 1.76250000000000E+0003	 3.02549979835323E-0001	
 1.76450000000000E+0003	 2.96738593160380E-0001	
 1.76650000000000E+0003	 2.91253206485437E-0001	
 1.76850000000000E+0003	 2.86841319810494E-0001	
 1.77050000000000E+0003	 2.83940933135551E-0001	
 1.77250000000000E+0003	 2.79724546460608E-0001	
 1.77450000000000E+0003	 2.75270159785665E-0001	
 1.77650000000000E+0003	 2.72049773110722E-0001	
 1.77850000000000E+0003	 2.68948386435779E-0001	
 1.78050000000000E+0003	 2.65872999760835E-0001	
 1.78250000000000E+0003	 2.62550613085892E-0001	
 1.78450000000000E+0003	 2.59625726410949E-0001	
 1.78650000000000E+0003	 2.57326339736006E-0001	
 1.78850000000000E+0003	 2.54630453061063E-0001	
 1.79050000000000E+0003	 2.52151566386120E-0001	
 1.79250000000000E+0003	 2.50032679711177E-0001	
 1.79450000000000E+0003	 2.47433793036234E-0001	
 1.79650000000000E+0003	 2.45493906361291E-0001	
 1.79850000000000E+0003	 2.43758019686348E-0001	
 1.80050000000000E+0003	 2.40923633011404E-0001	
 1.80250000000000E+0003	 2.38833246336461E-0001	
 1.80450000000000E+0003	 2.37596359661518E-0001	
 1.80650000000000E+0003	 2.35846472986575E-0001	
 1.80850000000000E+0003	 2.34107586311632E-0001	
 1.81050000000000E+0003	 2.32414199636689E-0001	
 1.81250000000000E+0003	 2.30642812961746E-0001	
 1.81450000000000E+0003	 2.29104926286803E-0001	
 1.81650000000000E+0003	 2.27416539611860E-0001	
 1.81850000000000E+0003	 2.26057152936917E-0001	
 1.82050000000000E+0003	 2.24604266261973E-0001	
 1.82250000000000E+0003	 2.22901379587030E-0001	
 1.82450000000000E+0003	 2.21472992912087E-0001	
 1.82650000000000E+0003	 2.20380106237144E-0001	
 1.82850000000000E+0003	 2.19742719562201E-0001	
 1.83050000000000E+0003	 2.18351332887258E-0001	
 1.83250000000000E+0003	 2.16498446212315E-0001	
 1.83450000000000E+0003	 2.15349559537372E-0001	
 1.83650000000000E+0003	 2.14250172862429E-0001	
 1.83850000000000E+0003	 2.13081286187486E-0001	
 1.84050000000000E+0003	 2.11415899512542E-0001	
 1.84250000000000E+0003	 2.10072512837599E-0001	
 1.84450000000000E+0003	 2.09178626162656E-0001	
 1.84650000000000E+0003	 2.08044239487713E-0001	
 1.84850000000000E+0003	 2.07508352812770E-0001	
 1.85050000000000E+0003	 2.07086966137827E-0001	
 1.85250000000000E+0003	 2.06350579462884E-0001	
 1.85450000000000E+0003	 2.05448192787941E-0001	
 1.85650000000000E+0003	 2.04449806112998E-0001	
 1.85850000000000E+0003	 2.03454419438055E-0001	
 1.86050000000000E+0003	 2.02601032763111E-0001	
 1.86250000000000E+0003	 2.01909146088168E-0001	
 1.86450000000000E+0003	 2.01108759413225E-0001	
 1.86650000000000E+0003	 2.00236872738282E-0001	
 1.86850000000000E+0003	 1.99487986063339E-0001	
 1.87050000000000E+0003	 1.98832599388396E-0001	
 1.87250000000000E+0003	 1.98451212713453E-0001	
 1.87450000000000E+0003	 1.98025326038510E-0001	
 1.87650000000000E+0003	 1.97383939363567E-0001	
 1.87850000000000E+0003	 1.96751552688624E-0001	
 1.88050000000000E+0003	 1.96222666013680E-0001	
 1.88250000000000E+0003	 1.95695779338737E-0001	
 1.88450000000000E+0003	 1.95091892663794E-0001	
 1.88650000000000E+0003	 1.94439005988851E-0001	
 1.88850000000000E+0003	 1.93891119313908E-0001	
 1.89050000000000E+0003	 1.93390232638965E-0001	
 1.89250000000000E+0003	 1.92852345964022E-0001	
 1.89450000000000E+0003	 1.92374959289079E-0001	
 1.89650000000000E+0003	 1.91984072614136E-0001	
 1.89850000000000E+0003	 1.91627185939193E-0001	
 1.90050000000000E+0003	 1.91186299264249E-0001	
 1.90250000000000E+0003	 1.90749412589306E-0001	
 1.90450000000000E+0003	 1.90274025914363E-0001	
 1.90650000000000E+0003	 1.89652139239420E-0001	
 1.90850000000000E+0003	 1.89134252564477E-0001	
 1.91050000000000E+0003	 1.88868365889534E-0001	
 1.91250000000000E+0003	 1.88605479214591E-0001	
 1.91450000000000E+0003	 1.88089592539648E-0001	
 1.91650000000000E+0003	 1.87621205864705E-0001	
 1.91850000000000E+0003	 1.87237319189762E-0001	
 1.92050000000000E+0003	 1.86616432514818E-0001	
 1.92250000000000E+0003	 1.86260045839875E-0001	
 1.92450000000000E+0003	 1.86356659164932E-0001	
 1.92650000000000E+0003	 1.86359772489989E-0001	
 1.92850000000000E+0003	 1.86135885815046E-0001	
 1.93050000000000E+0003	 1.85827499140103E-0001	
 1.93250000000000E+0003	 1.85533112465160E-0001	
 1.93450000000000E+0003	 1.85321225790217E-0001	
 1.93650000000000E+0003	 1.85108839115274E-0001	
 1.93850000000000E+0003	 1.84712952440331E-0001	
 1.94050000000000E+0003	 1.84152065765387E-0001	
 1.94250000000000E+0003	 1.83903679090444E-0001	
 1.94450000000000E+0003	 1.83987792415501E-0001	
 1.94650000000000E+0003	 1.84014405740558E-0001	
 1.94850000000000E+0003	 1.83897519065615E-0001	
 1.95050000000000E+0003	 1.83737132390672E-0001	
 1.95250000000000E+0003	 1.83519245715729E-0001	
 1.95450000000000E+0003	 1.83306859040786E-0001	
 1.95650000000000E+0003	 1.83170972365843E-0001	
 1.95850000000000E+0003	 1.83027085690900E-0001	
 1.96050000000000E+0003	 1.82854199015956E-0001	
 1.96250000000000E+0003	 1.82653312341013E-0001	
 1.96450000000000E+0003	 1.82257425666070E-0001	
 1.96650000000000E+0003	 1.81935538991127E-0001	
 1.96850000000000E+0003	 1.82008652316184E-0001	
 1.97050000000000E+0003	 1.82108265641241E-0001	
 1.97250000000000E+0003	 1.82029878966298E-0001	
 1.97450000000000E+0003	 1.81904492291355E-0001	
 1.97650000000000E+0003	 1.81781605616412E-0001	
 1.97850000000000E+0003	 1.81659718941469E-0001	
 1.98050000000000E+0003	 1.81542332266525E-0001	
 1.98250000000000E+0003	 1.81433945591582E-0001	
 1.98450000000000E+0003	 1.81271558916639E-0001	
 1.98650000000000E+0003	 1.80993172241696E-0001	
 1.98850000000000E+0003	 1.80683285566753E-0001	
 1.99050000000000E+0003	 1.80420398891810E-0001	
 1.99250000000000E+0003	 1.80449512216867E-0001	
 1.99450000000000E+0003	 1.80706125541924E-0001	
 1.99650000000000E+0003	 1.80779238866981E-0001	
 1.99850000000000E+0003	 1.80713352192038E-0001	
 2.00050000000000E+0003	 1.80645465517094E-0001	
 2.00250000000000E+0003	 1.80590078842151E-0001	
 2.00450000000000E+0003	 1.80515192167208E-0001	
 2.00650000000000E+0003	 1.80431805492265E-0001	
 2.00850000000000E+0003	 1.80392418817322E-0001	
 2.01050000000000E+0003	 1.80385532142379E-0001	
 2.01250000000000E+0003	 1.80307645467436E-0001	
 2.01450000000000E+0003	 1.80053758792493E-0001	
 2.01650000000000E+0003	 1.79834872117550E-0001	
 2.01850000000000E+0003	 1.79969485442607E-0001	
 2.02050000000000E+0003	 1.80164598767663E-0001	
 2.02250000000000E+0003	 1.80215212092720E-0001	
 2.02450000000000E+0003	 1.80241325417777E-0001	
 2.02650000000000E+0003	 1.80265438742834E-0001	
 2.02850000000000E+0003	 1.80268052067891E-0001	
 2.03050000000000E+0003	 1.80264665392948E-0001	
 2.03250000000000E+0003	 1.80252278718005E-0001	
 2.03450000000000E+0003	 1.80239892043062E-0001	
 2.03650000000000E+0003	 1.80212505368119E-0001	
 2.03850000000000E+0003	 1.80100118693176E-0001	
 2.04050000000000E+0003	 1.79982232018232E-0001	
 2.04250000000000E+0003	 1.80050845343289E-0001	
 2.04450000000000E+0003	 1.80149958668346E-0001	
 2.04650000000000E+0003	 1.80170571993403E-0001	
 2.04850000000000E+0003	 1.80173185318460E-0001	
 2.05050000000000E+0003	 1.80163798643517E-0001	
 2.05250000000000E+0003	 1.80150411968574E-0001	
 2.05450000000000E+0003	 1.80135025293631E-0001	
 2.05650000000000E+0003	 1.80112638618688E-0001	
 2.05850000000000E+0003	 1.80079751943745E-0001	
 2.06050000000000E+0003	 1.80020365268802E-0001	
 2.06250000000000E+0003	 1.79850978593858E-0001	
 2.06450000000000E+0003	 1.79724591918915E-0001	
 2.06650000000000E+0003	 1.79838705243972E-0001	
 2.06850000000000E+0003	 1.79951818569029E-0001	
 2.07050000000000E+0003	 1.79946931894086E-0001	
 2.07250000000000E+0003	 1.79905545219143E-0001	
 2.07450000000000E+0003	 1.79861158544200E-0001	
 2.07650000000000E+0003	 1.79815771869257E-0001	
 2.07850000000000E+0003	 1.79770885194314E-0001	
 2.08050000000000E+0003	 1.79733998519371E-0001	
 2.08250000000000E+0003	 1.79685611844427E-0001	
 2.08450000000000E+0003	 1.79611225169484E-0001	
 2.08650000000000E+0003	 1.79489338494541E-0001	
 2.08850000000000E+0003	 1.79361451819598E-0001	
 2.09050000000000E+0003	 1.79327565144655E-0001	
 2.09250000000000E+0003	 1.79347178469712E-0001	
 2.09450000000000E+0003	 1.79309291794769E-0001	
 2.09650000000000E+0003	 1.79241905119826E-0001	
 2.09850000000000E+0003	 1.79167518444883E-0001	
 2.10050000000000E+0003	 1.79092631769940E-0001	
 2.10250000000000E+0003	 1.79020745094996E-0001	
 2.10450000000000E+0003	 1.78945358420053E-0001	
 2.10650000000000E+0003	 1.78866471745110E-0001	
 2.10850000000000E+0003	 1.78781585070167E-0001	
 2.11050000000000E+0003	 1.78686198395224E-0001	
 2.11250000000000E+0003	 1.78550311720281E-0001	
 2.11450000000000E+0003	 1.78428925045338E-0001	
 2.11650000000000E+0003	 1.78355038370395E-0001	
 2.11850000000000E+0003	 1.78275651695452E-0001	
 2.12050000000000E+0003	 1.78166265020509E-0001	
 2.12250000000000E+0003	 1.78051878345565E-0001	
 2.12450000000000E+0003	 1.77936991670622E-0001	
 2.12650000000000E+0003	 1.77828104995679E-0001	
 2.12850000000000E+0003	 1.77716718320736E-0001	
 2.13050000000000E+0003	 1.77600831645793E-0001	
 2.13250000000000E+0003	 1.77465944970850E-0001	
 2.13450000000000E+0003	 1.77313558295907E-0001	
 2.13650000000000E+0003	 1.77186671620964E-0001	
 2.13850000000000E+0003	 1.77095284946021E-0001	
 2.14050000000000E+0003	 1.77003898271078E-0001	
 2.14250000000000E+0003	 1.76898511596134E-0001	
 2.14450000000000E+0003	 1.76773124921191E-0001	
 2.14650000000000E+0003	 1.76647238246248E-0001	
 2.14850000000000E+0003	 1.76527851571305E-0001	
 2.15050000000000E+0003	 1.76402464896362E-0001	
 2.15250000000000E+0003	 1.76275078221419E-0001	
 2.15450000000000E+0003	 1.76148191546476E-0001	
 2.15650000000000E+0003	 1.76021804871533E-0001	
 2.15850000000000E+0003	 1.75884918196590E-0001	
 2.16050000000000E+0003	 1.75740031521647E-0001	
 2.16250000000000E+0003	 1.75613644846703E-0001	
 2.16450000000000E+0003	 1.75505758171760E-0001	
 2.16650000000000E+0003	 1.75394371496817E-0001	
 2.16850000000000E+0003	 1.75287484821874E-0001	
 2.17050000000000E+0003	 1.75172598146931E-0001	
 2.17250000000000E+0003	 1.75045211471988E-0001	
 2.17450000000000E+0003	 1.74922324797045E-0001	
 2.17650000000000E+0003	 1.74810938122102E-0001	
 2.17850000000000E+0003	 1.74708051447159E-0001	
 2.18050000000000E+0003	 1.74610164772216E-0001	
 2.18250000000000E+0003	 1.74515778097272E-0001	
 2.18450000000000E+0003	 1.74421891422329E-0001	
 2.18650000000000E+0003	 1.74331004747386E-0001	
 2.18850000000000E+0003	 1.74248118072443E-0001	
 2.19050000000000E+0003	 1.74167231397500E-0001	
 2.19250000000000E+0003	 1.74082344722557E-0001	
 2.19450000000000E+0003	 1.73998958047614E-0001	
 2.19650000000000E+0003	 1.73917071372671E-0001	
 2.19850000000000E+0003	 1.73833684697728E-0001	
 2.20050000000000E+0003	 1.73759298022785E-0001	
 2.20250000000000E+0003	 1.73687411347841E-0001	
 2.20450000000000E+0003	 1.73617024672898E-0001	
 2.20650000000000E+0003	 1.73557137997955E-0001	
 2.20850000000000E+0003	 1.73502751323012E-0001	
 2.21050000000000E+0003	 1.73447864648069E-0001	
 2.21250000000000E+0003	 1.73398477973126E-0001	
 2.21450000000000E+0003	 1.73348091298183E-0001	
 2.21650000000000E+0003	 1.73299204623240E-0001	
 2.21850000000000E+0003	 1.73254817948297E-0001	
 2.22050000000000E+0003	 1.73216931273354E-0001	
 2.22250000000000E+0003	 1.73180044598410E-0001	
 2.22450000000000E+0003	 1.73148157923467E-0001	
 2.22650000000000E+0003	 1.73115271248524E-0001	
 2.22850000000000E+0003	 1.73092384573581E-0001	
 2.23050000000000E+0003	 1.73074497898638E-0001	
 2.23250000000000E+0003	 1.73066111223695E-0001	
 2.23450000000000E+0003	 1.73061724548752E-0001	
 2.23650000000000E+0003	 1.73064837873809E-0001	
 2.23850000000000E+0003	 1.73068951198866E-0001	
 2.24050000000000E+0003	 1.73080064523923E-0001	
 2.24250000000000E+0003	 1.73094177848979E-0001	
 2.24450000000000E+0003	 1.73119291174036E-0001	
 2.24650000000000E+0003	 1.73148404499093E-0001	
 2.24850000000000E+0003	 1.73183017824150E-0001	
 2.25050000000000E+0003	 1.73217631149207E-0001	
 2.25250000000000E+0003	 1.73257744474264E-0001	
 2.25450000000000E+0003	 1.73303357799321E-0001	
 2.25650000000000E+0003	 1.73357471124378E-0001	
 2.25850000000000E+0003	 1.73408584449435E-0001	
 2.26050000000000E+0003	 1.73470697774492E-0001	
 2.26250000000000E+0003	 1.73537311099548E-0001	
 2.26450000000000E+0003	 1.73609424424605E-0001	
 2.26650000000000E+0003	 1.73685537749662E-0001	
 2.26850000000000E+0003	 1.73773151074719E-0001	
 2.27050000000000E+0003	 1.73861764399776E-0001	
 2.27250000000000E+0003	 1.73959377724833E-0001	
 2.27450000000000E+0003	 1.74058991049890E-0001	
 2.27650000000000E+0003	 1.74166604374947E-0001	
 2.27850000000000E+0003	 1.74282217700004E-0001	
 2.28050000000000E+0003	 1.74402831025061E-0001	
 2.28250000000000E+0003	 1.74525944350117E-0001	
 2.28450000000000E+0003	 1.74660557675174E-0001	
 2.28650000000000E+0003	 1.74795171000231E-0001	
 2.28850000000000E+0003	 1.74927284325288E-0001	
 2.29050000000000E+0003	 1.75059897650345E-0001	
 2.29250000000000E+0003	 1.75199010975402E-0001	
 2.29450000000000E+0003	 1.75335124300459E-0001	
 2.29650000000000E+0003	 1.75477237625516E-0001	
 2.29850000000000E+0003	 1.75623350950573E-0001	
 2.30050000000000E+0003	 1.75770964275630E-0001	
 2.30250000000000E+0003	 1.75932077600686E-0001	
 2.30450000000000E+0003	 1.76137690925743E-0001	
 2.30650000000000E+0003	 1.76326804250800E-0001	
 2.30850000000000E+0003	 1.76476917575857E-0001	
 2.31050000000000E+0003	 1.76622530900914E-0001	
 2.31250000000000E+0003	 1.76772644225971E-0001	
 2.31450000000000E+0003	 1.76937757551028E-0001	
 2.31650000000000E+0003	 1.77157370876085E-0001	
 2.31850000000000E+0003	 1.77404484201142E-0001	
 2.32050000000000E+0003	 1.77623097526199E-0001	
 2.32250000000000E+0003	 1.77748210851255E-0001	
 2.32450000000000E+0003	 1.77806324176312E-0001	
 2.32650000000000E+0003	 1.77912437501369E-0001	
 2.32850000000000E+0003	 1.78126550826426E-0001	
 2.33050000000000E+0003	 1.78328664151483E-0001	
 2.33250000000000E+0003	 1.78467777476540E-0001	
 2.33450000000000E+0003	 1.78634890801597E-0001	
 2.33650000000000E+0003	 1.78880504126654E-0001	
 2.33850000000000E+0003	 1.79116117451711E-0001	
 2.34050000000000E+0003	 1.79305730776768E-0001	
 2.34250000000000E+0003	 1.79443344101824E-0001	
 2.34450000000000E+0003	 1.79587457426881E-0001	
 2.34650000000000E+0003	 1.79708070751938E-0001	
 2.34850000000000E+0003	 1.79948684076995E-0001	
 2.35050000000000E+0003	 1.80297797402052E-0001	
 2.35250000000000E+0003	 1.80618410727109E-0001	
 2.35450000000000E+0003	 1.80849024052166E-0001	
 2.35650000000000E+0003	 1.81013637377223E-0001	
 2.35850000000000E+0003	 1.81129250702280E-0001	
 2.36050000000000E+0003	 1.81299864027337E-0001	
 2.36250000000000E+0003	 1.81541477352393E-0001	
 2.36450000000000E+0003	 1.81805090677450E-0001	
 2.36650000000000E+0003	 1.82046204002507E-0001	
 2.36850000000000E+0003	 1.82299817327564E-0001	
 2.37050000000000E+0003	 1.82543430652621E-0001	
 2.37250000000000E+0003	 1.82794043977678E-0001	
 2.37450000000000E+0003	 1.83057157302735E-0001	
 2.37650000000000E+0003	 1.83319770627792E-0001	
 2.37850000000000E+0003	 1.83531383952849E-0001	
 2.38050000000000E+0003	 1.83717997277906E-0001	
 2.38250000000000E+0003	 1.83938610602962E-0001	
 2.38450000000000E+0003	 1.84244723928019E-0001	
 2.38650000000000E+0003	 1.84609837253076E-0001	
 2.38850000000000E+0003	 1.84995950578133E-0001	
 2.39050000000000E+0003	 1.85367063903190E-0001	
 2.39250000000000E+0003	 1.85724677228247E-0001	
 2.39450000000000E+0003	 1.86075290553304E-0001	
 2.39650000000000E+0003	 1.86432403878361E-0001	
 2.39850000000000E+0003	 1.86792017203418E-0001	
 2.40050000000000E+0003	 1.87159130528475E-0001	
 2.40250000000000E+0003	 1.87530743853531E-0001	
 2.40450000000000E+0003	 1.87916357178588E-0001	
 2.40650000000000E+0003	 1.88305470503645E-0001	
 2.40850000000000E+0003	 1.88704083828702E-0001	
 2.41050000000000E+0003	 1.89105697153759E-0001	
 2.41250000000000E+0003	 1.89511310478816E-0001	
 2.41450000000000E+0003	 1.89916923803873E-0001	
 2.41650000000000E+0003	 1.90333537128930E-0001	
 2.41850000000000E+0003	 1.90758150453987E-0001	
 2.42050000000000E+0003	 1.91191763779044E-0001	
 2.42250000000000E+0003	 1.91626877104100E-0001	
 2.42450000000000E+0003	 1.92072490429157E-0001	
 2.42650000000000E+0003	 1.92521603754214E-0001	
 2.42850000000000E+0003	 1.92975717079271E-0001	
 2.43050000000000E+0003	 1.93431830404328E-0001	
 2.43250000000000E+0003	 1.93898943729385E-0001	
 2.43450000000000E+0003	 1.94370057054442E-0001	
 2.43650000000000E+0003	 1.94847170379499E-0001	
 2.43850000000000E+0003	 1.95322783704556E-0001	
 2.44050000000000E+0003	 1.95799397029613E-0001	
 2.44250000000000E+0003	 1.96279510354669E-0001	
 2.44450000000000E+0003	 1.96768623679726E-0001	
 2.44650000000000E+0003	 1.97254737004783E-0001	
 2.44850000000000E+0003	 1.97743350329840E-0001	
 2.45050000000000E+0003	 1.98236963654897E-0001	
 2.45250000000000E+0003	 1.98735576979954E-0001	
 2.45450000000000E+0003	 1.99237690305011E-0001	
 2.45650000000000E+0003	 1.99755803630068E-0001	
 2.45850000000000E+0003	 2.00278416955125E-0001	
 2.46050000000000E+0003	 2.00805030280182E-0001	
 2.46250000000000E+0003	 2.01336143605238E-0001	
 2.46450000000000E+0003	 2.01877256930295E-0001	
 2.46650000000000E+0003	 2.02422370255352E-0001	
 2.46850000000000E+0003	 2.02976483580409E-0001	
 2.47050000000000E+0003	 2.03532596905466E-0001	
 2.47250000000000E+0003	 2.04092710230523E-0001	
 2.47450000000000E+0003	 2.04656823555580E-0001	
 2.47650000000000E+0003	 2.05231936880637E-0001	
 2.47850000000000E+0003	 2.05811050205694E-0001	
 2.48050000000000E+0003	 2.06395163530751E-0001	
 2.48250000000000E+0003	 2.06977276855808E-0001	
 2.48450000000000E+0003	 2.07560890180864E-0001	
 2.48650000000000E+0003	 2.08146503505921E-0001	
 2.48850000000000E+0003	 2.08738616830978E-0001	
 2.49050000000000E+0003	 2.09326730156035E-0001	
 2.49250000000000E+0003	 2.09913843481092E-0001	
 2.49450000000000E+0003	 2.10500956806149E-0001	
 2.49650000000000E+0003	 2.11090070131206E-0001	
 2.49850000000000E+0003	 2.11673183456263E-0001	
 2.50050000000000E+0003	 2.12256296781320E-0001	
 2.50250000000000E+0003	 2.12837410106377E-0001	
 2.50450000000000E+0003	 2.13417023431433E-0001	
 2.50650000000000E+0003	 2.13986636756490E-0001	
 2.50850000000000E+0003	 2.14549750081547E-0001	
 2.51050000000000E+0003	 2.15103363406604E-0001	
 2.51250000000000E+0003	 2.15650976731661E-0001	
 2.51450000000000E+0003	 2.16185590056718E-0001	
 2.51650000000000E+0003	 2.16709203381775E-0001	
 2.51850000000000E+0003	 2.17218816706832E-0001	
 2.52050000000000E+0003	 2.17718430031889E-0001	
 2.52250000000000E+0003	 2.18209543356946E-0001	
 2.52450000000000E+0003	 2.18697156682002E-0001	
 2.52650000000000E+0003	 2.19177270007059E-0001	
 2.52850000000000E+0003	 2.19655383332116E-0001	
 2.53050000000000E+0003	 2.20126996657173E-0001	
 2.53250000000000E+0003	 2.20596109982230E-0001	
 2.53450000000000E+0003	 2.21057723307287E-0001	
 2.53650000000000E+0003	 2.21516836632344E-0001	
 2.53850000000000E+0003	 2.21968949957401E-0001	
 2.54050000000000E+0003	 2.22424563282458E-0001	
 2.54250000000000E+0003	 2.22881676607515E-0001	
 2.54450000000000E+0003	 2.23347289932571E-0001	
 2.54650000000000E+0003	 2.23819403257628E-0001	
 2.54850000000000E+0003	 2.24292516582685E-0001	
 2.55050000000000E+0003	 2.24763129907742E-0001	
 2.55250000000000E+0003	 2.25243743232799E-0001	
 2.55450000000000E+0003	 2.25727356557856E-0001	
 2.55650000000000E+0003	 2.26217969882913E-0001	
 2.55850000000000E+0003	 2.26707583207970E-0001	
 2.56050000000000E+0003	 2.27202696533027E-0001	
 2.56250000000000E+0003	 2.27696809858084E-0001	
 2.56450000000000E+0003	 2.28196923183140E-0001	
 2.56650000000000E+0003	 2.28702536508197E-0001	
 2.56850000000000E+0003	 2.29219649833254E-0001	
 2.57050000000000E+0003	 2.29744763158311E-0001	
 2.57250000000000E+0003	 2.30282876483368E-0001	
 2.57450000000000E+0003	 2.30830489808425E-0001	
 2.57650000000000E+0003	 2.31396103133482E-0001	
 2.57850000000000E+0003	 2.31970716458539E-0001	
 2.58050000000000E+0003	 2.32552829783596E-0001	
 2.58250000000000E+0003	 2.33144443108653E-0001	
 2.58450000000000E+0003	 2.33746556433709E-0001	
 2.58650000000000E+0003	 2.34348669758766E-0001	
 2.58850000000000E+0003	 2.34958783083823E-0001	
 2.59050000000000E+0003	 2.35574396408880E-0001	
 2.59250000000000E+0003	 2.36195009733937E-0001	
 2.59450000000000E+0003	 2.36816623058994E-0001	
 2.59650000000000E+0003	 2.37439736384051E-0001	
 2.59850000000000E+0003	 2.38062849709108E-0001	
 2.60050000000000E+0003	 2.38687463034165E-0001	
 2.60250000000000E+0003	 2.39309576359222E-0001	
 2.60450000000000E+0003	 2.39927189684278E-0001	
 2.60650000000000E+0003	 2.40540803009335E-0001	
 2.60850000000000E+0003	 2.41146916334392E-0001	
 2.61050000000000E+0003	 2.41742029659449E-0001	
 2.61250000000000E+0003	 2.42331142984506E-0001	
 2.61450000000000E+0003	 2.42910256309563E-0001	
 2.61650000000000E+0003	 2.43482869634620E-0001	
 2.61850000000000E+0003	 2.44044982959677E-0001	
 2.62050000000000E+0003	 2.44600596284734E-0001	
 2.62250000000000E+0003	 2.45147209609791E-0001	
 2.62450000000000E+0003	 2.45690322934847E-0001	
 2.62650000000000E+0003	 2.46224436259904E-0001	
 2.62850000000000E+0003	 2.46751049584961E-0001	
 2.63050000000000E+0003	 2.47271162910018E-0001	
 2.63250000000000E+0003	 2.47787276235075E-0001	
 2.63450000000000E+0003	 2.48294889560132E-0001	
 2.63650000000000E+0003	 2.48795002885189E-0001	
 2.63850000000000E+0003	 2.49292116210246E-0001	
 2.64050000000000E+0003	 2.49787229535303E-0001	
 2.64250000000000E+0003	 2.50274342860360E-0001	
 2.64450000000000E+0003	 2.50760456185416E-0001	
 2.64650000000000E+0003	 2.51246569510473E-0001	
 2.64850000000000E+0003	 2.51738182835530E-0001	
 2.65050000000000E+0003	 2.52228296160587E-0001	
 2.65250000000000E+0003	 2.52719409485644E-0001	
 2.65450000000000E+0003	 2.53214522810701E-0001	
 2.65650000000000E+0003	 2.53718136135758E-0001	
 2.65850000000000E+0003	 2.54222249460815E-0001	
 2.66050000000000E+0003	 2.54737362785872E-0001	
 2.66250000000000E+0003	 2.55263476110929E-0001	
 2.66450000000000E+0003	 2.55798589435985E-0001	
 2.66650000000000E+0003	 2.56340702761042E-0001	
 2.66850000000000E+0003	 2.56891816086099E-0001	
 2.67050000000000E+0003	 2.57450429411156E-0001	
 2.67250000000000E+0003	 2.58019542736213E-0001	
 2.67450000000000E+0003	 2.58590156061270E-0001	
 2.67650000000000E+0003	 2.59162269386327E-0001	
 2.67850000000000E+0003	 2.59742382711384E-0001	
 2.68050000000000E+0003	 2.60332996036441E-0001	
 2.68250000000000E+0003	 2.60927109361498E-0001	
 2.68450000000000E+0003	 2.61525222686554E-0001	
 2.68650000000000E+0003	 2.62123836011611E-0001	
 2.68850000000000E+0003	 2.62725949336668E-0001	
 2.69050000000000E+0003	 2.63338062661725E-0001	
 2.69250000000000E+0003	 2.63968175986782E-0001	
 2.69450000000000E+0003	 2.64608289311839E-0001	
 2.69650000000000E+0003	 2.65263402636896E-0001	
 2.69850000000000E+0003	 2.65936515961953E-0001	
 2.70050000000000E+0003	 2.66637129287010E-0001	
 2.70250000000000E+0003	 2.67358742612067E-0001	
 2.70450000000000E+0003	 2.68105855937123E-0001	
 2.70650000000000E+0003	 2.68875969262180E-0001	
 2.70850000000000E+0003	 2.69680582587237E-0001	
 2.71050000000000E+0003	 2.70512195912294E-0001	
 2.71250000000000E+0003	 2.71370809237351E-0001	
 2.71450000000000E+0003	 2.72252422562408E-0001	
 2.71650000000000E+0003	 2.73158535887465E-0001	
 2.71850000000000E+0003	 2.74071649212522E-0001	
 2.72050000000000E+0003	 2.74999262537579E-0001	
 2.72250000000000E+0003	 2.75937875862636E-0001	
 2.72450000000000E+0003	 2.76878489187692E-0001	
 2.72650000000000E+0003	 2.77820602512749E-0001	
 2.72850000000000E+0003	 2.78756215837806E-0001	
 2.73050000000000E+0003	 2.79663829162863E-0001	
 2.73250000000000E+0003	 2.80563442487920E-0001	
 2.73450000000000E+0003	 2.81453055812977E-0001	
 2.73650000000000E+0003	 2.82332669138034E-0001	
 2.73850000000000E+0003	 2.83192282463091E-0001	
 2.74050000000000E+0003	 2.84036395788148E-0001	
 2.74250000000000E+0003	 2.84861509113205E-0001	
 2.74450000000000E+0003	 2.85676622438261E-0001	
 2.74650000000000E+0003	 2.86492735763318E-0001	
 2.74850000000000E+0003	 2.87318849088375E-0001	
 2.75050000000000E+0003	 2.88141462413432E-0001	
 2.75250000000000E+0003	 2.88964575738489E-0001	
 2.75450000000000E+0003	 2.89791689063546E-0001	
 2.75650000000000E+0003	 2.90635802388603E-0001	
 2.75850000000000E+0003	 2.91493415713660E-0001	
 2.76050000000000E+0003	 2.92368529038717E-0001	
 2.76250000000000E+0003	 2.93251642363774E-0001	
 2.76450000000000E+0003	 2.94139255688830E-0001	
 2.76650000000000E+0003	 2.95029869013887E-0001	
 2.76850000000000E+0003	 2.95929982338944E-0001	
 2.77050000000000E+0003	 2.96834095664001E-0001	
 2.77250000000000E+0003	 2.97750708989058E-0001	
 2.77450000000000E+0003	 2.98697322314115E-0001	
 2.77650000000000E+0003	 2.99668435639172E-0001	
 2.77850000000000E+0003	 3.00636548964229E-0001	
 2.78050000000000E+0003	 3.01617662289286E-0001	
 2.78250000000000E+0003	 3.02617775614343E-0001	
 2.78450000000000E+0003	 3.03633888939399E-0001	
 2.78650000000000E+0003	 3.04655002264456E-0001	
 2.78850000000000E+0003	 3.05706115589513E-0001	
 2.79050000000000E+0003	 3.06788728914570E-0001	
 2.79250000000000E+0003	 3.07883342239627E-0001	
 2.79450000000000E+0003	 3.08981455564684E-0001	
 2.79650000000000E+0003	 3.10103068889741E-0001	
 2.79850000000000E+0003	 3.11254682214798E-0001	
 2.80050000000000E+0003	 3.12429295539855E-0001	
 2.80250000000000E+0003	 3.13611908864912E-0001	
 2.80450000000000E+0003	 3.14814522189968E-0001	
 2.80650000000000E+0003	 3.16030635515025E-0001	
 2.80850000000000E+0003	 3.17274248840082E-0001	
 2.81050000000000E+0003	 3.18548362165139E-0001	
 2.81250000000000E+0003	 3.19839975490196E-0001	
 2.81450000000000E+0003	 3.21136588815253E-0001	
 2.81650000000000E+0003	 3.22459202140310E-0001	
 2.81850000000000E+0003	 3.23806815465367E-0001	
 2.82050000000000E+0003	 3.25190928790424E-0001	
 2.82250000000000E+0003	 3.26617042115481E-0001	
 2.82450000000000E+0003	 3.28096655440537E-0001	
 2.82650000000000E+0003	 3.29633268765594E-0001	
 2.82850000000000E+0003	 3.31250382090651E-0001	
 2.83050000000000E+0003	 3.32967495415708E-0001	
 2.83250000000000E+0003	 3.34827608740765E-0001	
 2.83450000000000E+0003	 3.36878222065822E-0001	
 2.83650000000000E+0003	 3.39219335390879E-0001	
 2.83850000000000E+0003	 3.42022948715936E-0001	
 2.84050000000000E+0003	 3.45487562040993E-0001	
 2.84250000000000E+0003	 3.49907175366050E-0001	
 2.84450000000000E+0003	 3.55715288691106E-0001	
 2.84650000000000E+0003	 3.63047402016163E-0001	
 2.84850000000000E+0003	 3.71056515341220E-0001	
 2.85050000000000E+0003	 3.77878628666277E-0001	
 2.85250000000000E+0003	 3.82211241991334E-0001	
 2.85450000000000E+0003	 3.84118855316391E-0001	
 2.85650000000000E+0003	 3.84327468641448E-0001	
 2.85850000000000E+0003	 3.83670581966505E-0001	
 2.86050000000000E+0003	 3.82966195291562E-0001	
 2.86250000000000E+0003	 3.82840808616619E-0001	
 2.86450000000000E+0003	 3.83670921941675E-0001	
 2.86650000000000E+0003	 3.85465035266732E-0001	
 2.86850000000000E+0003	 3.87930648591789E-0001	
 2.87050000000000E+0003	 3.90578261916846E-0001	
 2.87250000000000E+0003	 3.92846375241903E-0001	
 2.87450000000000E+0003	 3.94235488566960E-0001	
 2.87650000000000E+0003	 3.94691601892017E-0001	
 2.87850000000000E+0003	 3.94601715217074E-0001	
 2.88050000000000E+0003	 3.94381328542131E-0001	
 2.88250000000000E+0003	 3.94310941867188E-0001	
 2.88450000000000E+0003	 3.94605555192244E-0001	
 2.88650000000000E+0003	 3.95373168517301E-0001	
 2.88850000000000E+0003	 3.96633281842358E-0001	
 2.89050000000000E+0003	 3.98328895167415E-0001	
 2.89250000000000E+0003	 4.00393508492472E-0001	
 2.89450000000000E+0003	 4.02749121817529E-0001	
 2.89650000000000E+0003	 4.05312235142586E-0001	
 2.89850000000000E+0003	 4.08009348467643E-0001	
 2.90050000000000E+0003	 4.10885461792700E-0001	
 2.90250000000000E+0003	 4.14018075117757E-0001	
 2.90450000000000E+0003	 4.17505688442814E-0001	
 2.90650000000000E+0003	 4.21488801767870E-0001	
 2.90850000000000E+0003	 4.26191915092927E-0001	
 2.91050000000000E+0003	 4.31878028417984E-0001	
 2.91250000000000E+0003	 4.38773141743041E-0001	
 2.91450000000000E+0003	 4.46660255068098E-0001	
 2.91650000000000E+0003	 4.54660368393155E-0001	
 2.91850000000000E+0003	 4.61728981718212E-0001	
 2.92050000000000E+0003	 4.67320595043269E-0001	
 2.92250000000000E+0003	 4.71386708368326E-0001	
 2.92450000000000E+0003	 4.73967821693383E-0001	
 2.92650000000000E+0003	 4.75160935018439E-0001	
 2.92850000000000E+0003	 4.75177048343496E-0001	
 2.93050000000000E+0003	 4.74160661668553E-0001	
 2.93250000000000E+0003	 4.72238774993610E-0001	
 2.93450000000000E+0003	 4.69618888318667E-0001	
 2.93650000000000E+0003	 4.66439501643724E-0001	
 2.93850000000000E+0003	 4.62840114968781E-0001	
 2.94050000000000E+0003	 4.59095728293838E-0001	
 2.94250000000000E+0003	 4.55577341618895E-0001	
 2.94450000000000E+0003	 4.52636454943952E-0001	
 2.94650000000000E+0003	 4.50551068269008E-0001	
 2.94850000000000E+0003	 4.49559181594065E-0001	
 2.95050000000000E+0003	 4.49782294919122E-0001	
 2.95250000000000E+0003	 4.51053908244179E-0001	
 2.95450000000000E+0003	 4.52806021569236E-0001	
 2.95650000000000E+0003	 4.54483134894293E-0001	
 2.95850000000000E+0003	 4.55632248219350E-0001	
 2.96050000000000E+0003	 4.55926861544407E-0001	
 2.96250000000000E+0003	 4.55230974869464E-0001	
 2.96450000000000E+0003	 4.53574088194521E-0001	
 2.96650000000000E+0003	 4.51116701519577E-0001	
 2.96850000000000E+0003	 4.48097314844634E-0001	
 2.97050000000000E+0003	 4.44756428169691E-0001	
 2.97250000000000E+0003	 4.41327541494748E-0001	
 2.97450000000000E+0003	 4.37929154819805E-0001	
 2.97650000000000E+0003	 4.34607768144862E-0001	
 2.97850000000000E+0003	 4.31420381469919E-0001	
 2.98050000000000E+0003	 4.28373494794976E-0001	
 2.98250000000000E+0003	 4.25416108120033E-0001	
 2.98450000000000E+0003	 4.22596721445090E-0001	
 2.98650000000000E+0003	 4.19979334770146E-0001	
 2.98850000000000E+0003	 4.17590448095203E-0001	
 2.99050000000000E+0003	 4.15461561420260E-0001	
 2.99250000000000E+0003	 4.13622674745317E-0001	
 2.99450000000000E+0003	 4.12048288070374E-0001	
 2.99650000000000E+0003	 4.10801401395431E-0001	
 2.99850000000000E+0003	 4.09918014720488E-0001	
 3.00050000000000E+0003	 4.09342128045545E-0001	
 3.00250000000000E+0003	 4.09054241370602E-0001	
 3.00450000000000E+0003	 4.09009354695659E-0001	
 3.00650000000000E+0003	 4.09123968020715E-0001	
 3.00850000000000E+0003	 4.09394081345772E-0001	
 3.01050000000000E+0003	 4.09853694670829E-0001	
 3.01250000000000E+0003	 4.10486807995886E-0001	
 3.01450000000000E+0003	 4.11234921320943E-0001	
 3.01650000000000E+0003	 4.12088034646000E-0001	
 3.01850000000000E+0003	 4.13070647971057E-0001	
 3.02050000000000E+0003	 4.14210261296114E-0001	
 3.02250000000000E+0003	 4.15484874621171E-0001	
 3.02450000000000E+0003	 4.16894487946228E-0001	
 3.02650000000000E+0003	 4.18364101271284E-0001	
 3.02850000000000E+0003	 4.19810714596341E-0001	
 3.03050000000000E+0003	 4.21218827921398E-0001	
 3.03250000000000E+0003	 4.22594441246455E-0001	
 3.03450000000000E+0003	 4.23986554571512E-0001	
 3.03650000000000E+0003	 4.25394167896569E-0001	
 3.03850000000000E+0003	 4.26787281221626E-0001	
 3.04050000000000E+0003	 4.28234894546683E-0001	
 3.04250000000000E+0003	 4.29745507871740E-0001	
 3.04450000000000E+0003	 4.31272621196797E-0001	
 3.04650000000000E+0003	 4.32793734521853E-0001	
 3.04850000000000E+0003	 4.34299847846910E-0001	
 3.05050000000000E+0003	 4.35819961171967E-0001	
 3.05250000000000E+0003	 4.37350074497024E-0001	
 3.05450000000000E+0003	 4.38830187822081E-0001	
 3.05650000000000E+0003	 4.40260301147138E-0001	
 3.05850000000000E+0003	 4.41603414472195E-0001	
 3.06050000000000E+0003	 4.42825027797252E-0001	
 3.06250000000000E+0003	 4.43919141122309E-0001	
 3.06450000000000E+0003	 4.44893754447366E-0001	
 3.06650000000000E+0003	 4.45771867772422E-0001	
 3.06850000000000E+0003	 4.46593981097479E-0001	
 3.07050000000000E+0003	 4.47312094422536E-0001	
 3.07250000000000E+0003	 4.47918207747593E-0001	
 3.07450000000000E+0003	 4.48403321072650E-0001	
 3.07650000000000E+0003	 4.48810934397707E-0001	
 3.07850000000000E+0003	 4.49208047722764E-0001	
 3.08050000000000E+0003	 4.49595161047821E-0001	
 3.08250000000000E+0003	 4.49940274372878E-0001	
 3.08450000000000E+0003	 4.50280887697935E-0001	
 3.08650000000000E+0003	 4.50582001022991E-0001	
 3.08850000000000E+0003	 4.50813114348048E-0001	
 3.09050000000000E+0003	 4.51023727673105E-0001	
 3.09250000000000E+0003	 4.51215840998162E-0001	
 3.09450000000000E+0003	 4.51355454323219E-0001	
 3.09650000000000E+0003	 4.51477567648276E-0001	
 3.09850000000000E+0003	 4.51633180973333E-0001	
 3.10050000000000E+0003	 4.51871294298390E-0001	
 3.10250000000000E+0003	 4.52144407623447E-0001	
 3.10450000000000E+0003	 4.52435020948504E-0001	
 3.10650000000000E+0003	 4.52765634273560E-0001	
 3.10850000000000E+0003	 4.53187247598617E-0001	
 3.11050000000000E+0003	 4.53671860923674E-0001	
 3.11250000000000E+0003	 4.54171474248731E-0001	
 3.11450000000000E+0003	 4.54741087573788E-0001	
 3.11650000000000E+0003	 4.55428200898845E-0001	
 3.11850000000000E+0003	 4.56198314223902E-0001	
 3.12050000000000E+0003	 4.57062427548959E-0001	
 3.12250000000000E+0003	 4.57978540874016E-0001	
 3.12450000000000E+0003	 4.58930154199073E-0001	
 3.12650000000000E+0003	 4.59943267524129E-0001	
 3.12850000000000E+0003	 4.61033880849186E-0001	
 3.13050000000000E+0003	 4.62201994174243E-0001	
 3.13250000000000E+0003	 4.63419607499300E-0001	
 3.13450000000000E+0003	 4.64665220824357E-0001	
 3.13650000000000E+0003	 4.65966834149414E-0001	
 3.13850000000000E+0003	 4.67349447474471E-0001	
 3.14050000000000E+0003	 4.68788560799528E-0001	
 3.14250000000000E+0003	 4.70230674124585E-0001	
 3.14450000000000E+0003	 4.71715287449642E-0001	
 3.14650000000000E+0003	 4.73252900774698E-0001	
 3.14850000000000E+0003	 4.74833514099755E-0001	
 3.15050000000000E+0003	 4.76474627424812E-0001	
 3.15250000000000E+0003	 4.78191740749869E-0001	
 3.15450000000000E+0003	 4.79904854074926E-0001	
 3.15650000000000E+0003	 4.81622467399983E-0001	
 3.15850000000000E+0003	 4.83386580725040E-0001	
 3.16050000000000E+0003	 4.85196694050097E-0001	
 3.16250000000000E+0003	 4.87037307375154E-0001	
 3.16450000000000E+0003	 4.88909420700211E-0001	
 3.16650000000000E+0003	 4.90800534025267E-0001	
 3.16850000000000E+0003	 4.92705147350324E-0001	
 3.17050000000000E+0003	 4.94618760675381E-0001	
 3.17250000000000E+0003	 4.96547874000438E-0001	
 3.17450000000000E+0003	 4.98474487325495E-0001	
 3.17650000000000E+0003	 5.00407600650552E-0001	
 3.17850000000000E+0003	 5.02336713975609E-0001	
 3.18050000000000E+0003	 5.04257827300666E-0001	
 3.18250000000000E+0003	 5.06163440625723E-0001	
 3.18450000000000E+0003	 5.08053553950780E-0001	
 3.18650000000000E+0003	 5.09919667275836E-0001	
 3.18850000000000E+0003	 5.11762280600893E-0001	
 3.19050000000000E+0003	 5.13572393925950E-0001	
 3.19250000000000E+0003	 5.15349507251007E-0001	
 3.19450000000000E+0003	 5.17089120576064E-0001	
 3.19650000000000E+0003	 5.18799233901121E-0001	
 3.19850000000000E+0003	 5.20478347226178E-0001	
 3.20050000000000E+0003	 5.22125960551235E-0001	
 3.20250000000000E+0003	 5.23734073876292E-0001	
 3.20450000000000E+0003	 5.25305687201349E-0001	
 3.20650000000000E+0003	 5.26844800526405E-0001	
 3.20850000000000E+0003	 5.28355413851462E-0001	
 3.21050000000000E+0003	 5.29833527176519E-0001	
 3.21250000000000E+0003	 5.31313140501576E-0001	
 3.21450000000000E+0003	 5.32796753826633E-0001	
 3.21650000000000E+0003	 5.34282867151690E-0001	
 3.21850000000000E+0003	 5.35788480476747E-0001	
 3.22050000000000E+0003	 5.37312593801804E-0001	
 3.22250000000000E+0003	 5.38850207126861E-0001	
 3.22450000000000E+0003	 5.40432320451918E-0001	
 3.22650000000000E+0003	 5.42052933776974E-0001	
 3.22850000000000E+0003	 5.43718047102031E-0001	
 3.23050000000000E+0003	 5.45437160427088E-0001	
 3.23250000000000E+0003	 5.47260773752145E-0001	
 3.23450000000000E+0003	 5.49157887077202E-0001	
 3.23650000000000E+0003	 5.51077500402259E-0001	
 3.23850000000000E+0003	 5.53062613727316E-0001	
 3.24050000000000E+0003	 5.55151227052373E-0001	
 3.24250000000000E+0003	 5.57327340377430E-0001	
 3.24450000000000E+0003	 5.59602453702487E-0001	
 3.24650000000000E+0003	 5.61976567027543E-0001	
 3.24850000000000E+0003	 5.64430180352600E-0001	
 3.25050000000000E+0003	 5.66924793677657E-0001	
 3.25250000000000E+0003	 5.69495407002714E-0001	
 3.25450000000000E+0003	 5.72156520327771E-0001	
 3.25650000000000E+0003	 5.74898633652828E-0001	
 3.25850000000000E+0003	 5.77667246977885E-0001	
 3.26050000000000E+0003	 5.80456360302942E-0001	
 3.26250000000000E+0003	 5.83262973627999E-0001	
 3.26450000000000E+0003	 5.86068586953056E-0001	
 3.26650000000000E+0003	 5.88821700278112E-0001	
 3.26850000000000E+0003	 5.91517813603169E-0001	
 3.27050000000000E+0003	 5.94188426928226E-0001	
 3.27250000000000E+0003	 5.96801540253283E-0001	
 3.27450000000000E+0003	 5.99285653578340E-0001	
 3.27650000000000E+0003	 6.01669266903397E-0001	
 3.27850000000000E+0003	 6.03932880228454E-0001	
 3.28050000000000E+0003	 6.06070493553511E-0001	
 3.28250000000000E+0003	 6.08075106878568E-0001	
 3.28450000000000E+0003	 6.09950720203625E-0001	
 3.28650000000000E+0003	 6.11683833528681E-0001	
 3.28850000000000E+0003	 6.13271446853738E-0001	
 3.29050000000000E+0003	 6.14725560178795E-0001	
 3.29250000000000E+0003	 6.16082673503852E-0001	
 3.29450000000000E+0003	 6.17307786828909E-0001	
 3.29650000000000E+0003	 6.18417900153966E-0001	
 3.29850000000000E+0003	 6.19389013479023E-0001	
 3.30050000000000E+0003	 6.20216126804080E-0001	
 3.30250000000000E+0003	 6.20916240129137E-0001	
 3.30450000000000E+0003	 6.21555853454194E-0001	
 3.30650000000000E+0003	 6.22149466779250E-0001	
 3.30850000000000E+0003	 6.22669580104307E-0001	
 3.31050000000000E+0003	 6.23085693429364E-0001	
 3.31250000000000E+0003	 6.23432306754421E-0001	
 3.31450000000000E+0003	 6.23728420079478E-0001	
 3.31650000000000E+0003	 6.23996033404535E-0001	
 3.31850000000000E+0003	 6.24229646729592E-0001	
 3.32050000000000E+0003	 6.24435260054649E-0001	
 3.32250000000000E+0003	 6.24605873379706E-0001	
 3.32450000000000E+0003	 6.24787486704763E-0001	
 3.32650000000000E+0003	 6.25006100029820E-0001	
 3.32850000000000E+0003	 6.25228713354876E-0001	
 3.33050000000000E+0003	 6.25435826679933E-0001	
 3.33250000000000E+0003	 6.25671940004990E-0001	
 3.33450000000000E+0003	 6.25926053330047E-0001	
 3.33650000000000E+0003	 6.26214666655104E-0001	
 3.33850000000000E+0003	 6.26558279980161E-0001	
 3.34050000000000E+0003	 6.26936893305218E-0001	
 3.34250000000000E+0003	 6.27336006630275E-0001	
 3.34450000000000E+0003	 6.27787119955332E-0001	
 3.34650000000000E+0003	 6.28254733280389E-0001	
 3.34850000000000E+0003	 6.28762346605445E-0001	
 3.35050000000000E+0003	 6.29341959930502E-0001	
 3.35250000000000E+0003	 6.29954573255559E-0001	
 3.35450000000000E+0003	 6.30561186580616E-0001	
 3.35650000000000E+0003	 6.31199799905673E-0001	
 3.35850000000000E+0003	 6.31878913230730E-0001	
 3.36050000000000E+0003	 6.32618526555787E-0001	
 3.36250000000000E+0003	 6.33355639880844E-0001	
 3.36450000000000E+0003	 6.34094753205901E-0001	
 3.36650000000000E+0003	 6.34869366530958E-0001	
 3.36850000000000E+0003	 6.35667479856014E-0001	
 3.37050000000000E+0003	 6.36414093181071E-0001	
 3.37250000000000E+0003	 6.37087206506128E-0001	
 3.37450000000000E+0003	 6.37730319831185E-0001	
 3.37650000000000E+0003	 6.38372933156242E-0001	
 3.37850000000000E+0003	 6.38970046481299E-0001	
 3.38050000000000E+0003	 6.39524659806356E-0001	
 3.38250000000000E+0003	 6.40033773131413E-0001	
 3.38450000000000E+0003	 6.40500886456470E-0001	
 3.38650000000000E+0003	 6.40909999781527E-0001	
 3.38850000000000E+0003	 6.41322613106583E-0001	
 3.39050000000000E+0003	 6.41775726431640E-0001	
 3.39250000000000E+0003	 6.42166839756697E-0001	
 3.39450000000000E+0003	 6.42414953081754E-0001	
 3.39650000000000E+0003	 6.42664566406811E-0001	
 3.39850000000000E+0003	 6.42988679731868E-0001	
 3.40050000000000E+0003	 6.43320293056925E-0001	
 3.40250000000000E+0003	 6.43488406381982E-0001	
 3.40450000000000E+0003	 6.43545019707039E-0001	
 3.40650000000000E+0003	 6.43636633032096E-0001	
 3.40850000000000E+0003	 6.43764246357152E-0001	
 3.41050000000000E+0003	 6.43847859682209E-0001	
 3.41250000000000E+0003	 6.43872973007266E-0001	
 3.41450000000000E+0003	 6.43800086332323E-0001	
 3.41650000000000E+0003	 6.43652699657380E-0001	
 3.41850000000000E+0003	 6.43485312982437E-0001	
 3.42050000000000E+0003	 6.43272926307494E-0001	
 3.42250000000000E+0003	 6.42941539632551E-0001	
 3.42450000000000E+0003	 6.42554652957608E-0001	
 3.42650000000000E+0003	 6.42151766282665E-0001	
 3.42850000000000E+0003	 6.41715379607721E-0001	
 3.43050000000000E+0003	 6.41156992932778E-0001	
 3.43250000000000E+0003	 6.40496606257835E-0001	
 3.43450000000000E+0003	 6.39808219582892E-0001	
 3.43650000000000E+0003	 6.38997832907949E-0001	
 3.43850000000000E+0003	 6.37944446233006E-0001	
 3.44050000000000E+0003	 6.36791059558063E-0001	
 3.44250000000000E+0003	 6.35645672883120E-0001	
 3.44450000000000E+0003	 6.34508786208177E-0001	
 3.44650000000000E+0003	 6.33314899533234E-0001	
 3.44850000000000E+0003	 6.31970512858290E-0001	
 3.45050000000000E+0003	 6.30559126183347E-0001	
 3.45250000000000E+0003	 6.29150239508404E-0001	
 3.45450000000000E+0003	 6.27677352833461E-0001	
 3.45650000000000E+0003	 6.26161466158518E-0001	
 3.45850000000000E+0003	 6.24634579483575E-0001	
 3.46050000000000E+0003	 6.23043192808632E-0001	
 3.46250000000000E+0003	 6.21308806133689E-0001	
 3.46450000000000E+0003	 6.19614419458746E-0001	
 3.46650000000000E+0003	 6.18031032783803E-0001	
 3.46850000000000E+0003	 6.16308646108859E-0001	
 3.47050000000000E+0003	 6.14283759433916E-0001	
 3.47250000000000E+0003	 6.12167872758973E-0001	
 3.47450000000000E+0003	 6.10143486084030E-0001	
 3.47650000000000E+0003	 6.08199599409087E-0001	
 3.47850000000000E+0003	 6.06315712734144E-0001	
 3.48050000000000E+0003	 6.04319326059201E-0001	
 3.48250000000000E+0003	 6.02111939384258E-0001	
 3.48450000000000E+0003	 5.99959552709315E-0001	
 3.48650000000000E+0003	 5.97902166034372E-0001	
 3.48850000000000E+0003	 5.95738279359428E-0001	
 3.49050000000000E+0003	 5.93500892684485E-0001	
 3.49250000000000E+0003	 5.91331506009542E-0001	
 3.49450000000000E+0003	 5.89191119334599E-0001	
 3.49650000000000E+0003	 5.86996732659656E-0001	
 3.49850000000000E+0003	 5.84736845984713E-0001	
 3.50050000000000E+0003	 5.82533959309770E-0001	
 3.50250000000000E+0003	 5.80274072634827E-0001	
 3.50450000000000E+0003	 5.77745185959884E-0001	
 3.50650000000000E+0003	 5.75220799284941E-0001	
 3.50850000000000E+0003	 5.72853412609997E-0001	
 3.51050000000000E+0003	 5.70470025935054E-0001	
 3.51250000000000E+0003	 5.68125139260111E-0001	
 3.51450000000000E+0003	 5.65737252585168E-0001	
 3.51650000000000E+0003	 5.63217365910225E-0001	
 3.51850000000000E+0003	 5.60666979235282E-0001	
 3.52050000000000E+0003	 5.58224092560339E-0001	
 3.52250000000000E+0003	 5.55862205885396E-0001	
 3.52450000000000E+0003	 5.53278319210453E-0001	
 3.52650000000000E+0003	 5.50504932535510E-0001	
 3.52850000000000E+0003	 5.47780545860566E-0001	
 3.53050000000000E+0003	 5.45108159185623E-0001	
 3.53250000000000E+0003	 5.42507272510680E-0001	
 3.53450000000000E+0003	 5.40001385835737E-0001	
 3.53650000000000E+0003	 5.37357499160794E-0001	
 3.53850000000000E+0003	 5.34476112485851E-0001	
 3.54050000000000E+0003	 5.31704725810908E-0001	
 3.54250000000000E+0003	 5.29120839135965E-0001	
 3.54450000000000E+0003	 5.26418452461022E-0001	
 3.54650000000000E+0003	 5.23284565786079E-0001	
 3.54850000000000E+0003	 5.20038179111135E-0001	
 3.55050000000000E+0003	 5.17082792436192E-0001	
 3.55250000000000E+0003	 5.14087405761249E-0001	
 3.55450000000000E+0003	 5.10923019086306E-0001	
 3.55650000000000E+0003	 5.07862132411363E-0001	
 3.55850000000000E+0003	 5.04852245736420E-0001	
 3.56050000000000E+0003	 5.01742859061477E-0001	
 3.56250000000000E+0003	 4.98521972386534E-0001	
 3.56450000000000E+0003	 4.95314585711591E-0001	
 3.56650000000000E+0003	 4.91921699036648E-0001	
 3.56850000000000E+0003	 4.88262812361704E-0001	
 3.57050000000000E+0003	 4.84840925686761E-0001	
 3.57250000000000E+0003	 4.81576039011818E-0001	
 3.57450000000000E+0003	 4.78152152336875E-0001	
 3.57650000000000E+0003	 4.74633265661932E-0001	
 3.57850000000000E+0003	 4.71108878986989E-0001	
 3.58050000000000E+0003	 4.67585492312046E-0001	
 3.58250000000000E+0003	 4.64093605637103E-0001	
 3.58450000000000E+0003	 4.60684218962160E-0001	
 3.58650000000000E+0003	 4.56956832287217E-0001	
 3.58850000000000E+0003	 4.52648445612273E-0001	
 3.59050000000000E+0003	 4.48670558937330E-0001	
 3.59250000000000E+0003	 4.45187172262387E-0001	
 3.59450000000000E+0003	 4.41468285587444E-0001	
 3.59650000000000E+0003	 4.37585898912501E-0001	
 3.59850000000000E+0003	 4.33893012237558E-0001	
 3.60050000000000E+0003	 4.30172125562615E-0001	
 3.60250000000000E+0003	 4.26345238887672E-0001	
 3.60450000000000E+0003	 4.22649352212729E-0001	
 3.60650000000000E+0003	 4.18961465537786E-0001	
 3.60850000000000E+0003	 4.14986578862842E-0001	
 3.61050000000000E+0003	 4.11012192187899E-0001	
 3.61250000000000E+0003	 4.07289305512956E-0001	
 3.61450000000000E+0003	 4.03583918838013E-0001	
 3.61650000000000E+0003	 4.00041532163070E-0001	
 3.61850000000000E+0003	 3.96454645488127E-0001	
 3.62050000000000E+0003	 3.92566258813184E-0001	
 3.62250000000000E+0003	 3.88856872138241E-0001	
 3.62450000000000E+0003	 3.85470985463298E-0001	
 3.62650000000000E+0003	 3.82197598788355E-0001	
 3.62850000000000E+0003	 3.78473712113411E-0001	
 3.63050000000000E+0003	 3.74364825438468E-0001	
 3.63250000000000E+0003	 3.70970938763525E-0001	
 3.63450000000000E+0003	 3.67824552088582E-0001	
 3.63650000000000E+0003	 3.64515665413639E-0001	
 3.63850000000000E+0003	 3.61260278738696E-0001	
 3.64050000000000E+0003	 3.58022892063753E-0001	
 3.64250000000000E+0003	 3.54829005388810E-0001	
 3.64450000000000E+0003	 3.51786118713867E-0001	
 3.64650000000000E+0003	 3.48820232038924E-0001	
 3.64850000000000E+0003	 3.45621345363980E-0001	
 3.65050000000000E+0003	 3.42342458689037E-0001	
 3.65250000000000E+0003	 3.39392072014094E-0001	
 3.65450000000000E+0003	 3.36802685339151E-0001	
 3.65650000000000E+0003	 3.34133298664208E-0001	
 3.65850000000000E+0003	 3.31438911989265E-0001	
 3.66050000000000E+0003	 3.28949525314322E-0001	
 3.66250000000000E+0003	 3.26414138639379E-0001	
 3.66450000000000E+0003	 3.23924251964436E-0001	
 3.66650000000000E+0003	 3.21649365289493E-0001	
 3.66850000000000E+0003	 3.19429978614549E-0001	
 3.67050000000000E+0003	 3.17106591939606E-0001	
 3.67250000000000E+0003	 3.14976205264663E-0001	
 3.67450000000000E+0003	 3.13090318589720E-0001	
 3.67650000000000E+0003	 3.11032431914777E-0001	
 3.67850000000000E+0003	 3.09108545239834E-0001	
 3.68050000000000E+0003	 3.07429158564891E-0001	
 3.68250000000000E+0003	 3.05761771889948E-0001	
 3.68450000000000E+0003	 3.04191885215005E-0001	
 3.68650000000000E+0003	 3.02730498540062E-0001	
 3.68850000000000E+0003	 3.01276611865118E-0001	
 3.69050000000000E+0003	 2.99715225190175E-0001	
 3.69250000000000E+0003	 2.98204338515232E-0001	
 3.69450000000000E+0003	 2.96892951840289E-0001	
 3.69650000000000E+0003	 2.95702065165346E-0001	
 3.69850000000000E+0003	 2.94540178490403E-0001	
 3.70050000000000E+0003	 2.93431791815460E-0001	
 3.70250000000000E+0003	 2.92369905140517E-0001	
 3.70450000000000E+0003	 2.91337018465574E-0001	
 3.70650000000000E+0003	 2.90375631790631E-0001	
 3.70850000000000E+0003	 2.89466745115687E-0001	
 3.71050000000000E+0003	 2.88590358440744E-0001	
 3.71250000000000E+0003	 2.87794471765801E-0001	
 3.71450000000000E+0003	 2.87045585090858E-0001	
 3.71650000000000E+0003	 2.86321698415915E-0001	
 3.71850000000000E+0003	 2.85603811740972E-0001	
 3.72050000000000E+0003	 2.84884425066029E-0001	
 3.72250000000000E+0003	 2.84214538391086E-0001	
 3.72450000000000E+0003	 2.83559151716143E-0001	
 3.72650000000000E+0003	 2.82911265041200E-0001	
 3.72850000000000E+0003	 2.82280378366256E-0001	
 3.73050000000000E+0003	 2.81679991691313E-0001	
 3.73250000000000E+0003	 2.81140605016370E-0001	
 3.73450000000000E+0003	 2.80592218341427E-0001	
 3.73650000000000E+0003	 2.80056831666484E-0001	
 3.73850000000000E+0003	 2.79548444991541E-0001	
 3.74050000000000E+0003	 2.79077558316598E-0001	
 3.74250000000000E+0003	 2.78558671641655E-0001	
 3.74450000000000E+0003	 2.78030284966712E-0001	
 3.74650000000000E+0003	 2.77533898291769E-0001	
 3.74850000000000E+0003	 2.77052511616826E-0001	
 3.75050000000000E+0003	 2.76612124941882E-0001	
 3.75250000000000E+0003	 2.76245738266939E-0001	
 3.75450000000000E+0003	 2.75872851591996E-0001	
 3.75650000000000E+0003	 2.75483964917053E-0001	
 3.75850000000000E+0003	 2.75111078242110E-0001	
 3.76050000000000E+0003	 2.74769691567167E-0001	
 3.76250000000000E+0003	 2.74386304892224E-0001	
 3.76450000000000E+0003	 2.73999918217281E-0001	
 3.76650000000000E+0003	 2.73643531542338E-0001	
 3.76850000000000E+0003	 2.73280144867395E-0001	
 3.77050000000000E+0003	 2.72979258192451E-0001	
 3.77250000000000E+0003	 2.72659871517508E-0001	
 3.77450000000000E+0003	 2.72313984842565E-0001	
 3.77650000000000E+0003	 2.71978098167622E-0001	
 3.77850000000000E+0003	 2.71700211492679E-0001	
 3.78050000000000E+0003	 2.71442824817736E-0001	
 3.78250000000000E+0003	 2.71086938142793E-0001	
 3.78450000000000E+0003	 2.70764051467850E-0001	
 3.78650000000000E+0003	 2.70500164792907E-0001	
 3.78850000000000E+0003	 2.70239278117964E-0001	
 3.79050000000000E+0003	 2.69971391443020E-0001	
 3.79250000000000E+0003	 2.69672504768077E-0001	
 3.79450000000000E+0003	 2.69340618093134E-0001	
 3.79650000000000E+0003	 2.69089231418191E-0001	
 3.79850000000000E+0003	 2.68838844743248E-0001	
 3.80050000000000E+0003	 2.68546458068305E-0001	
 3.80250000000000E+0003	 2.68355571393362E-0001	
 3.80450000000000E+0003	 2.68104684718419E-0001	
 3.80650000000000E+0003	 2.67899798043476E-0001	
 3.80850000000000E+0003	 2.67740411368533E-0001	
 3.81050000000000E+0003	 2.67518524693589E-0001	
 3.81250000000000E+0003	 2.67271638018646E-0001	
 3.81450000000000E+0003	 2.66990251343703E-0001	
 3.81650000000000E+0003	 2.66808364668760E-0001	
 3.81850000000000E+0003	 2.66611977993817E-0001	
 3.82050000000000E+0003	 2.66446091318874E-0001	
 3.82250000000000E+0003	 2.66337704643931E-0001	
 3.82450000000000E+0003	 2.66100317968988E-0001	
 3.82650000000000E+0003	 2.65906931294045E-0001	
 3.82850000000000E+0003	 2.65734544619102E-0001	
 3.83050000000000E+0003	 2.65552157944158E-0001	
 3.83250000000000E+0003	 2.65424271269215E-0001	
 3.83450000000000E+0003	 2.65318884594272E-0001	
 3.83650000000000E+0003	 2.65163997919329E-0001	
 3.83850000000000E+0003	 2.64948611244386E-0001	
 3.84050000000000E+0003	 2.64758724569443E-0001	
 3.84250000000000E+0003	 2.64631337894500E-0001	
 3.84450000000000E+0003	 2.64543951219557E-0001	
 3.84650000000000E+0003	 2.64394064544614E-0001	
 3.84850000000000E+0003	 2.64212177869671E-0001	
 3.85050000000000E+0003	 2.64035791194727E-0001	
 3.85250000000000E+0003	 2.63935404519784E-0001	
 3.85450000000000E+0003	 2.64021517844841E-0001	
 3.85650000000000E+0003	 2.63896131169898E-0001	
 3.85850000000000E+0003	 2.63642244494955E-0001	
 3.86050000000000E+0003	 2.63461857820012E-0001	
 3.86250000000000E+0003	 2.63340471145069E-0001	
 3.86450000000000E+0003	 2.63288584470126E-0001	
 3.86650000000000E+0003	 2.63211697795183E-0001	
 3.86850000000000E+0003	 2.63056311120240E-0001	
 3.87050000000000E+0003	 2.62993924445296E-0001	
 3.87250000000000E+0003	 2.62918537770353E-0001	
 3.87450000000000E+0003	 2.62863651095410E-0001	
 3.87650000000000E+0003	 2.62782264420467E-0001	
 3.87850000000000E+0003	 2.62650377745524E-0001	
 3.88050000000000E+0003	 2.62609491070581E-0001	
 3.88250000000000E+0003	 2.62582604395638E-0001	
 3.88450000000000E+0003	 2.62512217720695E-0001	
 3.88650000000000E+0003	 2.62477331045752E-0001	
 3.88850000000000E+0003	 2.62369444370809E-0001	
 3.89050000000000E+0003	 2.62298057695865E-0001	
 3.89250000000000E+0003	 2.62294671020922E-0001	
 3.89450000000000E+0003	 2.62226784345979E-0001	
 3.89650000000000E+0003	 2.62126897671036E-0001	
 3.89850000000000E+0003	 2.62060510996093E-0001	
 3.90050000000000E+0003	 2.61993624321150E-0001	
 3.90250000000000E+0003	 2.61940237646207E-0001	
 3.90450000000000E+0003	 2.62000350971264E-0001	
 3.90650000000000E+0003	 2.62027964296321E-0001	
 3.90850000000000E+0003	 2.61959577621378E-0001	
 3.91050000000000E+0003	 2.61904690946434E-0001	
 3.91250000000000E+0003	 2.61879304271491E-0001	
 3.91450000000000E+0003	 2.61846417596548E-0001	
 3.91650000000000E+0003	 2.61817030921605E-0001	
 3.91850000000000E+0003	 2.61801644246662E-0001	
 3.92050000000000E+0003	 2.61795757571719E-0001	
 3.92250000000000E+0003	 2.61773370896776E-0001	
 3.92450000000000E+0003	 2.61767984221833E-0001	
 3.92650000000000E+0003	 2.61764597546890E-0001	
 3.92850000000000E+0003	 2.61730210871947E-0001	
 3.93050000000000E+0003	 2.61699324197003E-0001	
 3.93250000000000E+0003	 2.61686937522060E-0001	
 3.93450000000000E+0003	 2.61681050847117E-0001	
 3.93650000000000E+0003	 2.61649164172174E-0001	
 3.93850000000000E+0003	 2.61609777497231E-0001	
 3.94050000000000E+0003	 2.61572390822288E-0001	
 3.94250000000000E+0003	 2.61559004147345E-0001	
 3.94450000000000E+0003	 2.61541617472402E-0001	
 3.94650000000000E+0003	 2.61495230797459E-0001	
 3.94850000000000E+0003	 2.61464344122516E-0001	
 3.95050000000000E+0003	 2.61452957447572E-0001	
 3.95250000000000E+0003	 2.61433570772629E-0001	
 3.95450000000000E+0003	 2.61405684097686E-0001	
 3.95650000000000E+0003	 2.61379297422743E-0001	
 3.95850000000000E+0003	 2.61355910747800E-0001	
 3.96050000000000E+0003	 2.61328524072857E-0001	
 3.96250000000000E+0003	 2.61301137397914E-0001	
 3.96450000000000E+0003	 2.61277250722971E-0001	
 3.96650000000000E+0003	 2.61258864048028E-0001	
 3.96850000000000E+0003	 2.61242977373085E-0001	
 3.97050000000000E+0003	 2.61222090698141E-0001	
 3.97250000000000E+0003	 2.61203204023198E-0001	
 3.97450000000000E+0003	 2.61195317348255E-0001	
 3.97650000000000E+0003	 2.61184930673312E-0001	
 3.97850000000000E+0003	 2.61156043998369E-0001	
 3.98050000000000E+0003	 2.61127657323426E-0001	
 3.98250000000000E+0003	 2.61132270648483E-0001	
 3.98450000000000E+0003	 2.61131883973540E-0001	
 3.98650000000000E+0003	 2.61092997298597E-0001	
 3.98850000000000E+0003	 2.61047610623654E-0001	
 3.99050000000000E+0003	 2.61020223948710E-0001	
 3.99250000000000E+0003	 2.60993837273767E-0001	
 3.99450000000000E+0003	 2.60972450598824E-0001	
 3.99650000000000E+0003	 2.60956563923881E-0001	
 3.99850000000000E+0003	 2.60863213235294E-0001	

>1	DATALINE
