*CPCWIN*

>1	DATALINE
DATALINE
1
Operator:

Description:

Remarks:





15.9.2008
11:17


_x	_y
	
	
UNIT	UNIT
 4.50500000000000E+0002	 1.34724358522292E-0001	
 4.52500000000000E+0002	 1.34806785710374E-0001	
 4.54500000000000E+0002	 1.35853212898455E-0001	
 4.56500000000000E+0002	 1.36501640086537E-0001	
 4.58500000000000E+0002	 1.37105567274619E-0001	
 4.60500000000000E+0002	 1.37624494462701E-0001	
 4.62500000000000E+0002	 1.38603421650783E-0001	
 4.64500000000000E+0002	 1.39719848838865E-0001	
 4.66500000000000E+0002	 1.39985276026947E-0001	
 4.68500000000000E+0002	 1.40005203215029E-0001	
 4.70500000000000E+0002	 1.40999630403111E-0001	
 4.72500000000000E+0002	 1.41751557591193E-0001	
 4.74500000000000E+0002	 1.42565484779275E-0001	
 4.76500000000000E+0002	 1.43084411967357E-0001	
 4.78500000000000E+0002	 1.44014339155439E-0001	
 4.80500000000000E+0002	 1.44780266343521E-0001	
 4.82500000000000E+0002	 1.45619693531603E-0001	
 4.84500000000000E+0002	 1.46142620719685E-0001	
 4.86500000000000E+0002	 1.46786547907766E-0001	
 4.88500000000000E+0002	 1.47689975095848E-0001	
 4.90500000000000E+0002	 1.48358402283930E-0001	
 4.92500000000000E+0002	 1.48912829472012E-0001	
 4.94500000000000E+0002	 1.50019756660094E-0001	
 4.96500000000000E+0002	 1.50936183848176E-0001	
 4.98500000000000E+0002	 1.51780611036258E-0001	
 5.00500000000000E+0002	 1.52111538224340E-0001	
 5.02500000000000E+0002	 1.52747965412422E-0001	
 5.04500000000000E+0002	 1.53912892600504E-0001	
 5.06500000000000E+0002	 1.55139819788586E-0001	
 5.08500000000000E+0002	 1.56077746976668E-0001	
 5.10500000000000E+0002	 1.57213674164750E-0001	
 5.12500000000000E+0002	 1.58493101352832E-0001	
 5.14500000000000E+0002	 1.59674528540914E-0001	
 5.16500000000000E+0002	 1.60564955728996E-0001	
 5.18500000000000E+0002	 1.62139882917077E-0001	
 5.20500000000000E+0002	 1.64248310105159E-0001	
 5.22500000000000E+0002	 1.66467737293241E-0001	
 5.24500000000000E+0002	 1.68371664481323E-0001	
 5.26500000000000E+0002	 1.71207591669405E-0001	
 5.28500000000000E+0002	 1.74796518857487E-0001	
 5.30500000000000E+0002	 1.77392446045569E-0001	
 5.32500000000000E+0002	 1.77596873233651E-0001	
 5.34500000000000E+0002	 1.76489300421733E-0001	
 5.36500000000000E+0002	 1.75170227609815E-0001	
 5.38500000000000E+0002	 1.74161654797897E-0001	
 5.40500000000000E+0002	 1.73145081985979E-0001	
 5.42500000000000E+0002	 1.72281509174061E-0001	
 5.44500000000000E+0002	 1.71365436362143E-0001	
 5.46500000000000E+0002	 1.70558363550225E-0001	
 5.48500000000000E+0002	 1.69771290738306E-0001	
 5.50500000000000E+0002	 1.69310717926388E-0001	
 5.52500000000000E+0002	 1.68955145114470E-0001	
 5.54500000000000E+0002	 1.68588072302552E-0001	
 5.56500000000000E+0002	 1.68096999490634E-0001	
 5.58500000000000E+0002	 1.67761426678716E-0001	
 5.60500000000000E+0002	 1.67348853866798E-0001	
 5.62500000000000E+0002	 1.67019281054880E-0001	
 5.64500000000000E+0002	 1.66592208242962E-0001	
 5.66500000000000E+0002	 1.66242135431044E-0001	
 5.68500000000000E+0002	 1.65803062619126E-0001	
 5.70500000000000E+0002	 1.65540989807208E-0001	
 5.72500000000000E+0002	 1.65282916995290E-0001	
 5.74500000000000E+0002	 1.65029344183372E-0001	
 5.76500000000000E+0002	 1.64750771371454E-0001	
 5.78500000000000E+0002	 1.64729698559536E-0001	
 5.80500000000000E+0002	 1.64439625747617E-0001	
 5.82500000000000E+0002	 1.64332052935699E-0001	
 5.84500000000000E+0002	 1.64130980123781E-0001	
 5.86500000000000E+0002	 1.64090407311863E-0001	
 5.88500000000000E+0002	 1.64001834499945E-0001	
 5.90500000000000E+0002	 1.63818261688027E-0001	
 5.92500000000000E+0002	 1.63728688876109E-0001	
 5.94500000000000E+0002	 1.64045616064191E-0001	
 5.96500000000000E+0002	 1.64218043252273E-0001	
 5.98500000000000E+0002	 1.64236470440355E-0001	
 6.00500000000000E+0002	 1.64126897628437E-0001	
 6.02500000000000E+0002	 1.64264824816519E-0001	
 6.04500000000000E+0002	 1.64268252004601E-0001	
 6.06500000000000E+0002	 1.64300179192683E-0001	
 6.08500000000000E+0002	 1.64311106380765E-0001	
 6.10500000000000E+0002	 1.64387033568847E-0001	
 6.12500000000000E+0002	 1.64428960756928E-0001	
 6.14500000000000E+0002	 1.64508887945010E-0001	
 6.16500000000000E+0002	 1.64554815133092E-0001	
 6.18500000000000E+0002	 1.64563742321174E-0001	
 6.20500000000000E+0002	 1.64296669509256E-0001	
 6.22500000000000E+0002	 1.63997096697338E-0001	
 6.24500000000000E+0002	 1.63510523885420E-0001	
 6.26500000000000E+0002	 1.63081451073502E-0001	
 6.28500000000000E+0002	 1.62663878261584E-0001	
 6.30500000000000E+0002	 1.62168305449666E-0001	
 6.32500000000000E+0002	 1.61524232637748E-0001	
 6.34500000000000E+0002	 1.60954659825830E-0001	
 6.36500000000000E+0002	 1.60587087013912E-0001	
 6.38500000000000E+0002	 1.60393514201994E-0001	
 6.40500000000000E+0002	 1.60181441390076E-0001	
 6.42500000000000E+0002	 1.60083868578158E-0001	
 6.44500000000000E+0002	 1.59851295766239E-0001	
 6.46500000000000E+0002	 1.59679222954321E-0001	
 6.48500000000000E+0002	 1.59538650142403E-0001	
 6.50500000000000E+0002	 1.59456077330485E-0001	
 6.52500000000000E+0002	 1.59319504518567E-0001	
 6.54500000000000E+0002	 1.59212931706649E-0001	
 6.56500000000000E+0002	 1.58977358894731E-0001	
 6.58500000000000E+0002	 1.58676786082813E-0001	
 6.60500000000000E+0002	 1.58259213270895E-0001	
 6.62500000000000E+0002	 1.57776140458977E-0001	
 6.64500000000000E+0002	 1.57202067647059E-0001	
 6.66500000000000E+0002	 1.56601994835141E-0001	
 6.68500000000000E+0002	 1.55767422023223E-0001	
 6.70500000000000E+0002	 1.54870849211305E-0001	
 6.72500000000000E+0002	 1.53975776399387E-0001	
 6.74500000000000E+0002	 1.53138203587469E-0001	
 6.76500000000000E+0002	 1.52249630775550E-0001	
 6.78500000000000E+0002	 1.51416557963632E-0001	
 6.80500000000000E+0002	 1.50565485151714E-0001	
 6.82500000000000E+0002	 1.49815912339796E-0001	
 6.84500000000000E+0002	 1.49056839527878E-0001	
 6.86500000000000E+0002	 1.48357266715960E-0001	
 6.88500000000000E+0002	 1.47643193904042E-0001	
 6.90500000000000E+0002	 1.47215121092124E-0001	
 6.92500000000000E+0002	 1.46886548280206E-0001	
 6.94500000000000E+0002	 1.46684975468288E-0001	
 6.96500000000000E+0002	 1.46492902656370E-0001	
 6.98500000000000E+0002	 1.46335329844452E-0001	
 7.00500000000000E+0002	 1.45933757032534E-0001	
 7.02500000000000E+0002	 1.45217184220616E-0001	
 7.04500000000000E+0002	 1.44151611408698E-0001	
 7.06500000000000E+0002	 1.43069038596779E-0001	
 7.08500000000000E+0002	 1.41946965784861E-0001	
 7.10500000000000E+0002	 1.40945892972943E-0001	
 7.12500000000000E+0002	 1.39937820161025E-0001	
 7.14500000000000E+0002	 1.39004747349107E-0001	
 7.16500000000000E+0002	 1.38083174537189E-0001	
 7.18500000000000E+0002	 1.37323601725271E-0001	
 7.20500000000000E+0002	 1.36547028913353E-0001	
 7.22500000000000E+0002	 1.35691956101435E-0001	
 7.24500000000000E+0002	 1.34671383289517E-0001	
 7.26500000000000E+0002	 1.33606310477599E-0001	
 7.28500000000000E+0002	 1.32439237665681E-0001	
 7.30500000000000E+0002	 1.31350664853763E-0001	
 7.32500000000000E+0002	 1.30351092041845E-0001	
 7.34500000000000E+0002	 1.29545519229927E-0001	
 7.36500000000000E+0002	 1.28846946418009E-0001	
 7.38500000000000E+0002	 1.28264373606090E-0001	
 7.40500000000000E+0002	 1.27666800794172E-0001	
 7.42500000000000E+0002	 1.27099727982254E-0001	
 7.44500000000000E+0002	 1.26497655170336E-0001	
 7.46500000000000E+0002	 1.25906582358418E-0001	
 7.48500000000000E+0002	 1.25223509546500E-0001	
 7.50500000000000E+0002	 1.24482936734582E-0001	
 7.52500000000000E+0002	 1.23702863922664E-0001	
 7.54500000000000E+0002	 1.22972291110746E-0001	
 7.56500000000000E+0002	 1.22274718298828E-0001	
 7.58500000000000E+0002	 1.21615145486910E-0001	
 7.60500000000000E+0002	 1.20995572674992E-0001	
 7.62500000000000E+0002	 1.20512999863074E-0001	
 7.64500000000000E+0002	 1.20145427051156E-0001	
 7.66500000000000E+0002	 1.19780354239238E-0001	
 7.68500000000000E+0002	 1.19331781427320E-0001	
 7.70500000000000E+0002	 1.18881208615401E-0001	
 7.72500000000000E+0002	 1.18534635803483E-0001	
 7.74500000000000E+0002	 1.18390562991565E-0001	
 7.76500000000000E+0002	 1.18560990179647E-0001	
 7.78500000000000E+0002	 1.18901917367729E-0001	
 7.80500000000000E+0002	 1.18861344555811E-0001	
 7.82500000000000E+0002	 1.18122771743893E-0001	
 7.84500000000000E+0002	 1.17064198931975E-0001	
 7.86500000000000E+0002	 1.16018626120057E-0001	
 7.88500000000000E+0002	 1.15020053308139E-0001	
 7.90500000000000E+0002	 1.14093980496221E-0001	
 7.92500000000000E+0002	 1.13390407684303E-0001	
 7.94500000000000E+0002	 1.12964334872385E-0001	
 7.96500000000000E+0002	 1.12608762060467E-0001	
 7.98500000000000E+0002	 1.12105689248549E-0001	
 8.00500000000000E+0002	 1.11509616436631E-0001	
 8.02500000000000E+0002	 1.11035543624712E-0001	
 8.04500000000000E+0002	 1.10804970812794E-0001	
 8.06500000000000E+0002	 1.10816898000876E-0001	
 8.08500000000000E+0002	 1.10892825188958E-0001	
 8.10500000000000E+0002	 1.10936752377040E-0001	
 8.12500000000000E+0002	 1.10832179565122E-0001	
 8.14500000000000E+0002	 1.10613106753204E-0001	
 8.16500000000000E+0002	 1.10232533941286E-0001	
 8.18500000000000E+0002	 1.09781961129368E-0001	
 8.20500000000000E+0002	 1.09262388317450E-0001	
 8.22500000000000E+0002	 1.08784315505532E-0001	
 8.24500000000000E+0002	 1.08271242693614E-0001	
 8.26500000000000E+0002	 1.07817169881696E-0001	
 8.28500000000000E+0002	 1.07326597069778E-0001	
 8.30500000000000E+0002	 1.06852524257860E-0001	
 8.32500000000000E+0002	 1.06302951445942E-0001	
 8.34500000000000E+0002	 1.05748378634023E-0001	
 8.36500000000000E+0002	 1.05137305822105E-0001	
 8.38500000000000E+0002	 1.04619233010187E-0001	
 8.40500000000000E+0002	 1.04158160198269E-0001	
 8.42500000000000E+0002	 1.03858587386351E-0001	
 8.44500000000000E+0002	 1.03675014574433E-0001	
 8.46500000000000E+0002	 1.03710941762515E-0001	
 8.48500000000000E+0002	 1.03828868950597E-0001	
 8.50500000000000E+0002	 1.03985796138679E-0001	
 8.52500000000000E+0002	 1.04051223326761E-0001	
 8.54500000000000E+0002	 1.04069150514843E-0001	
 8.56500000000000E+0002	 1.03957577702925E-0001	
 8.58500000000000E+0002	 1.03783004891007E-0001	
 8.60500000000000E+0002	 1.03501932079089E-0001	
 8.62500000000000E+0002	 1.03187359267171E-0001	
 8.64500000000000E+0002	 1.02827786455252E-0001	
 8.66500000000000E+0002	 1.02537213643334E-0001	
 8.68500000000000E+0002	 1.02425640831416E-0001	
 8.70500000000000E+0002	 1.02714568019498E-0001	
 8.72500000000000E+0002	 1.03041495207580E-0001	
 8.74500000000000E+0002	 1.02830922395662E-0001	
 8.76500000000000E+0002	 1.02217349583744E-0001	
 8.78500000000000E+0002	 1.01540776771826E-0001	
 8.80500000000000E+0002	 1.00782203959908E-0001	
 8.82500000000000E+0002	 9.99181311479899E-0002	
 8.84500000000000E+0002	 9.89605583360719E-0002	
 8.86500000000000E+0002	 9.79679855241538E-0002	
 8.88500000000000E+0002	 9.70534127122357E-0002	
 8.90500000000000E+0002	 9.62883399003177E-0002	
 8.92500000000000E+0002	 9.57247670883996E-0002	
 8.94500000000000E+0002	 9.53386942764815E-0002	
 8.96500000000000E+0002	 9.51086214645635E-0002	
 8.98500000000000E+0002	 9.49840486526454E-0002	
 9.00500000000000E+0002	 9.49899758407274E-0002	
 9.02500000000000E+0002	 9.51479030288093E-0002	
 9.04500000000000E+0002	 9.55198302168912E-0002	
 9.06500000000000E+0002	 9.60802574049732E-0002	
 9.08500000000000E+0002	 9.67676845930551E-0002	
 9.10500000000000E+0002	 9.74336117811370E-0002	
 9.12500000000000E+0002	 9.79605389692190E-0002	
 9.14500000000000E+0002	 9.82299661573009E-0002	
 9.16500000000000E+0002	 9.81978933453828E-0002	
 9.18500000000000E+0002	 9.79148205334648E-0002	
 9.20500000000000E+0002	 9.74972477215467E-0002	
 9.22500000000000E+0002	 9.70816749096287E-0002	
 9.24500000000000E+0002	 9.67601020977106E-0002	
 9.26500000000000E+0002	 9.65955292857925E-0002	
 9.28500000000000E+0002	 9.65834564738745E-0002	
 9.30500000000000E+0002	 9.66953836619564E-0002	
 9.32500000000000E+0002	 9.68628108500383E-0002	
 9.34500000000000E+0002	 9.70722380381203E-0002	
 9.36500000000000E+0002	 9.73251652262022E-0002	
 9.38500000000000E+0002	 9.76680924142841E-0002	
 9.40500000000000E+0002	 9.81300196023661E-0002	
 9.42500000000000E+0002	 9.87489467904480E-0002	
 9.44500000000000E+0002	 9.94893739785300E-0002	
 9.46500000000000E+0002	 1.00347801166612E-0001	
 9.48500000000000E+0002	 1.01312228354694E-0001	
 9.50500000000000E+0002	 1.02401655542776E-0001	
 9.52500000000000E+0002	 1.03636082730858E-0001	
 9.54500000000000E+0002	 1.05058509918940E-0001	
 9.56500000000000E+0002	 1.06658937107022E-0001	
 9.58500000000000E+0002	 1.08374364295104E-0001	
 9.60500000000000E+0002	 1.10052791483185E-0001	
 9.62500000000000E+0002	 1.11558718671267E-0001	
 9.64500000000000E+0002	 1.12792645859349E-0001	
 9.66500000000000E+0002	 1.13744073047431E-0001	
 9.68500000000000E+0002	 1.14438500235513E-0001	
 9.70500000000000E+0002	 1.14976427423595E-0001	
 9.72500000000000E+0002	 1.15459854611677E-0001	
 9.74500000000000E+0002	 1.15989281799759E-0001	
 9.76500000000000E+0002	 1.16648708987841E-0001	
 9.78500000000000E+0002	 1.17517636175923E-0001	
 9.80500000000000E+0002	 1.18618563364005E-0001	
 9.82500000000000E+0002	 1.19916990552087E-0001	
 9.84500000000000E+0002	 1.21317917740169E-0001	
 9.86500000000000E+0002	 1.22756844928251E-0001	
 9.88500000000000E+0002	 1.24191772116333E-0001	
 9.90500000000000E+0002	 1.25588199304415E-0001	
 9.92500000000000E+0002	 1.26912626492496E-0001	
 9.94500000000000E+0002	 1.28141053680578E-0001	
 9.96500000000000E+0002	 1.29325480868660E-0001	
 9.98500000000000E+0002	 1.30567408056742E-0001	
 1.00050000000000E+0003	 1.32004335244824E-0001	
 1.00250000000000E+0003	 1.33717262432906E-0001	
 1.00450000000000E+0003	 1.35743689620988E-0001	
 1.00650000000000E+0003	 1.38101616809070E-0001	
 1.00850000000000E+0003	 1.40749543997152E-0001	
 1.01050000000000E+0003	 1.43545471185234E-0001	
 1.01250000000000E+0003	 1.46396398373316E-0001	
 1.01450000000000E+0003	 1.49281325561398E-0001	
 1.01650000000000E+0003	 1.52215752749480E-0001	
 1.01850000000000E+0003	 1.55228679937562E-0001	
 1.02050000000000E+0003	 1.58300607125644E-0001	
 1.02250000000000E+0003	 1.61397034313725E-0001	
 1.02450000000000E+0003	 1.64477461501807E-0001	
 1.02650000000000E+0003	 1.67540388689889E-0001	
 1.02850000000000E+0003	 1.70501315877971E-0001	
 1.03050000000000E+0003	 1.73276743066053E-0001	
 1.03250000000000E+0003	 1.75752670254135E-0001	
 1.03450000000000E+0003	 1.77979597442217E-0001	
 1.03650000000000E+0003	 1.79943024630299E-0001	
 1.03850000000000E+0003	 1.81647951818381E-0001	
 1.04050000000000E+0003	 1.83048379006463E-0001	
 1.04250000000000E+0003	 1.84235806194545E-0001	
 1.04450000000000E+0003	 1.85283233382627E-0001	
 1.04650000000000E+0003	 1.86397160570709E-0001	
 1.04850000000000E+0003	 1.87652087758791E-0001	
 1.05050000000000E+0003	 1.89106514946873E-0001	
 1.05250000000000E+0003	 1.90582442134955E-0001	
 1.05450000000000E+0003	 1.92012369323036E-0001	
 1.05650000000000E+0003	 1.93291796511118E-0001	
 1.05850000000000E+0003	 1.94398223699200E-0001	
 1.06050000000000E+0003	 1.95211650887282E-0001	
 1.06250000000000E+0003	 1.95786078075364E-0001	
 1.06450000000000E+0003	 1.96197005263446E-0001	
 1.06650000000000E+0003	 1.96606432451528E-0001	
 1.06850000000000E+0003	 1.97025859639610E-0001	
 1.07050000000000E+0003	 1.97478286827692E-0001	
 1.07250000000000E+0003	 1.97904714015774E-0001	
 1.07450000000000E+0003	 1.98312641203856E-0001	
 1.07650000000000E+0003	 1.98627068391938E-0001	
 1.07850000000000E+0003	 1.98841995580020E-0001	
 1.08050000000000E+0003	 1.98895422768102E-0001	
 1.08250000000000E+0003	 1.98776349956184E-0001	
 1.08450000000000E+0003	 1.98482777144266E-0001	
 1.08650000000000E+0003	 1.98004704332347E-0001	
 1.08850000000000E+0003	 1.97274131520429E-0001	
 1.09050000000000E+0003	 1.96253058708511E-0001	
 1.09250000000000E+0003	 1.94945985896593E-0001	
 1.09450000000000E+0003	 1.93417413084675E-0001	
 1.09650000000000E+0003	 1.91787840272757E-0001	
 1.09850000000000E+0003	 1.90193267460839E-0001	
 1.10050000000000E+0003	 1.88675194648921E-0001	
 1.10250000000000E+0003	 1.87195121837003E-0001	
 1.10450000000000E+0003	 1.85701549025085E-0001	
 1.10650000000000E+0003	 1.84166476213167E-0001	
 1.10850000000000E+0003	 1.82634903401249E-0001	
 1.11050000000000E+0003	 1.81126830589331E-0001	
 1.11250000000000E+0003	 1.79642757777413E-0001	
 1.11450000000000E+0003	 1.78061184965495E-0001	
 1.11650000000000E+0003	 1.76275612153577E-0001	
 1.11850000000000E+0003	 1.74247539341658E-0001	
 1.12050000000000E+0003	 1.72019466529740E-0001	
 1.12250000000000E+0003	 1.69619893717822E-0001	
 1.12450000000000E+0003	 1.67072320905904E-0001	
 1.12650000000000E+0003	 1.64381748093986E-0001	
 1.12850000000000E+0003	 1.61555675282068E-0001	
 1.13050000000000E+0003	 1.58573602470150E-0001	
 1.13250000000000E+0003	 1.55598529658232E-0001	
 1.13450000000000E+0003	 1.52848956846314E-0001	
 1.13650000000000E+0003	 1.50435384034396E-0001	
 1.13850000000000E+0003	 1.48466811222478E-0001	
 1.14050000000000E+0003	 1.46977238410560E-0001	
 1.14250000000000E+0003	 1.45924665598642E-0001	
 1.14450000000000E+0003	 1.45207592786724E-0001	
 1.14650000000000E+0003	 1.44698519974806E-0001	
 1.14850000000000E+0003	 1.44228947162888E-0001	
 1.15050000000000E+0003	 1.43679374350969E-0001	
 1.15250000000000E+0003	 1.42945801539051E-0001	
 1.15450000000000E+0003	 1.41979228727133E-0001	
 1.15650000000000E+0003	 1.40761655915215E-0001	
 1.15850000000000E+0003	 1.39380083103297E-0001	
 1.16050000000000E+0003	 1.37905010291379E-0001	
 1.16250000000000E+0003	 1.36407437479461E-0001	
 1.16450000000000E+0003	 1.34930864667543E-0001	
 1.16650000000000E+0003	 1.33547791855625E-0001	
 1.16850000000000E+0003	 1.32267719043707E-0001	
 1.17050000000000E+0003	 1.31021646231789E-0001	
 1.17250000000000E+0003	 1.29621073419871E-0001	
 1.17450000000000E+0003	 1.27994000607953E-0001	
 1.17650000000000E+0003	 1.26274427796035E-0001	
 1.17850000000000E+0003	 1.24650354984117E-0001	
 1.18050000000000E+0003	 1.23275282172198E-0001	
 1.18250000000000E+0003	 1.22283209360280E-0001	
 1.18450000000000E+0003	 1.21714636548362E-0001	
 1.18650000000000E+0003	 1.21581063736444E-0001	
 1.18850000000000E+0003	 1.21912490924526E-0001	
 1.19050000000000E+0003	 1.22686918112608E-0001	
 1.19250000000000E+0003	 1.23873845300690E-0001	
 1.19450000000000E+0003	 1.25449272488772E-0001	
 1.19650000000000E+0003	 1.27362699676854E-0001	
 1.19850000000000E+0003	 1.29580626864936E-0001	
 1.20050000000000E+0003	 1.32117054053018E-0001	
 1.20250000000000E+0003	 1.34940981241100E-0001	
 1.20450000000000E+0003	 1.38028908429182E-0001	
 1.20650000000000E+0003	 1.41391335617264E-0001	
 1.20850000000000E+0003	 1.45092262805346E-0001	
 1.21050000000000E+0003	 1.49237689993428E-0001	
 1.21250000000000E+0003	 1.54091617181509E-0001	
 1.21450000000000E+0003	 1.59926544369591E-0001	
 1.21650000000000E+0003	 1.67021971557673E-0001	
 1.21850000000000E+0003	 1.75458898745755E-0001	
 1.22050000000000E+0003	 1.83837825933837E-0001	
 1.22250000000000E+0003	 1.89237253121919E-0001	
 1.22450000000000E+0003	 1.90235180310001E-0001	
 1.22650000000000E+0003	 1.88514607498083E-0001	
 1.22850000000000E+0003	 1.86312034686165E-0001	
 1.23050000000000E+0003	 1.84378461874247E-0001	
 1.23250000000000E+0003	 1.82697889062329E-0001	
 1.23450000000000E+0003	 1.81257316250411E-0001	
 1.23650000000000E+0003	 1.80056743438493E-0001	
 1.23850000000000E+0003	 1.78994670626575E-0001	
 1.24050000000000E+0003	 1.77963597814657E-0001	
 1.24250000000000E+0003	 1.76860525002739E-0001	
 1.24450000000000E+0003	 1.75661452190820E-0001	
 1.24650000000000E+0003	 1.74350879378902E-0001	
 1.24850000000000E+0003	 1.72870306566984E-0001	
 1.25050000000000E+0003	 1.71184233755066E-0001	
 1.25250000000000E+0003	 1.69312160943148E-0001	
 1.25450000000000E+0003	 1.67278588131230E-0001	
 1.25650000000000E+0003	 1.65128015319312E-0001	
 1.25850000000000E+0003	 1.62857442507394E-0001	
 1.26050000000000E+0003	 1.60586369695476E-0001	
 1.26250000000000E+0003	 1.58403796883558E-0001	
 1.26450000000000E+0003	 1.56253724071640E-0001	
 1.26650000000000E+0003	 1.54194151259722E-0001	
 1.26850000000000E+0003	 1.52365578447804E-0001	
 1.27050000000000E+0003	 1.50837505635886E-0001	
 1.27250000000000E+0003	 1.49703932823968E-0001	
 1.27450000000000E+0003	 1.48927360012050E-0001	
 1.27650000000000E+0003	 1.48435787200131E-0001	
 1.27850000000000E+0003	 1.48237214388213E-0001	
 1.28050000000000E+0003	 1.48312641576295E-0001	
 1.28250000000000E+0003	 1.48587068764377E-0001	
 1.28450000000000E+0003	 1.48858995952459E-0001	
 1.28650000000000E+0003	 1.49030923140541E-0001	
 1.28850000000000E+0003	 1.49310350328623E-0001	
 1.29050000000000E+0003	 1.49844777516705E-0001	
 1.29250000000000E+0003	 1.50373204704787E-0001	
 1.29450000000000E+0003	 1.50737631892869E-0001	
 1.29650000000000E+0003	 1.51007559080951E-0001	
 1.29850000000000E+0003	 1.51424986269033E-0001	
 1.30050000000000E+0003	 1.51958413457115E-0001	
 1.30250000000000E+0003	 1.52562840645197E-0001	
 1.30450000000000E+0003	 1.53208267833279E-0001	
 1.30650000000000E+0003	 1.53820695021361E-0001	
 1.30850000000000E+0003	 1.54401622209442E-0001	
 1.31050000000000E+0003	 1.54795049397524E-0001	
 1.31250000000000E+0003	 1.54859476585606E-0001	
 1.31450000000000E+0003	 1.54938403773688E-0001	
 1.31650000000000E+0003	 1.54913330961770E-0001	
 1.31850000000000E+0003	 1.54686258149852E-0001	
 1.32050000000000E+0003	 1.54542185337934E-0001	
 1.32250000000000E+0003	 1.54360112526016E-0001	
 1.32450000000000E+0003	 1.54064539714098E-0001	
 1.32650000000000E+0003	 1.53784466902180E-0001	
 1.32850000000000E+0003	 1.53656894090262E-0001	
 1.33050000000000E+0003	 1.53807821278344E-0001	
 1.33250000000000E+0003	 1.54279248466426E-0001	
 1.33450000000000E+0003	 1.54744675654508E-0001	
 1.33650000000000E+0003	 1.54860602842590E-0001	
 1.33850000000000E+0003	 1.54985530030671E-0001	
 1.34050000000000E+0003	 1.56461457218753E-0001	
 1.34250000000000E+0003	 1.58783384406835E-0001	
 1.34450000000000E+0003	 1.60425311594917E-0001	
 1.34650000000000E+0003	 1.61832738782999E-0001	
 1.34850000000000E+0003	 1.63632165971081E-0001	
 1.35050000000000E+0003	 1.66149593159163E-0001	
 1.35250000000000E+0003	 1.69400020347245E-0001	
 1.35450000000000E+0003	 1.73125447535327E-0001	
 1.35650000000000E+0003	 1.76929374723409E-0001	
 1.35850000000000E+0003	 1.80102801911491E-0001	
 1.36050000000000E+0003	 1.82303729099573E-0001	
 1.36250000000000E+0003	 1.84285656287655E-0001	
 1.36450000000000E+0003	 1.86578583475737E-0001	
 1.36650000000000E+0003	 1.87588510663819E-0001	
 1.36850000000000E+0003	 1.86816937851901E-0001	
 1.37050000000000E+0003	 1.85281865039982E-0001	
 1.37250000000000E+0003	 1.83704292228064E-0001	
 1.37450000000000E+0003	 1.82985719416146E-0001	
 1.37650000000000E+0003	 1.83527146604228E-0001	
 1.37850000000000E+0003	 1.84734573792310E-0001	
 1.38050000000000E+0003	 1.86979500980392E-0001	
 1.38250000000000E+0003	 1.89975928168474E-0001	
 1.38450000000000E+0003	 1.92945355356556E-0001	
 1.38650000000000E+0003	 1.95603782544638E-0001	
 1.38850000000000E+0003	 1.99212709732720E-0001	
 1.39050000000000E+0003	 2.03123636920802E-0001	
 1.39250000000000E+0003	 2.06123564108884E-0001	
 1.39450000000000E+0003	 2.08578991296966E-0001	
 1.39650000000000E+0003	 2.10837418485048E-0001	
 1.39850000000000E+0003	 2.12875845673130E-0001	
 1.40050000000000E+0003	 2.14404772861212E-0001	
 1.40250000000000E+0003	 2.14733700049293E-0001	
 1.40450000000000E+0003	 2.14200127237375E-0001	
 1.40650000000000E+0003	 2.13358554425457E-0001	
 1.40850000000000E+0003	 2.12129981613539E-0001	
 1.41050000000000E+0003	 2.10471908801621E-0001	
 1.41250000000000E+0003	 2.08859335989703E-0001	
 1.41450000000000E+0003	 2.06904263177785E-0001	
 1.41650000000000E+0003	 2.04086190365867E-0001	
 1.41850000000000E+0003	 2.00814617553949E-0001	
 1.42050000000000E+0003	 1.97815544742031E-0001	
 1.42250000000000E+0003	 1.94685471930113E-0001	
 1.42450000000000E+0003	 1.90726399118195E-0001	
 1.42650000000000E+0003	 1.86961826306277E-0001	
 1.42850000000000E+0003	 1.83820753494359E-0001	
 1.43050000000000E+0003	 1.81276180682441E-0001	
 1.43250000000000E+0003	 1.79472607870523E-0001	
 1.43450000000000E+0003	 1.78680535058604E-0001	
 1.43650000000000E+0003	 1.79027962246686E-0001	
 1.43850000000000E+0003	 1.80137389434768E-0001	
 1.44050000000000E+0003	 1.81000316622850E-0001	
 1.44250000000000E+0003	 1.81425243810932E-0001	
 1.44450000000000E+0003	 1.81601670999014E-0001	
 1.44650000000000E+0003	 1.81692598187096E-0001	
 1.44850000000000E+0003	 1.81669525375178E-0001	
 1.45050000000000E+0003	 1.81378952563260E-0001	
 1.45250000000000E+0003	 1.80830879751342E-0001	
 1.45450000000000E+0003	 1.79513306939424E-0001	
 1.45650000000000E+0003	 1.77636734127506E-0001	
 1.45850000000000E+0003	 1.76527661315588E-0001	
 1.46050000000000E+0003	 1.75423088503670E-0001	
 1.46250000000000E+0003	 1.73862015691752E-0001	
 1.46450000000000E+0003	 1.72687942879833E-0001	
 1.46650000000000E+0003	 1.71180370067915E-0001	
 1.46850000000000E+0003	 1.69613297255997E-0001	
 1.47050000000000E+0003	 1.68015224444079E-0001	
 1.47250000000000E+0003	 1.65586151632161E-0001	
 1.47450000000000E+0003	 1.63324078820243E-0001	
 1.47650000000000E+0003	 1.62304006008325E-0001	
 1.47850000000000E+0003	 1.61829933196407E-0001	
 1.48050000000000E+0003	 1.61866360384489E-0001	
 1.48250000000000E+0003	 1.62849787572571E-0001	
 1.48450000000000E+0003	 1.64544714760653E-0001	
 1.48650000000000E+0003	 1.66878141948735E-0001	
 1.48850000000000E+0003	 1.69336569136817E-0001	
 1.49050000000000E+0003	 1.72964996324899E-0001	
 1.49250000000000E+0003	 1.77022423512981E-0001	
 1.49450000000000E+0003	 1.80202350701063E-0001	
 1.49650000000000E+0003	 1.84527777889144E-0001	
 1.49850000000000E+0003	 1.89933205077226E-0001	
 1.50050000000000E+0003	 1.93951632265308E-0001	
 1.50250000000000E+0003	 1.97597059453390E-0001	
 1.50450000000000E+0003	 2.01593486641472E-0001	
 1.50650000000000E+0003	 2.06275913829554E-0001	
 1.50850000000000E+0003	 2.11221841017636E-0001	
 1.51050000000000E+0003	 2.17319768205718E-0001	
 1.51250000000000E+0003	 2.23527695393800E-0001	
 1.51450000000000E+0003	 2.29305622581882E-0001	
 1.51650000000000E+0003	 2.34549549769964E-0001	
 1.51850000000000E+0003	 2.38269976958046E-0001	
 1.52050000000000E+0003	 2.40338404146128E-0001	
 1.52250000000000E+0003	 2.44473831334210E-0001	
 1.52450000000000E+0003	 2.48496758522292E-0001	
 1.52650000000000E+0003	 2.52091185710374E-0001	
 1.52850000000000E+0003	 2.56573112898455E-0001	
 1.53050000000000E+0003	 2.60764540086537E-0001	
 1.53250000000000E+0003	 2.65401967274619E-0001	
 1.53450000000000E+0003	 2.70007894462701E-0001	
 1.53650000000000E+0003	 2.72683321650783E-0001	
 1.53850000000000E+0003	 2.75819248838865E-0001	
 1.54050000000000E+0003	 2.80689676026947E-0001	
 1.54250000000000E+0003	 2.83162603215029E-0001	
 1.54450000000000E+0003	 2.83929530403111E-0001	
 1.54650000000000E+0003	 2.85031957591193E-0001	
 1.54850000000000E+0003	 2.84918384779275E-0001	
 1.55050000000000E+0003	 2.83654811967357E-0001	
 1.55250000000000E+0003	 2.82022739155439E-0001	
 1.55450000000000E+0003	 2.79873666343521E-0001	
 1.55650000000000E+0003	 2.78602093531603E-0001	
 1.55850000000000E+0003	 2.76852020719685E-0001	
 1.56050000000000E+0003	 2.71482447907766E-0001	
 1.56250000000000E+0003	 2.68276375095848E-0001	
 1.56450000000000E+0003	 2.66878802283930E-0001	
 1.56650000000000E+0003	 2.64704729472012E-0001	
 1.56850000000000E+0003	 2.63169656660094E-0001	
 1.57050000000000E+0003	 2.61049083848176E-0001	
 1.57250000000000E+0003	 2.58009511036258E-0001	
 1.57450000000000E+0003	 2.55119938224340E-0001	
 1.57650000000000E+0003	 2.52594365412422E-0001	
 1.57850000000000E+0003	 2.51292292600504E-0001	
 1.58050000000000E+0003	 2.50311219788586E-0001	
 1.58250000000000E+0003	 2.48865146976668E-0001	
 1.58450000000000E+0003	 2.47695574164750E-0001	
 1.58650000000000E+0003	 2.46877001352832E-0001	
 1.58850000000000E+0003	 2.46385428540914E-0001	
 1.59050000000000E+0003	 2.46246355728996E-0001	
 1.59250000000000E+0003	 2.46540782917077E-0001	
 1.59450000000000E+0003	 2.47070210105159E-0001	
 1.59650000000000E+0003	 2.47800137293241E-0001	
 1.59850000000000E+0003	 2.48747564481323E-0001	
 1.60050000000000E+0003	 2.49968991669405E-0001	
 1.60250000000000E+0003	 2.51534918857487E-0001	
 1.60450000000000E+0003	 2.53607346045569E-0001	
 1.60650000000000E+0003	 2.56110273233651E-0001	
 1.60850000000000E+0003	 2.59310200421733E-0001	
 1.61050000000000E+0003	 2.63204127609815E-0001	
 1.61250000000000E+0003	 2.67626554797897E-0001	
 1.61450000000000E+0003	 2.72086481985979E-0001	
 1.61650000000000E+0003	 2.77639909174061E-0001	
 1.61850000000000E+0003	 2.84268836362143E-0001	
 1.62050000000000E+0003	 2.90814263550225E-0001	
 1.62250000000000E+0003	 2.98461690738306E-0001	
 1.62450000000000E+0003	 3.06678117926388E-0001	
 1.62650000000000E+0003	 3.14239545114470E-0001	
 1.62850000000000E+0003	 3.22223972302552E-0001	
 1.63050000000000E+0003	 3.29685399490634E-0001	
 1.63250000000000E+0003	 3.36889326678716E-0001	
 1.63450000000000E+0003	 3.44684253866798E-0001	
 1.63650000000000E+0003	 3.51379181054880E-0001	
 1.63850000000000E+0003	 3.55105108242962E-0001	
 1.64050000000000E+0003	 3.57497535431044E-0001	
 1.64250000000000E+0003	 3.59545462619126E-0001	
 1.64450000000000E+0003	 3.61315389807208E-0001	
 1.64650000000000E+0003	 3.63986316995290E-0001	
 1.64850000000000E+0003	 3.66013744183372E-0001	
 1.65050000000000E+0003	 3.65567171371454E-0001	
 1.65250000000000E+0003	 3.66172598559536E-0001	
 1.65450000000000E+0003	 3.67242525747617E-0001	
 1.65650000000000E+0003	 3.66906952935699E-0001	
 1.65850000000000E+0003	 3.65349380123781E-0001	
 1.66050000000000E+0003	 3.62649807311863E-0001	
 1.66250000000000E+0003	 3.59029734499945E-0001	
 1.66450000000000E+0003	 3.53494161688027E-0001	
 1.66650000000000E+0003	 3.48067588876109E-0001	
 1.66850000000000E+0003	 3.43409516064191E-0001	
 1.67050000000000E+0003	 3.37898443252273E-0001	
 1.67250000000000E+0003	 3.32011870440355E-0001	
 1.67450000000000E+0003	 3.26891797628437E-0001	
 1.67650000000000E+0003	 3.20674224816519E-0001	
 1.67850000000000E+0003	 3.14306652004601E-0001	
 1.68050000000000E+0003	 3.08935579192683E-0001	
 1.68250000000000E+0003	 3.04516006380765E-0001	
 1.68450000000000E+0003	 2.98181933568847E-0001	
 1.68650000000000E+0003	 2.91594860756928E-0001	
 1.68850000000000E+0003	 2.87217287945010E-0001	
 1.69050000000000E+0003	 2.82102215133092E-0001	
 1.69250000000000E+0003	 2.76554142321174E-0001	
 1.69450000000000E+0003	 2.70296569509256E-0001	
 1.69650000000000E+0003	 2.64493996697338E-0001	
 1.69850000000000E+0003	 2.62318923885420E-0001	
 1.70050000000000E+0003	 2.61336851073502E-0001	
 1.70250000000000E+0003	 2.58810278261584E-0001	
 1.70450000000000E+0003	 2.59169205449666E-0001	
 1.70650000000000E+0003	 2.61002632637748E-0001	
 1.70850000000000E+0003	 2.62378559825830E-0001	
 1.71050000000000E+0003	 2.63731487013912E-0001	
 1.71250000000000E+0003	 2.64368914201994E-0001	
 1.71450000000000E+0003	 2.61846841390076E-0001	
 1.71650000000000E+0003	 2.54024768578158E-0001	
 1.71850000000000E+0003	 2.41305695766239E-0001	
 1.72050000000000E+0003	 2.26473622954321E-0001	
 1.72250000000000E+0003	 2.11443550142403E-0001	
 1.72450000000000E+0003	 1.97698477330485E-0001	
 1.72650000000000E+0003	 1.86974404518567E-0001	
 1.72850000000000E+0003	 1.78627831706649E-0001	
 1.73050000000000E+0003	 1.71763758894731E-0001	
 1.73250000000000E+0003	 1.66025186082813E-0001	
 1.73450000000000E+0003	 1.62056613270895E-0001	
 1.73650000000000E+0003	 1.59653540458977E-0001	
 1.73850000000000E+0003	 1.58387467647059E-0001	
 1.74050000000000E+0003	 1.56471394835141E-0001	
 1.74250000000000E+0003	 1.53588322023223E-0001	
 1.74450000000000E+0003	 1.51358249211305E-0001	
 1.74650000000000E+0003	 1.50020676399387E-0001	
 1.74850000000000E+0003	 1.48031103587469E-0001	
 1.75050000000000E+0003	 1.44726530775550E-0001	
 1.75250000000000E+0003	 1.41686457963632E-0001	
 1.75450000000000E+0003	 1.39411885151714E-0001	
 1.75650000000000E+0003	 1.36241312339796E-0001	
 1.75850000000000E+0003	 1.32817239527878E-0001	
 1.76050000000000E+0003	 1.29966166715960E-0001	
 1.76250000000000E+0003	 1.27138093904042E-0001	
 1.76450000000000E+0003	 1.24413021092124E-0001	
 1.76650000000000E+0003	 1.21704448280206E-0001	
 1.76850000000000E+0003	 1.19545375468288E-0001	
 1.77050000000000E+0003	 1.18716302656370E-0001	
 1.77250000000000E+0003	 1.17105229844452E-0001	
 1.77450000000000E+0003	 1.14737657032534E-0001	
 1.77650000000000E+0003	 1.13172084220616E-0001	
 1.77850000000000E+0003	 1.11841511408698E-0001	
 1.78050000000000E+0003	 1.10645438596779E-0001	
 1.78250000000000E+0003	 1.09446365784861E-0001	
 1.78450000000000E+0003	 1.08148792972943E-0001	
 1.78650000000000E+0003	 1.07273220161025E-0001	
 1.78850000000000E+0003	 1.06564147349107E-0001	
 1.79050000000000E+0003	 1.05759074537189E-0001	
 1.79250000000000E+0003	 1.05130001725271E-0001	
 1.79450000000000E+0003	 1.04014428913353E-0001	
 1.79650000000000E+0003	 1.03039856101435E-0001	
 1.79850000000000E+0003	 1.02686783289517E-0001	
 1.80050000000000E+0003	 1.01654210477599E-0001	
 1.80250000000000E+0003	 1.00416637665681E-0001	
 1.80450000000000E+0003	 1.00029564853763E-0001	
 1.80650000000000E+0003	 9.94864920418447E-0002	
 1.80850000000000E+0003	 9.88459192299266E-0002	
 1.81050000000000E+0003	 9.82703464180085E-0002	
 1.81250000000000E+0003	 9.75697736060905E-0002	
 1.81450000000000E+0003	 9.69962007941724E-0002	
 1.81650000000000E+0003	 9.63246279822544E-0002	
 1.81850000000000E+0003	 9.57690551703363E-0002	
 1.82050000000000E+0003	 9.53689823584182E-0002	
 1.82250000000000E+0003	 9.48299095465002E-0002	
 1.82450000000000E+0003	 9.43403367345821E-0002	
 1.82650000000000E+0003	 9.40727639226640E-0002	
 1.82850000000000E+0003	 9.40851911107460E-0002	
 1.83050000000000E+0003	 9.37326182988279E-0002	
 1.83250000000000E+0003	 9.27655454869098E-0002	
 1.83450000000000E+0003	 9.20644726749918E-0002	
 1.83650000000000E+0003	 9.16548998630737E-0002	
 1.83850000000000E+0003	 9.13098270511557E-0002	
 1.84050000000000E+0003	 9.08992542392376E-0002	
 1.84250000000000E+0003	 9.04916814273195E-0002	
 1.84450000000000E+0003	 9.02211086154015E-0002	
 1.84650000000000E+0003	 8.96130358034834E-0002	
 1.84850000000000E+0003	 8.92379629915653E-0002	
 1.85050000000000E+0003	 8.92393901796473E-0002	
 1.85250000000000E+0003	 8.91083173677292E-0002	
 1.85450000000000E+0003	 8.88227445558112E-0002	
 1.85650000000000E+0003	 8.84676717438931E-0002	
 1.85850000000000E+0003	 8.80670989319750E-0002	
 1.86050000000000E+0003	 8.77340261200570E-0002	
 1.86250000000000E+0003	 8.75444533081389E-0002	
 1.86450000000000E+0003	 8.74053804962208E-0002	
 1.86650000000000E+0003	 8.72458076843028E-0002	
 1.86850000000000E+0003	 8.70477348723847E-0002	
 1.87050000000000E+0003	 8.67966620604666E-0002	
 1.87250000000000E+0003	 8.65770892485486E-0002	
 1.87450000000000E+0003	 8.64475164366305E-0002	
 1.87650000000000E+0003	 8.62529436247125E-0002	
 1.87850000000000E+0003	 8.60208708127944E-0002	
 1.88050000000000E+0003	 8.58592980008763E-0002	
 1.88250000000000E+0003	 8.57372251889583E-0002	
 1.88450000000000E+0003	 8.55616523770402E-0002	
 1.88650000000000E+0003	 8.54230795651221E-0002	
 1.88850000000000E+0003	 8.52680067532041E-0002	
 1.89050000000000E+0003	 8.51039339412860E-0002	
 1.89250000000000E+0003	 8.49408611293679E-0002	
 1.89450000000000E+0003	 8.46992883174499E-0002	
 1.89650000000000E+0003	 8.45832155055318E-0002	
 1.89850000000000E+0003	 8.45476426936138E-0002	
 1.90050000000000E+0003	 8.44290698816957E-0002	
 1.90250000000000E+0003	 8.42999970697776E-0002	
 1.90450000000000E+0003	 8.41909242578596E-0002	
 1.90650000000000E+0003	 8.39888514459415E-0002	
 1.90850000000000E+0003	 8.37372786340234E-0002	
 1.91050000000000E+0003	 8.36847058221054E-0002	
 1.91250000000000E+0003	 8.37381330101873E-0002	
 1.91450000000000E+0003	 8.37065601982693E-0002	
 1.91650000000000E+0003	 8.36359873863512E-0002	
 1.91850000000000E+0003	 8.35294145744331E-0002	
 1.92050000000000E+0003	 8.32473417625151E-0002	
 1.92250000000000E+0003	 8.28972689505970E-0002	
 1.92450000000000E+0003	 8.30156961386789E-0002	
 1.92650000000000E+0003	 8.32471233267609E-0002	
 1.92850000000000E+0003	 8.32410505148428E-0002	
 1.93050000000000E+0003	 8.31754777029247E-0002	
 1.93250000000000E+0003	 8.30894048910067E-0002	
 1.93450000000000E+0003	 8.30628320790886E-0002	
 1.93650000000000E+0003	 8.30602592671706E-0002	
 1.93850000000000E+0003	 8.30181864552525E-0002	
 1.94050000000000E+0003	 8.28406136433344E-0002	
 1.94250000000000E+0003	 8.26520408314164E-0002	
 1.94450000000000E+0003	 8.27649680194983E-0002	
 1.94650000000000E+0003	 8.29073952075802E-0002	
 1.94850000000000E+0003	 8.29458223956622E-0002	
 1.95050000000000E+0003	 8.29557495837441E-0002	
 1.95250000000000E+0003	 8.29226767718260E-0002	
 1.95450000000000E+0003	 8.28696039599080E-0002	
 1.95650000000000E+0003	 8.28765311479899E-0002	
 1.95850000000000E+0003	 8.29154583360719E-0002	
 1.96050000000000E+0003	 8.29063855241538E-0002	
 1.96250000000000E+0003	 8.29073127122357E-0002	
 1.96450000000000E+0003	 8.28127399003177E-0002	
 1.96650000000000E+0003	 8.26076670883996E-0002	
 1.96850000000000E+0003	 8.26675942764815E-0002	
 1.97050000000000E+0003	 8.28950214645635E-0002	
 1.97250000000000E+0003	 8.29624486526454E-0002	
 1.97450000000000E+0003	 8.29783758407274E-0002	
 1.97650000000000E+0003	 8.29933030288093E-0002	
 1.97850000000000E+0003	 8.30192302168912E-0002	
 1.98050000000000E+0003	 8.30436574049732E-0002	
 1.98250000000000E+0003	 8.30720845930551E-0002	
 1.98450000000000E+0003	 8.30875117811370E-0002	
 1.98650000000000E+0003	 8.30219389692190E-0002	
 1.98850000000000E+0003	 8.29313661573009E-0002	
 1.99050000000000E+0003	 8.28512933453828E-0002	
 1.99250000000000E+0003	 8.28402205334648E-0002	
 1.99450000000000E+0003	 8.31026477215467E-0002	
 1.99650000000000E+0003	 8.33000749096287E-0002	
 1.99850000000000E+0003	 8.33450020977106E-0002	
 2.00050000000000E+0003	 8.33814292857925E-0002	
 2.00250000000000E+0003	 8.34248564738745E-0002	
 2.00450000000000E+0003	 8.34647836619564E-0002	
 2.00650000000000E+0003	 8.34777108500383E-0002	
 2.00850000000000E+0003	 8.35111380381203E-0002	
 2.01050000000000E+0003	 8.35775652262022E-0002	
 2.01250000000000E+0003	 8.36334924142841E-0002	
 2.01450000000000E+0003	 8.35894196023661E-0002	
 2.01650000000000E+0003	 8.34388467904480E-0002	
 2.01850000000000E+0003	 8.34967739785300E-0002	
 2.02050000000000E+0003	 8.37362011666119E-0002	
 2.02250000000000E+0003	 8.38636283546938E-0002	
 2.02450000000000E+0003	 8.39415555427758E-0002	
 2.02650000000000E+0003	 8.40234827308577E-0002	
 2.02850000000000E+0003	 8.40934099189396E-0002	
 2.03050000000000E+0003	 8.41518371070216E-0002	
 2.03250000000000E+0003	 8.42057642951035E-0002	
 2.03450000000000E+0003	 8.42581914831855E-0002	
 2.03650000000000E+0003	 8.43066186712674E-0002	
 2.03850000000000E+0003	 8.43120458593493E-0002	
 2.04050000000000E+0003	 8.42544730474313E-0002	
 2.04250000000000E+0003	 8.43009002355132E-0002	
 2.04450000000000E+0003	 8.44488274235951E-0002	
 2.04650000000000E+0003	 8.45342546116771E-0002	
 2.04850000000000E+0003	 8.45921817997590E-0002	
 2.05050000000000E+0003	 8.46426089878409E-0002	
 2.05250000000000E+0003	 8.46855361759229E-0002	
 2.05450000000000E+0003	 8.47274633640048E-0002	
 2.05650000000000E+0003	 8.47713905520868E-0002	
 2.05850000000000E+0003	 8.48023177401687E-0002	
 2.06050000000000E+0003	 8.48237449282506E-0002	
 2.06250000000000E+0003	 8.47966721163326E-0002	
 2.06450000000000E+0003	 8.47025993044145E-0002	
 2.06650000000000E+0003	 8.47755264924964E-0002	
 2.06850000000000E+0003	 8.49474536805784E-0002	
 2.07050000000000E+0003	 8.50218808686603E-0002	
 2.07250000000000E+0003	 8.50453080567423E-0002	
 2.07450000000000E+0003	 8.50647352448242E-0002	
 2.07650000000000E+0003	 8.50871624329061E-0002	
 2.07850000000000E+0003	 8.51040896209881E-0002	
 2.08050000000000E+0003	 8.51260168090700E-0002	
 2.08250000000000E+0003	 8.51529439971519E-0002	
 2.08450000000000E+0003	 8.51683711852339E-0002	
 2.08650000000000E+0003	 8.51577983733158E-0002	
 2.08850000000000E+0003	 8.51132255613977E-0002	
 2.09050000000000E+0003	 8.51096527494797E-0002	
 2.09250000000000E+0003	 8.51855799375616E-0002	
 2.09450000000000E+0003	 8.52355071256436E-0002	
 2.09650000000000E+0003	 8.52504343137255E-0002	
 2.09850000000000E+0003	 8.52628615018074E-0002	
 2.10050000000000E+0003	 8.52742886898894E-0002	
 2.10250000000000E+0003	 8.52882158779713E-0002	
 2.10450000000000E+0003	 8.52971430660532E-0002	
 2.10650000000000E+0003	 8.53020702541352E-0002	
 2.10850000000000E+0003	 8.53024974422171E-0002	
 2.11050000000000E+0003	 8.52999246302990E-0002	
 2.11250000000000E+0003	 8.52713518183810E-0002	
 2.11450000000000E+0003	 8.52317790064629E-0002	
 2.11650000000000E+0003	 8.52377061945449E-0002	
 2.11850000000000E+0003	 8.52621333826268E-0002	
 2.12050000000000E+0003	 8.52575605707087E-0002	
 2.12250000000000E+0003	 8.52444877587907E-0002	
 2.12450000000000E+0003	 8.52279149468726E-0002	
 2.12650000000000E+0003	 8.52133421349545E-0002	
 2.12850000000000E+0003	 8.51982693230365E-0002	
 2.13050000000000E+0003	 8.51856965111184E-0002	
 2.13250000000000E+0003	 8.51651236992004E-0002	
 2.13450000000000E+0003	 8.51275508872823E-0002	
 2.13650000000000E+0003	 8.50924780753642E-0002	
 2.13850000000000E+0003	 8.50884052634462E-0002	
 2.14050000000000E+0003	 8.50928324515281E-0002	
 2.14250000000000E+0003	 8.50902596396100E-0002	
 2.14450000000000E+0003	 8.50691868276920E-0002	
 2.14650000000000E+0003	 8.50366140157739E-0002	
 2.14850000000000E+0003	 8.49985412038558E-0002	
 2.15050000000000E+0003	 8.49499683919378E-0002	
 2.15250000000000E+0003	 8.48888955800197E-0002	
 2.15450000000000E+0003	 8.48288227681017E-0002	
 2.15650000000000E+0003	 8.47707499561836E-0002	
 2.15850000000000E+0003	 8.47006771442655E-0002	
 2.16050000000000E+0003	 8.46201043323475E-0002	
 2.16250000000000E+0003	 8.45500315204294E-0002	
 2.16450000000000E+0003	 8.45044587085113E-0002	
 2.16650000000000E+0003	 8.44623858965933E-0002	
 2.16850000000000E+0003	 8.44193130846752E-0002	
 2.17050000000000E+0003	 8.43692402727571E-0002	
 2.17250000000000E+0003	 8.43086674608391E-0002	
 2.17450000000000E+0003	 8.42470946489210E-0002	
 2.17650000000000E+0003	 8.41965218370030E-0002	
 2.17850000000000E+0003	 8.41454490250849E-0002	
 2.18050000000000E+0003	 8.41003762131668E-0002	
 2.18250000000000E+0003	 8.40608034012488E-0002	
 2.18450000000000E+0003	 8.40262305893307E-0002	
 2.18650000000000E+0003	 8.39866577774126E-0002	
 2.18850000000000E+0003	 8.39550849654946E-0002	
 2.19050000000000E+0003	 8.39220121535765E-0002	
 2.19250000000000E+0003	 8.38909393416585E-0002	
 2.19450000000000E+0003	 8.38578665297404E-0002	
 2.19650000000000E+0003	 8.38277937178223E-0002	
 2.19850000000000E+0003	 8.37947209059043E-0002	
 2.20050000000000E+0003	 8.37676480939862E-0002	
 2.20250000000000E+0003	 8.37390752820681E-0002	
 2.20450000000000E+0003	 8.37095024701501E-0002	
 2.20650000000000E+0003	 8.36854296582320E-0002	
 2.20850000000000E+0003	 8.36703568463139E-0002	
 2.21050000000000E+0003	 8.36517840343959E-0002	
 2.21250000000000E+0003	 8.36317112224778E-0002	
 2.21450000000000E+0003	 8.36141384105598E-0002	
 2.21650000000000E+0003	 8.36030655986417E-0002	
 2.21850000000000E+0003	 8.35929927867236E-0002	
 2.22050000000000E+0003	 8.35834199748056E-0002	
 2.22250000000000E+0003	 8.35778471628875E-0002	
 2.22450000000000E+0003	 8.35687743509694E-0002	
 2.22650000000000E+0003	 8.35617015390514E-0002	
 2.22850000000000E+0003	 8.35551287271333E-0002	
 2.23050000000000E+0003	 8.35500559152152E-0002	
 2.23250000000000E+0003	 8.35459831032972E-0002	
 2.23450000000000E+0003	 8.35454102913791E-0002	
 2.23650000000000E+0003	 8.35458374794611E-0002	
 2.23850000000000E+0003	 8.35487646675430E-0002	
 2.24050000000000E+0003	 8.35491918556249E-0002	
 2.24250000000000E+0003	 8.35526190437069E-0002	
 2.24450000000000E+0003	 8.35595462317888E-0002	
 2.24650000000000E+0003	 8.35749734198707E-0002	
 2.24850000000000E+0003	 8.35964006079527E-0002	
 2.25050000000000E+0003	 8.36178277960346E-0002	
 2.25250000000000E+0003	 8.36352549841166E-0002	
 2.25450000000000E+0003	 8.36571821721985E-0002	
 2.25650000000000E+0003	 8.36831093602804E-0002	
 2.25850000000000E+0003	 8.37060365483624E-0002	
 2.26050000000000E+0003	 8.37294637364443E-0002	
 2.26250000000000E+0003	 8.37553909245262E-0002	
 2.26450000000000E+0003	 8.37823181126082E-0002	
 2.26650000000000E+0003	 8.38092453006901E-0002	
 2.26850000000000E+0003	 8.38356724887720E-0002	
 2.27050000000000E+0003	 8.38605996768540E-0002	
 2.27250000000000E+0003	 8.38930268649359E-0002	
 2.27450000000000E+0003	 8.39239540530179E-0002	
 2.27650000000000E+0003	 8.39573812410998E-0002	
 2.27850000000000E+0003	 8.39918084291817E-0002	
 2.28050000000000E+0003	 8.40327356172637E-0002	
 2.28250000000000E+0003	 8.40696628053456E-0002	
 2.28450000000000E+0003	 8.41145899934275E-0002	
 2.28650000000000E+0003	 8.41580171815095E-0002	
 2.28850000000000E+0003	 8.42074443695914E-0002	
 2.29050000000000E+0003	 8.42543715576733E-0002	
 2.29250000000000E+0003	 8.43082987457553E-0002	
 2.29450000000000E+0003	 8.43622259338372E-0002	
 2.29650000000000E+0003	 8.44176531219192E-0002	
 2.29850000000000E+0003	 8.44625803100011E-0002	
 2.30050000000000E+0003	 8.45140074980830E-0002	
 2.30250000000000E+0003	 8.45624346861650E-0002	
 2.30450000000000E+0003	 8.46268618742469E-0002	
 2.30650000000000E+0003	 8.47027890623288E-0002	
 2.30850000000000E+0003	 8.47832162504108E-0002	
 2.31050000000000E+0003	 8.48631434384927E-0002	
 2.31250000000000E+0003	 8.49510706265747E-0002	
 2.31450000000000E+0003	 8.50099978146566E-0002	
 2.31650000000000E+0003	 8.50679250027385E-0002	
 2.31850000000000E+0003	 8.51568521908205E-0002	
 2.32050000000000E+0003	 8.52652793789024E-0002	
 2.32250000000000E+0003	 8.53577065669843E-0002	
 2.32450000000000E+0003	 8.54046337550663E-0002	
 2.32650000000000E+0003	 8.54210609431482E-0002	
 2.32850000000000E+0003	 8.54844881312301E-0002	
 2.33050000000000E+0003	 8.55809153193121E-0002	
 2.33250000000000E+0003	 8.56378425073940E-0002	
 2.33450000000000E+0003	 8.56802696954760E-0002	
 2.33650000000000E+0003	 8.57666968835579E-0002	
 2.33850000000000E+0003	 8.58556240716398E-0002	
 2.34050000000000E+0003	 8.59310512597218E-0002	
 2.34250000000000E+0003	 8.59669784478037E-0002	
 2.34450000000000E+0003	 8.60514056358856E-0002	
 2.34650000000000E+0003	 8.61268328239676E-0002	
 2.34850000000000E+0003	 8.61867600120495E-0002	
 2.35050000000000E+0003	 8.63146872001314E-0002	
 2.35250000000000E+0003	 8.64456143882134E-0002	
 2.35450000000000E+0003	 8.64875415762953E-0002	
 2.35650000000000E+0003	 8.65304687643773E-0002	
 2.35850000000000E+0003	 8.66033959524592E-0002	
 2.36050000000000E+0003	 8.66763231405411E-0002	
 2.36250000000000E+0003	 8.67567503286231E-0002	
 2.36450000000000E+0003	 8.68556775167050E-0002	
 2.36650000000000E+0003	 8.69531047047869E-0002	
 2.36850000000000E+0003	 8.70440318928689E-0002	
 2.37050000000000E+0003	 8.71019590809508E-0002	
 2.37250000000000E+0003	 8.71368862690328E-0002	
 2.37450000000000E+0003	 8.72088134571147E-0002	
 2.37650000000000E+0003	 8.73507406451966E-0002	
 2.37850000000000E+0003	 8.75441678332786E-0002	
 2.38050000000000E+0003	 8.77340950213605E-0002	
 2.38250000000000E+0003	 8.78800222094424E-0002	
 2.38450000000000E+0003	 8.79914493975244E-0002	
 2.38650000000000E+0003	 8.80953765856063E-0002	
 2.38850000000000E+0003	 8.82113037736882E-0002	
 2.39050000000000E+0003	 8.83417309617702E-0002	
 2.39250000000000E+0003	 8.84856581498521E-0002	
 2.39450000000000E+0003	 8.86360853379341E-0002	
 2.39650000000000E+0003	 8.87905125260160E-0002	
 2.39850000000000E+0003	 8.89504397140979E-0002	
 2.40050000000000E+0003	 8.91173669021799E-0002	
 2.40250000000000E+0003	 8.92877940902618E-0002	
 2.40450000000000E+0003	 8.94647212783437E-0002	
 2.40650000000000E+0003	 8.96441484664257E-0002	
 2.40850000000000E+0003	 8.98225756545076E-0002	
 2.41050000000000E+0003	 9.00050028425895E-0002	
 2.41250000000000E+0003	 9.01939300306715E-0002	
 2.41450000000000E+0003	 9.03893572187534E-0002	
 2.41650000000000E+0003	 9.05852844068354E-0002	
 2.41850000000000E+0003	 9.07832115949173E-0002	
 2.42050000000000E+0003	 9.09896387829992E-0002	
 2.42250000000000E+0003	 9.12015659710812E-0002	
 2.42450000000000E+0003	 9.14164931591631E-0002	
 2.42650000000000E+0003	 9.16299203472450E-0002	
 2.42850000000000E+0003	 9.18453475353270E-0002	
 2.43050000000000E+0003	 9.20662747234089E-0002	
 2.43250000000000E+0003	 9.22902019114909E-0002	
 2.43450000000000E+0003	 9.25176290995728E-0002	
 2.43650000000000E+0003	 9.27495562876547E-0002	
 2.43850000000000E+0003	 9.29789834757367E-0002	
 2.44050000000000E+0003	 9.32079106638186E-0002	
 2.44250000000000E+0003	 9.34358378519005E-0002	
 2.44450000000000E+0003	 9.36607650399825E-0002	
 2.44650000000000E+0003	 9.38781922280644E-0002	
 2.44850000000000E+0003	 9.40946194161463E-0002	
 2.45050000000000E+0003	 9.43095466042283E-0002	
 2.45250000000000E+0003	 9.45259737923102E-0002	
 2.45450000000000E+0003	 9.47474009803922E-0002	
 2.45650000000000E+0003	 9.49763281684741E-0002	
 2.45850000000000E+0003	 9.52052553565560E-0002	
 2.46050000000000E+0003	 9.54386825446380E-0002	
 2.46250000000000E+0003	 9.56761097327199E-0002	
 2.46450000000000E+0003	 9.59150369208018E-0002	
 2.46650000000000E+0003	 9.61569641088838E-0002	
 2.46850000000000E+0003	 9.64068912969657E-0002	
 2.47050000000000E+0003	 9.66603184850477E-0002	
 2.47250000000000E+0003	 9.69187456731296E-0002	
 2.47450000000000E+0003	 9.71796728612115E-0002	
 2.47650000000000E+0003	 9.74466000492935E-0002	
 2.47850000000000E+0003	 9.77125272373754E-0002	
 2.48050000000000E+0003	 9.79794544254573E-0002	
 2.48250000000000E+0003	 9.82458816135393E-0002	
 2.48450000000000E+0003	 9.85173088016212E-0002	
 2.48650000000000E+0003	 9.87827359897031E-0002	
 2.48850000000000E+0003	 9.90536631777851E-0002	
 2.49050000000000E+0003	 9.93270903658670E-0002	
 2.49250000000000E+0003	 9.96050175539490E-0002	
 2.49450000000000E+0003	 9.98754447420309E-0002	
 2.49650000000000E+0003	 1.00148871930113E-0001	
 2.49850000000000E+0003	 1.00420299118195E-0001	
 2.50050000000000E+0003	 1.00693726306277E-0001	
 2.50250000000000E+0003	 1.00962153494359E-0001	
 2.50450000000000E+0003	 1.01229580682441E-0001	
 2.50650000000000E+0003	 1.01492507870523E-0001	
 2.50850000000000E+0003	 1.01755935058604E-0001	
 2.51050000000000E+0003	 1.02016362246686E-0001	
 2.51250000000000E+0003	 1.02274289434768E-0001	
 2.51450000000000E+0003	 1.02528216622850E-0001	
 2.51650000000000E+0003	 1.02778643810932E-0001	
 2.51850000000000E+0003	 1.03025070999014E-0001	
 2.52050000000000E+0003	 1.03265998187096E-0001	
 2.52250000000000E+0003	 1.03503925375178E-0001	
 2.52450000000000E+0003	 1.03736852563260E-0001	
 2.52650000000000E+0003	 1.03972279751342E-0001	
 2.52850000000000E+0003	 1.04208206939424E-0001	
 2.53050000000000E+0003	 1.04443134127506E-0001	
 2.53250000000000E+0003	 1.04674061315588E-0001	
 2.53450000000000E+0003	 1.04905988503670E-0001	
 2.53650000000000E+0003	 1.05130415691752E-0001	
 2.53850000000000E+0003	 1.05356342879833E-0001	
 2.54050000000000E+0003	 1.05585270067915E-0001	
 2.54250000000000E+0003	 1.05816697255997E-0001	
 2.54450000000000E+0003	 1.06045124444079E-0001	
 2.54650000000000E+0003	 1.06273551632161E-0001	
 2.54850000000000E+0003	 1.06501478820243E-0001	
 2.55050000000000E+0003	 1.06733406008325E-0001	
 2.55250000000000E+0003	 1.06964333196407E-0001	
 2.55450000000000E+0003	 1.07196260384489E-0001	
 2.55650000000000E+0003	 1.07430687572571E-0001	
 2.55850000000000E+0003	 1.07663614760653E-0001	
 2.56050000000000E+0003	 1.07898041948735E-0001	
 2.56250000000000E+0003	 1.08134469136817E-0001	
 2.56450000000000E+0003	 1.08375396324899E-0001	
 2.56650000000000E+0003	 1.08618323512981E-0001	
 2.56850000000000E+0003	 1.08868250701063E-0001	
 2.57050000000000E+0003	 1.09124177889144E-0001	
 2.57250000000000E+0003	 1.09385605077226E-0001	
 2.57450000000000E+0003	 1.09642532265308E-0001	
 2.57650000000000E+0003	 1.09901959453390E-0001	
 2.57850000000000E+0003	 1.10155386641472E-0001	
 2.58050000000000E+0003	 1.10409813829554E-0001	
 2.58250000000000E+0003	 1.10664241017636E-0001	
 2.58450000000000E+0003	 1.10926168205718E-0001	
 2.58650000000000E+0003	 1.11180595393800E-0001	
 2.58850000000000E+0003	 1.11440522581882E-0001	
 2.59050000000000E+0003	 1.11702449769964E-0001	
 2.59250000000000E+0003	 1.11977376958046E-0001	
 2.59450000000000E+0003	 1.12247804146128E-0001	
 2.59650000000000E+0003	 1.12522731334210E-0001	
 2.59850000000000E+0003	 1.12795658522292E-0001	
 2.60050000000000E+0003	 1.13077085710374E-0001	
 2.60250000000000E+0003	 1.13355512898455E-0001	
 2.60450000000000E+0003	 1.13635440086537E-0001	
 2.60650000000000E+0003	 1.13908367274619E-0001	
 2.60850000000000E+0003	 1.14185794462701E-0001	
 2.61050000000000E+0003	 1.14458721650783E-0001	
 2.61250000000000E+0003	 1.14728648838865E-0001	
 2.61450000000000E+0003	 1.14989576026947E-0001	
 2.61650000000000E+0003	 1.15251003215029E-0001	
 2.61850000000000E+0003	 1.15503430403111E-0001	
 2.62050000000000E+0003	 1.15751357591193E-0001	
 2.62250000000000E+0003	 1.15998784779275E-0001	
 2.62450000000000E+0003	 1.16249711967357E-0001	
 2.62650000000000E+0003	 1.16492639155439E-0001	
 2.62850000000000E+0003	 1.16729566343521E-0001	
 2.63050000000000E+0003	 1.16965993531603E-0001	
 2.63250000000000E+0003	 1.17199920719685E-0001	
 2.63450000000000E+0003	 1.17430847907766E-0001	
 2.63650000000000E+0003	 1.17662775095848E-0001	
 2.63850000000000E+0003	 1.17892202283930E-0001	
 2.64050000000000E+0003	 1.18113129472012E-0001	
 2.64250000000000E+0003	 1.18332556660094E-0001	
 2.64450000000000E+0003	 1.18556483848176E-0001	
 2.64650000000000E+0003	 1.18781411036258E-0001	
 2.64850000000000E+0003	 1.19002838224340E-0001	
 2.65050000000000E+0003	 1.19228765412422E-0001	
 2.65250000000000E+0003	 1.19457692600504E-0001	
 2.65450000000000E+0003	 1.19688119788586E-0001	
 2.65650000000000E+0003	 1.19923046976668E-0001	
 2.65850000000000E+0003	 1.20162974164750E-0001	
 2.66050000000000E+0003	 1.20402901352832E-0001	
 2.66250000000000E+0003	 1.20643328540914E-0001	
 2.66450000000000E+0003	 1.20892755728996E-0001	
 2.66650000000000E+0003	 1.21149182917077E-0001	
 2.66850000000000E+0003	 1.21409110105159E-0001	
 2.67050000000000E+0003	 1.21672037293241E-0001	
 2.67250000000000E+0003	 1.21945464481323E-0001	
 2.67450000000000E+0003	 1.22219891669405E-0001	
 2.67650000000000E+0003	 1.22496318857487E-0001	
 2.67850000000000E+0003	 1.22775246045569E-0001	
 2.68050000000000E+0003	 1.23057173233651E-0001	
 2.68250000000000E+0003	 1.23331100421733E-0001	
 2.68450000000000E+0003	 1.23603027609815E-0001	
 2.68650000000000E+0003	 1.23880454797897E-0001	
 2.68850000000000E+0003	 1.24168381985979E-0001	
 2.69050000000000E+0003	 1.24455309174061E-0001	
 2.69250000000000E+0003	 1.24747736362143E-0001	
 2.69450000000000E+0003	 1.25043163550225E-0001	
 2.69650000000000E+0003	 1.25346590738306E-0001	
 2.69850000000000E+0003	 1.25654017926388E-0001	
 2.70050000000000E+0003	 1.25973945114470E-0001	
 2.70250000000000E+0003	 1.26295872302552E-0001	
 2.70450000000000E+0003	 1.26630299490634E-0001	
 2.70650000000000E+0003	 1.26978726678716E-0001	
 2.70850000000000E+0003	 1.27338653866798E-0001	
 2.71050000000000E+0003	 1.27704581054880E-0001	
 2.71250000000000E+0003	 1.28086008242962E-0001	
 2.71450000000000E+0003	 1.28480435431044E-0001	
 2.71650000000000E+0003	 1.28886362619126E-0001	
 2.71850000000000E+0003	 1.29298789807208E-0001	
 2.72050000000000E+0003	 1.29721716995290E-0001	
 2.72250000000000E+0003	 1.30147144183372E-0001	
 2.72450000000000E+0003	 1.30567571371454E-0001	
 2.72650000000000E+0003	 1.30988498559536E-0001	
 2.72850000000000E+0003	 1.31399425747617E-0001	
 2.73050000000000E+0003	 1.31800852935699E-0001	
 2.73250000000000E+0003	 1.32204780123781E-0001	
 2.73450000000000E+0003	 1.32602707311863E-0001	
 2.73650000000000E+0003	 1.32996134499945E-0001	
 2.73850000000000E+0003	 1.33383561688027E-0001	
 2.74050000000000E+0003	 1.33760488876109E-0001	
 2.74250000000000E+0003	 1.34133416064191E-0001	
 2.74450000000000E+0003	 1.34509343252273E-0001	
 2.74650000000000E+0003	 1.34891270440355E-0001	
 2.74850000000000E+0003	 1.35271197628437E-0001	
 2.75050000000000E+0003	 1.35638624816519E-0001	
 2.75250000000000E+0003	 1.36002052004601E-0001	
 2.75450000000000E+0003	 1.36375479192683E-0001	
 2.75650000000000E+0003	 1.36768406380765E-0001	
 2.75850000000000E+0003	 1.37169833568847E-0001	
 2.76050000000000E+0003	 1.37575260756928E-0001	
 2.76250000000000E+0003	 1.37984687945010E-0001	
 2.76450000000000E+0003	 1.38401615133092E-0001	
 2.76650000000000E+0003	 1.38825042321174E-0001	
 2.76850000000000E+0003	 1.39256969509256E-0001	
 2.77050000000000E+0003	 1.39692396697338E-0001	
 2.77250000000000E+0003	 1.40140323885420E-0001	
 2.77450000000000E+0003	 1.40601251073502E-0001	
 2.77650000000000E+0003	 1.41060178261584E-0001	
 2.77850000000000E+0003	 1.41502105449666E-0001	
 2.78050000000000E+0003	 1.41957032637748E-0001	
 2.78250000000000E+0003	 1.42421959825830E-0001	
 2.78450000000000E+0003	 1.42895387013912E-0001	
 2.78650000000000E+0003	 1.43372814201994E-0001	
 2.78850000000000E+0003	 1.43876241390076E-0001	
 2.79050000000000E+0003	 1.44383168578158E-0001	
 2.79250000000000E+0003	 1.44882095766239E-0001	
 2.79450000000000E+0003	 1.45383522954321E-0001	
 2.79650000000000E+0003	 1.45911950142403E-0001	
 2.79850000000000E+0003	 1.46460377330485E-0001	
 2.80050000000000E+0003	 1.47006304518567E-0001	
 2.80250000000000E+0003	 1.47551231706649E-0001	
 2.80450000000000E+0003	 1.48117158894731E-0001	
 2.80650000000000E+0003	 1.48691586082813E-0001	
 2.80850000000000E+0003	 1.49281013270895E-0001	
 2.81050000000000E+0003	 1.49887440458977E-0001	
 2.81250000000000E+0003	 1.50494867647059E-0001	
 2.81450000000000E+0003	 1.51103794835141E-0001	
 2.81650000000000E+0003	 1.51724222023223E-0001	
 2.81850000000000E+0003	 1.52355649211305E-0001	
 2.82050000000000E+0003	 1.52999076399387E-0001	
 2.82250000000000E+0003	 1.53657003587469E-0001	
 2.82450000000000E+0003	 1.54333430775550E-0001	
 2.82650000000000E+0003	 1.55028857963632E-0001	
 2.82850000000000E+0003	 1.55747785151714E-0001	
 2.83050000000000E+0003	 1.56507212339796E-0001	
 2.83250000000000E+0003	 1.57312639527878E-0001	
 2.83450000000000E+0003	 1.58172566715960E-0001	
 2.83650000000000E+0003	 1.59109493904042E-0001	
 2.83850000000000E+0003	 1.60175921092124E-0001	
 2.84050000000000E+0003	 1.61386348280206E-0001	
 2.84250000000000E+0003	 1.62808275468288E-0001	
 2.84450000000000E+0003	 1.64562202656370E-0001	
 2.84650000000000E+0003	 1.66663129844452E-0001	
 2.84850000000000E+0003	 1.69006557032534E-0001	
 2.85050000000000E+0003	 1.71363984220616E-0001	
 2.85250000000000E+0003	 1.73449911408698E-0001	
 2.85450000000000E+0003	 1.75009338596779E-0001	
 2.85650000000000E+0003	 1.75995265784861E-0001	
 2.85850000000000E+0003	 1.76616192972943E-0001	
 2.86050000000000E+0003	 1.77154620161025E-0001	
 2.86250000000000E+0003	 1.77825547349107E-0001	
 2.86450000000000E+0003	 1.78794974537189E-0001	
 2.86650000000000E+0003	 1.80072901725271E-0001	
 2.86850000000000E+0003	 1.81534828913353E-0001	
 2.87050000000000E+0003	 1.83003756101435E-0001	
 2.87250000000000E+0003	 1.84284683289517E-0001	
 2.87450000000000E+0003	 1.85129610477599E-0001	
 2.87650000000000E+0003	 1.85475537665681E-0001	
 2.87850000000000E+0003	 1.85522964853763E-0001	
 2.88050000000000E+0003	 1.85463892041845E-0001	
 2.88250000000000E+0003	 1.85429319229927E-0001	
 2.88450000000000E+0003	 1.85534746418009E-0001	
 2.88650000000000E+0003	 1.85843673606090E-0001	
 2.88850000000000E+0003	 1.86373100794172E-0001	
 2.89050000000000E+0003	 1.87101027982254E-0001	
 2.89250000000000E+0003	 1.88007955170336E-0001	
 2.89450000000000E+0003	 1.89068382358418E-0001	
 2.89650000000000E+0003	 1.90233309546500E-0001	
 2.89850000000000E+0003	 1.91444236734582E-0001	
 2.90050000000000E+0003	 1.92737163922664E-0001	
 2.90250000000000E+0003	 1.94142591110746E-0001	
 2.90450000000000E+0003	 1.95671518298828E-0001	
 2.90650000000000E+0003	 1.97340445486910E-0001	
 2.90850000000000E+0003	 1.99212872674992E-0001	
 2.91050000000000E+0003	 2.01318799863074E-0001	
 2.91250000000000E+0003	 2.03667227051156E-0001	
 2.91450000000000E+0003	 2.06168154239238E-0001	
 2.91650000000000E+0003	 2.08715081427320E-0001	
 2.91850000000000E+0003	 2.11242508615401E-0001	
 2.92050000000000E+0003	 2.13631435803483E-0001	
 2.92250000000000E+0003	 2.15742862991565E-0001	
 2.92450000000000E+0003	 2.17455790179647E-0001	
 2.92650000000000E+0003	 2.18722717367729E-0001	
 2.92850000000000E+0003	 2.19594644555811E-0001	
 2.93050000000000E+0003	 2.20054071743893E-0001	
 2.93250000000000E+0003	 2.20080498931975E-0001	
 2.93450000000000E+0003	 2.19772426120057E-0001	
 2.93650000000000E+0003	 2.19168353308139E-0001	
 2.93850000000000E+0003	 2.18282780496221E-0001	
 2.94050000000000E+0003	 2.17221707684303E-0001	
 2.94250000000000E+0003	 2.16170634872385E-0001	
 2.94450000000000E+0003	 2.15276062060467E-0001	
 2.94650000000000E+0003	 2.14637989248549E-0001	
 2.94850000000000E+0003	 2.14377916436631E-0001	
 2.95050000000000E+0003	 2.14619343624712E-0001	
 2.95250000000000E+0003	 2.15351770812794E-0001	
 2.95450000000000E+0003	 2.16329198000876E-0001	
 2.95650000000000E+0003	 2.17344625188958E-0001	
 2.95850000000000E+0003	 2.18222552377040E-0001	
 2.96050000000000E+0003	 2.18778979565122E-0001	
 2.96250000000000E+0003	 2.18885406753204E-0001	
 2.96450000000000E+0003	 2.18474833941286E-0001	
 2.96650000000000E+0003	 2.17574261129368E-0001	
 2.96850000000000E+0003	 2.16282188317450E-0001	
 2.97050000000000E+0003	 2.14810115505532E-0001	
 2.97250000000000E+0003	 2.13373042693614E-0001	
 2.97450000000000E+0003	 2.11963469881696E-0001	
 2.97650000000000E+0003	 2.10526897069778E-0001	
 2.97850000000000E+0003	 2.09128824257860E-0001	
 2.98050000000000E+0003	 2.07799251445942E-0001	
 2.98250000000000E+0003	 2.06505678634023E-0001	
 2.98450000000000E+0003	 2.05291605822105E-0001	
 2.98650000000000E+0003	 2.04223033010187E-0001	
 2.98850000000000E+0003	 2.03320460198269E-0001	
 2.99050000000000E+0003	 2.02601887386351E-0001	
 2.99250000000000E+0003	 2.02071814574433E-0001	
 2.99450000000000E+0003	 2.01680241762515E-0001	
 2.99650000000000E+0003	 2.01482668950597E-0001	
 2.99850000000000E+0003	 2.01484096138679E-0001	
 3.00050000000000E+0003	 2.01605023326761E-0001	
 3.00250000000000E+0003	 2.01825450514843E-0001	
 3.00450000000000E+0003	 2.02091877702925E-0001	
 3.00650000000000E+0003	 2.02328804891007E-0001	
 3.00850000000000E+0003	 2.02544732079089E-0001	
 3.01050000000000E+0003	 2.02791159267171E-0001	
 3.01250000000000E+0003	 2.03052586455252E-0001	
 3.01450000000000E+0003	 2.03290013643334E-0001	
 3.01650000000000E+0003	 2.03544940831416E-0001	
 3.01850000000000E+0003	 2.03903368019498E-0001	
 3.02050000000000E+0003	 2.04393295207580E-0001	
 3.02250000000000E+0003	 2.04981222395662E-0001	
 3.02450000000000E+0003	 2.05669149583744E-0001	
 3.02650000000000E+0003	 2.06398576771826E-0001	
 3.02850000000000E+0003	 2.07145003959908E-0001	
 3.03050000000000E+0003	 2.07925431147990E-0001	
 3.03250000000000E+0003	 2.08730358336072E-0001	
 3.03450000000000E+0003	 2.09538285524154E-0001	
 3.03650000000000E+0003	 2.10310712712236E-0001	
 3.03850000000000E+0003	 2.11092139900318E-0001	
 3.04050000000000E+0003	 2.11956567088400E-0001	
 3.04250000000000E+0003	 2.12846494276482E-0001	
 3.04450000000000E+0003	 2.13701421464563E-0001	
 3.04650000000000E+0003	 2.14531848652645E-0001	
 3.04850000000000E+0003	 2.15378275840727E-0001	
 3.05050000000000E+0003	 2.16268703028809E-0001	
 3.05250000000000E+0003	 2.17149630216891E-0001	
 3.05450000000000E+0003	 2.17998057404973E-0001	
 3.05650000000000E+0003	 2.18838984593055E-0001	
 3.05850000000000E+0003	 2.19630411781137E-0001	
 3.06050000000000E+0003	 2.20360838969219E-0001	
 3.06250000000000E+0003	 2.21041766157301E-0001	
 3.06450000000000E+0003	 2.21671193345383E-0001	
 3.06650000000000E+0003	 2.22249120533465E-0001	
 3.06850000000000E+0003	 2.22753047721547E-0001	
 3.07050000000000E+0003	 2.23165474909629E-0001	
 3.07250000000000E+0003	 2.23550902097711E-0001	
 3.07450000000000E+0003	 2.23930329285793E-0001	
 3.07650000000000E+0003	 2.24315256473874E-0001	
 3.07850000000000E+0003	 2.24698683661956E-0001	
 3.08050000000000E+0003	 2.25030110850038E-0001	
 3.08250000000000E+0003	 2.25305038038120E-0001	
 3.08450000000000E+0003	 2.25569465226202E-0001	
 3.08650000000000E+0003	 2.25798392414284E-0001	
 3.08850000000000E+0003	 2.26003819602366E-0001	
 3.09050000000000E+0003	 2.26211746790448E-0001	
 3.09250000000000E+0003	 2.26387673978530E-0001	
 3.09450000000000E+0003	 2.26543101166612E-0001	
 3.09650000000000E+0003	 2.26726528354694E-0001	
 3.09850000000000E+0003	 2.26937455542776E-0001	
 3.10050000000000E+0003	 2.27174882730858E-0001	
 3.10250000000000E+0003	 2.27407309918940E-0001	
 3.10450000000000E+0003	 2.27645737107022E-0001	
 3.10650000000000E+0003	 2.27930664295104E-0001	
 3.10850000000000E+0003	 2.28282091483185E-0001	
 3.11050000000000E+0003	 2.28637518671267E-0001	
 3.11250000000000E+0003	 2.28993945859349E-0001	
 3.11450000000000E+0003	 2.29431873047431E-0001	
 3.11650000000000E+0003	 2.29947300235513E-0001	
 3.11850000000000E+0003	 2.30471727423595E-0001	
 3.12050000000000E+0003	 2.31002654611677E-0001	
 3.12250000000000E+0003	 2.31524081799759E-0001	
 3.12450000000000E+0003	 2.32074008987841E-0001	
 3.12650000000000E+0003	 2.32700436175923E-0001	
 3.12850000000000E+0003	 2.33392363364005E-0001	
 3.13050000000000E+0003	 2.34118290552087E-0001	
 3.13250000000000E+0003	 2.34859717740169E-0001	
 3.13450000000000E+0003	 2.35629644928251E-0001	
 3.13650000000000E+0003	 2.36446072116333E-0001	
 3.13850000000000E+0003	 2.37325499304415E-0001	
 3.14050000000000E+0003	 2.38210426492496E-0001	
 3.14250000000000E+0003	 2.39068353680578E-0001	
 3.14450000000000E+0003	 2.39970780868660E-0001	
 3.14650000000000E+0003	 2.40929708056742E-0001	
 3.14850000000000E+0003	 2.41930635244824E-0001	
 3.15050000000000E+0003	 2.42997062432906E-0001	
 3.15250000000000E+0003	 2.44111989620988E-0001	
 3.15450000000000E+0003	 2.45165416809070E-0001	
 3.15650000000000E+0003	 2.46201343997152E-0001	
 3.15850000000000E+0003	 2.47298271185234E-0001	
 3.16050000000000E+0003	 2.48444698373316E-0001	
 3.16250000000000E+0003	 2.49617125561398E-0001	
 3.16450000000000E+0003	 2.50816052749480E-0001	
 3.16650000000000E+0003	 2.52029479937562E-0001	
 3.16850000000000E+0003	 2.53260407125644E-0001	
 3.17050000000000E+0003	 2.54504334313725E-0001	
 3.17250000000000E+0003	 2.55756261501807E-0001	
 3.17450000000000E+0003	 2.57012188689889E-0001	
 3.17650000000000E+0003	 2.58283115877971E-0001	
 3.17850000000000E+0003	 2.59564543066053E-0001	
 3.18050000000000E+0003	 2.60842470254135E-0001	
 3.18250000000000E+0003	 2.62101897442217E-0001	
 3.18450000000000E+0003	 2.63360824630299E-0001	
 3.18650000000000E+0003	 2.64617751818381E-0001	
 3.18850000000000E+0003	 2.65864679006463E-0001	
 3.19050000000000E+0003	 2.67088106194545E-0001	
 3.19250000000000E+0003	 2.68295533382627E-0001	
 3.19450000000000E+0003	 2.69490460570709E-0001	
 3.19650000000000E+0003	 2.70677887758791E-0001	
 3.19850000000000E+0003	 2.71854314946873E-0001	
 3.20050000000000E+0003	 2.73018242134955E-0001	
 3.20250000000000E+0003	 2.74161669323036E-0001	
 3.20450000000000E+0003	 2.75283596511118E-0001	
 3.20650000000000E+0003	 2.76386523699200E-0001	
 3.20850000000000E+0003	 2.77478950887282E-0001	
 3.21050000000000E+0003	 2.78565878075364E-0001	
 3.21250000000000E+0003	 2.79655805263446E-0001	
 3.21450000000000E+0003	 2.80749232451528E-0001	
 3.21650000000000E+0003	 2.81844159639610E-0001	
 3.21850000000000E+0003	 2.82947586827692E-0001	
 3.22050000000000E+0003	 2.84067014015774E-0001	
 3.22250000000000E+0003	 2.85185941203856E-0001	
 3.22450000000000E+0003	 2.86326868391938E-0001	
 3.22650000000000E+0003	 2.87500295580020E-0001	
 3.22850000000000E+0003	 2.88710222768102E-0001	
 3.23050000000000E+0003	 2.89973149956184E-0001	
 3.23250000000000E+0003	 2.91316577144266E-0001	
 3.23450000000000E+0003	 2.92648004332347E-0001	
 3.23650000000000E+0003	 2.93925931520429E-0001	
 3.23850000000000E+0003	 2.95258858708511E-0001	
 3.24050000000000E+0003	 2.96683285896593E-0001	
 3.24250000000000E+0003	 2.98164713084675E-0001	
 3.24450000000000E+0003	 2.99716140272757E-0001	
 3.24650000000000E+0003	 3.01336067460839E-0001	
 3.24850000000000E+0003	 3.02952494648921E-0001	
 3.25050000000000E+0003	 3.04567421837003E-0001	
 3.25250000000000E+0003	 3.06257349025085E-0001	
 3.25450000000000E+0003	 3.08030776213167E-0001	
 3.25650000000000E+0003	 3.09840703401249E-0001	
 3.25850000000000E+0003	 3.11642630589331E-0001	
 3.26050000000000E+0003	 3.13465057777413E-0001	
 3.26250000000000E+0003	 3.15309984965495E-0001	
 3.26450000000000E+0003	 3.17158912153577E-0001	
 3.26650000000000E+0003	 3.18994339341658E-0001	
 3.26850000000000E+0003	 3.20825766529740E-0001	
 3.27050000000000E+0003	 3.22647193717822E-0001	
 3.27250000000000E+0003	 3.24374620905904E-0001	
 3.27450000000000E+0003	 3.25989048093986E-0001	
 3.27650000000000E+0003	 3.27544475282068E-0001	
 3.27850000000000E+0003	 3.29019402470150E-0001	
 3.28050000000000E+0003	 3.30425329658232E-0001	
 3.28250000000000E+0003	 3.31761256846314E-0001	
 3.28450000000000E+0003	 3.33018684034396E-0001	
 3.28650000000000E+0003	 3.34187111222478E-0001	
 3.28850000000000E+0003	 3.35273538410560E-0001	
 3.29050000000000E+0003	 3.36298965598642E-0001	
 3.29250000000000E+0003	 3.37256392786724E-0001	
 3.29450000000000E+0003	 3.38089819974806E-0001	
 3.29650000000000E+0003	 3.38820247162888E-0001	
 3.29850000000000E+0003	 3.39463174350969E-0001	
 3.30050000000000E+0003	 3.40042601539051E-0001	
 3.30250000000000E+0003	 3.40596028727133E-0001	
 3.30450000000000E+0003	 3.41162455915215E-0001	
 3.30650000000000E+0003	 3.41672883103297E-0001	
 3.30850000000000E+0003	 3.42058810291379E-0001	
 3.31050000000000E+0003	 3.42356237479461E-0001	
 3.31250000000000E+0003	 3.42632664667543E-0001	
 3.31450000000000E+0003	 3.42919591855625E-0001	
 3.31650000000000E+0003	 3.43208019043707E-0001	
 3.31850000000000E+0003	 3.43488446231789E-0001	
 3.32050000000000E+0003	 3.43775873419871E-0001	
 3.32250000000000E+0003	 3.44073300607953E-0001	
 3.32450000000000E+0003	 3.44400227796035E-0001	
 3.32650000000000E+0003	 3.44731654984117E-0001	
 3.32850000000000E+0003	 3.45043082172198E-0001	
 3.33050000000000E+0003	 3.45373009360280E-0001	
 3.33250000000000E+0003	 3.45745936548362E-0001	
 3.33450000000000E+0003	 3.46159863736444E-0001	
 3.33650000000000E+0003	 3.46639790924526E-0001	
 3.33850000000000E+0003	 3.47153218112608E-0001	
 3.34050000000000E+0003	 3.47635145300690E-0001	
 3.34250000000000E+0003	 3.48123072488772E-0001	
 3.34450000000000E+0003	 3.48645499676854E-0001	
 3.34650000000000E+0003	 3.49194926864936E-0001	
 3.34850000000000E+0003	 3.49835854053018E-0001	
 3.35050000000000E+0003	 3.50534781241100E-0001	
 3.35250000000000E+0003	 3.51169208429182E-0001	
 3.35450000000000E+0003	 3.51768635617264E-0001	
 3.35650000000000E+0003	 3.52436062805346E-0001	
 3.35850000000000E+0003	 3.53164489993428E-0001	
 3.36050000000000E+0003	 3.53917917181509E-0001	
 3.36250000000000E+0003	 3.54655844369591E-0001	
 3.36450000000000E+0003	 3.55432271557673E-0001	
 3.36650000000000E+0003	 3.56296698745755E-0001	
 3.36850000000000E+0003	 3.57161625933837E-0001	
 3.37050000000000E+0003	 3.57879553121919E-0001	
 3.37250000000000E+0003	 3.58475480310001E-0001	
 3.37450000000000E+0003	 3.59114407498083E-0001	
 3.37650000000000E+0003	 3.59824334686165E-0001	
 3.37850000000000E+0003	 3.60515261874247E-0001	
 3.38050000000000E+0003	 3.61164689062329E-0001	
 3.38250000000000E+0003	 3.61772116250411E-0001	
 3.38450000000000E+0003	 3.62374043438493E-0001	
 3.38650000000000E+0003	 3.62982970626575E-0001	
 3.38850000000000E+0003	 3.63630897814657E-0001	
 3.39050000000000E+0003	 3.64345825002739E-0001	
 3.39250000000000E+0003	 3.64963752190820E-0001	
 3.39450000000000E+0003	 3.65395679378902E-0001	
 3.39650000000000E+0003	 3.65861106566984E-0001	
 3.39850000000000E+0003	 3.66517533755066E-0001	
 3.40050000000000E+0003	 3.67185960943148E-0001	
 3.40250000000000E+0003	 3.67574388131230E-0001	
 3.40450000000000E+0003	 3.67813815319312E-0001	
 3.40650000000000E+0003	 3.68167242507394E-0001	
 3.40850000000000E+0003	 3.68605669695476E-0001	
 3.41050000000000E+0003	 3.68986596883558E-0001	
 3.41250000000000E+0003	 3.69289524071640E-0001	
 3.41450000000000E+0003	 3.69472451259722E-0001	
 3.41650000000000E+0003	 3.69546878447804E-0001	
 3.41850000000000E+0003	 3.69601805635886E-0001	
 3.42050000000000E+0003	 3.69652232823968E-0001	
 3.42250000000000E+0003	 3.69630160012050E-0001	
 3.42450000000000E+0003	 3.69543587200131E-0001	
 3.42650000000000E+0003	 3.69447514388213E-0001	
 3.42850000000000E+0003	 3.69346941576295E-0001	
 3.43050000000000E+0003	 3.69163368764377E-0001	
 3.43250000000000E+0003	 3.68911295952459E-0001	
 3.43450000000000E+0003	 3.68668223140541E-0001	
 3.43650000000000E+0003	 3.68310650328623E-0001	
 3.43850000000000E+0003	 3.67732077516705E-0001	
 3.44050000000000E+0003	 3.67066004704787E-0001	
 3.44250000000000E+0003	 3.66444431892869E-0001	
 3.44450000000000E+0003	 3.65842359080951E-0001	
 3.44650000000000E+0003	 3.65211286269033E-0001	
 3.44850000000000E+0003	 3.64518713457115E-0001	
 3.45050000000000E+0003	 3.63731640645197E-0001	
 3.45250000000000E+0003	 3.62896567833279E-0001	
 3.45450000000000E+0003	 3.62034995021360E-0001	
 3.45650000000000E+0003	 3.61160422209442E-0001	
 3.45850000000000E+0003	 3.60294349397524E-0001	
 3.46050000000000E+0003	 3.59356776585606E-0001	
 3.46250000000000E+0003	 3.58309203773688E-0001	
 3.46450000000000E+0003	 3.57334130961770E-0001	
 3.46650000000000E+0003	 3.56485058149852E-0001	
 3.46850000000000E+0003	 3.55492485337934E-0001	
 3.47050000000000E+0003	 3.54133912526016E-0001	
 3.47250000000000E+0003	 3.52650839714098E-0001	
 3.47450000000000E+0003	 3.51313266902180E-0001	
 3.47650000000000E+0003	 3.50114694090262E-0001	
 3.47850000000000E+0003	 3.48969121278344E-0001	
 3.48050000000000E+0003	 3.47689548466426E-0001	
 3.48250000000000E+0003	 3.46238975654508E-0001	
 3.48450000000000E+0003	 3.44845402842590E-0001	
 3.48650000000000E+0003	 3.43504830030671E-0001	
 3.48850000000000E+0003	 3.42080257218753E-0001	
 3.49050000000000E+0003	 3.40606184406835E-0001	
 3.49250000000000E+0003	 3.39171611594917E-0001	
 3.49450000000000E+0003	 3.37757038782999E-0001	
 3.49650000000000E+0003	 3.36325965971081E-0001	
 3.49850000000000E+0003	 3.34816893159163E-0001	
 3.50050000000000E+0003	 3.33306320347245E-0001	
 3.50250000000000E+0003	 3.31807747535327E-0001	
 3.50450000000000E+0003	 3.30127174723409E-0001	
 3.50650000000000E+0003	 3.28332601911491E-0001	
 3.50850000000000E+0003	 3.26616029099573E-0001	
 3.51050000000000E+0003	 3.25003956287655E-0001	
 3.51250000000000E+0003	 3.23438383475737E-0001	
 3.51450000000000E+0003	 3.21754810663819E-0001	
 3.51650000000000E+0003	 3.19929737851901E-0001	
 3.51850000000000E+0003	 3.18108665039982E-0001	
 3.52050000000000E+0003	 3.16381092228064E-0001	
 3.52250000000000E+0003	 3.14733519416146E-0001	
 3.52450000000000E+0003	 3.12960446604228E-0001	
 3.52650000000000E+0003	 3.10981873792310E-0001	
 3.52850000000000E+0003	 3.09018800980392E-0001	
 3.53050000000000E+0003	 3.07123728168474E-0001	
 3.53250000000000E+0003	 3.05239155356556E-0001	
 3.53450000000000E+0003	 3.03403082544638E-0001	
 3.53650000000000E+0003	 3.01526009732720E-0001	
 3.53850000000000E+0003	 2.99486936920802E-0001	
 3.54050000000000E+0003	 2.97467864108884E-0001	
 3.54250000000000E+0003	 2.95588291296966E-0001	
 3.54450000000000E+0003	 2.93678218485048E-0001	
 3.54650000000000E+0003	 2.91521645673130E-0001	
 3.54850000000000E+0003	 2.89205072861212E-0001	
 3.55050000000000E+0003	 2.86970000049293E-0001	
 3.55250000000000E+0003	 2.84774927237375E-0001	
 3.55450000000000E+0003	 2.82552354425457E-0001	
 3.55650000000000E+0003	 2.80334781613539E-0001	
 3.55850000000000E+0003	 2.78130708801621E-0001	
 3.56050000000000E+0003	 2.75924135989703E-0001	
 3.56250000000000E+0003	 2.73638563177785E-0001	
 3.56450000000000E+0003	 2.71282490365867E-0001	
 3.56650000000000E+0003	 2.68973917553949E-0001	
 3.56850000000000E+0003	 2.66718844742031E-0001	
 3.57050000000000E+0003	 2.64357271930113E-0001	
 3.57250000000000E+0003	 2.61882699118195E-0001	
 3.57450000000000E+0003	 2.59397626306277E-0001	
 3.57650000000000E+0003	 2.56948553494359E-0001	
 3.57850000000000E+0003	 2.54530480682441E-0001	
 3.58050000000000E+0003	 2.52154407870523E-0001	
 3.58250000000000E+0003	 2.49791335058604E-0001	
 3.58450000000000E+0003	 2.47396262246686E-0001	
 3.58650000000000E+0003	 2.44841189434768E-0001	
 3.58850000000000E+0003	 2.42154116622850E-0001	
 3.59050000000000E+0003	 2.39544043810932E-0001	
 3.59250000000000E+0003	 2.37010970999014E-0001	
 3.59450000000000E+0003	 2.34430398187096E-0001	
 3.59650000000000E+0003	 2.31887825375178E-0001	
 3.59850000000000E+0003	 2.29427752563260E-0001	
 3.60050000000000E+0003	 2.26923679751342E-0001	
 3.60250000000000E+0003	 2.24371106939424E-0001	
 3.60450000000000E+0003	 2.21849034127506E-0001	
 3.60650000000000E+0003	 2.19331961315588E-0001	
 3.60850000000000E+0003	 2.16772888503670E-0001	
 3.61050000000000E+0003	 2.14210815691752E-0001	
 3.61250000000000E+0003	 2.11711242879833E-0001	
 3.61450000000000E+0003	 2.09273670067915E-0001	
 3.61650000000000E+0003	 2.06850097255997E-0001	
 3.61850000000000E+0003	 2.04398024444079E-0001	
 3.62050000000000E+0003	 2.02001451632161E-0001	
 3.62250000000000E+0003	 1.99649878820243E-0001	
 3.62450000000000E+0003	 1.97323806008325E-0001	
 3.62650000000000E+0003	 1.95040233196407E-0001	
 3.62850000000000E+0003	 1.92651160384489E-0001	
 3.63050000000000E+0003	 1.90261087572571E-0001	
 3.63250000000000E+0003	 1.88099514760653E-0001	
 3.63450000000000E+0003	 1.86007441948735E-0001	
 3.63650000000000E+0003	 1.83860369136817E-0001	
 3.63850000000000E+0003	 1.81744796324899E-0001	
 3.64050000000000E+0003	 1.79682723512981E-0001	
 3.64250000000000E+0003	 1.77678650701063E-0001	
 3.64450000000000E+0003	 1.75765077889144E-0001	
 3.64650000000000E+0003	 1.73915005077226E-0001	
 3.64850000000000E+0003	 1.72101932265308E-0001	
 3.65050000000000E+0003	 1.70317359453390E-0001	
 3.65250000000000E+0003	 1.68520286641472E-0001	
 3.65450000000000E+0003	 1.66798213829554E-0001	
 3.65650000000000E+0003	 1.65137141017636E-0001	
 3.65850000000000E+0003	 1.63602068205718E-0001	
 3.66050000000000E+0003	 1.62119495393800E-0001	
 3.66250000000000E+0003	 1.60575922581882E-0001	
 3.66450000000000E+0003	 1.59078349769964E-0001	
 3.66650000000000E+0003	 1.57730276958046E-0001	
 3.66850000000000E+0003	 1.56440704146128E-0001	
 3.67050000000000E+0003	 1.55183131334210E-0001	
 3.67250000000000E+0003	 1.54073058522292E-0001	
 3.67450000000000E+0003	 1.53043485710374E-0001	
 3.67650000000000E+0003	 1.52000412898455E-0001	
 3.67850000000000E+0003	 1.50971840086537E-0001	
 3.68050000000000E+0003	 1.50028767274619E-0001	
 3.68250000000000E+0003	 1.49089694462701E-0001	
 3.68450000000000E+0003	 1.48221121650783E-0001	
 3.68650000000000E+0003	 1.47471048838865E-0001	
 3.68850000000000E+0003	 1.46725476026947E-0001	
 3.69050000000000E+0003	 1.45947903215029E-0001	
 3.69250000000000E+0003	 1.45183830403111E-0001	
 3.69450000000000E+0003	 1.44473257591193E-0001	
 3.69650000000000E+0003	 1.43812684779275E-0001	
 3.69850000000000E+0003	 1.43190111967357E-0001	
 3.70050000000000E+0003	 1.42620539155439E-0001	
 3.70250000000000E+0003	 1.42140966343521E-0001	
 3.70450000000000E+0003	 1.41681893531603E-0001	
 3.70650000000000E+0003	 1.41221820719685E-0001	
 3.70850000000000E+0003	 1.40816747907766E-0001	
 3.71050000000000E+0003	 1.40478175095848E-0001	
 3.71250000000000E+0003	 1.40163102283930E-0001	
 3.71450000000000E+0003	 1.39806529472012E-0001	
 3.71650000000000E+0003	 1.39457956660094E-0001	
 3.71850000000000E+0003	 1.39123883848176E-0001	
 3.72050000000000E+0003	 1.38817811036258E-0001	
 3.72250000000000E+0003	 1.38557738224340E-0001	
 3.72450000000000E+0003	 1.38316665412422E-0001	
 3.72650000000000E+0003	 1.38058092600504E-0001	
 3.72850000000000E+0003	 1.37792019788586E-0001	
 3.73050000000000E+0003	 1.37515946976668E-0001	
 3.73250000000000E+0003	 1.37298874164750E-0001	
 3.73450000000000E+0003	 1.37228801352832E-0001	
 3.73650000000000E+0003	 1.37219728540914E-0001	
 3.73850000000000E+0003	 1.37025655728996E-0001	
 3.74050000000000E+0003	 1.36759082917077E-0001	
 3.74250000000000E+0003	 1.36484010105159E-0001	
 3.74450000000000E+0003	 1.36217437293241E-0001	
 3.74650000000000E+0003	 1.36074864481323E-0001	
 3.74850000000000E+0003	 1.35937291669405E-0001	
 3.75050000000000E+0003	 1.35766718857487E-0001	
 3.75250000000000E+0003	 1.35635146045569E-0001	
 3.75450000000000E+0003	 1.35478073233651E-0001	
 3.75650000000000E+0003	 1.35327500421733E-0001	
 3.75850000000000E+0003	 1.35203927609815E-0001	
 3.76050000000000E+0003	 1.35103854797897E-0001	
 3.76250000000000E+0003	 1.34959781985979E-0001	
 3.76450000000000E+0003	 1.34797709174061E-0001	
 3.76650000000000E+0003	 1.34701636362143E-0001	
 3.76850000000000E+0003	 1.34609563550225E-0001	
 3.77050000000000E+0003	 1.34513490738306E-0001	
 3.77250000000000E+0003	 1.34398417926388E-0001	
 3.77450000000000E+0003	 1.34256845114470E-0001	
 3.77650000000000E+0003	 1.34161272302552E-0001	
 3.77850000000000E+0003	 1.34125199490634E-0001	
 3.78050000000000E+0003	 1.34080626678716E-0001	
 3.78250000000000E+0003	 1.33937553866798E-0001	
 3.78450000000000E+0003	 1.33799481054880E-0001	
 3.78650000000000E+0003	 1.33730408242962E-0001	
 3.78850000000000E+0003	 1.33666335431044E-0001	
 3.79050000000000E+0003	 1.33589762619126E-0001	
 3.79250000000000E+0003	 1.33500189807208E-0001	
 3.79450000000000E+0003	 1.33398116995290E-0001	
 3.79650000000000E+0003	 1.33328544183372E-0001	
 3.79850000000000E+0003	 1.33294971371454E-0001	
 3.80050000000000E+0003	 1.33197398559536E-0001	
 3.80250000000000E+0003	 1.33174325747617E-0001	
 3.80450000000000E+0003	 1.33176252935699E-0001	
 3.80650000000000E+0003	 1.33118680123781E-0001	
 3.80850000000000E+0003	 1.33055107311863E-0001	
 3.81050000000000E+0003	 1.32970534499945E-0001	
 3.81250000000000E+0003	 1.32917961688027E-0001	
 3.81450000000000E+0003	 1.32853388876109E-0001	
 3.81650000000000E+0003	 1.32803316064191E-0001	
 3.81850000000000E+0003	 1.32802243252273E-0001	
 3.82050000000000E+0003	 1.32812170440355E-0001	
 3.82250000000000E+0003	 1.32847097628437E-0001	
 3.82450000000000E+0003	 1.32767024816519E-0001	
 3.82650000000000E+0003	 1.32703952004601E-0001	
 3.82850000000000E+0003	 1.32687879192683E-0001	
 3.83050000000000E+0003	 1.32639306380765E-0001	
 3.83250000000000E+0003	 1.32603233568847E-0001	
 3.83450000000000E+0003	 1.32635160756928E-0001	
 3.83650000000000E+0003	 1.32633087945010E-0001	
 3.83850000000000E+0003	 1.32562515133092E-0001	
 3.84050000000000E+0003	 1.32557442321174E-0001	
 3.84250000000000E+0003	 1.32614369509256E-0001	
 3.84450000000000E+0003	 1.32637796697338E-0001	
 3.84650000000000E+0003	 1.32593223885420E-0001	
 3.84850000000000E+0003	 1.32503151073502E-0001	
 3.85050000000000E+0003	 1.32437578261584E-0001	
 3.85250000000000E+0003	 1.32351005449666E-0001	
 3.85450000000000E+0003	 1.32369932637748E-0001	
 3.85650000000000E+0003	 1.32401359825830E-0001	
 3.85850000000000E+0003	 1.32484787013912E-0001	
 3.86050000000000E+0003	 1.32486714201994E-0001	
 3.86250000000000E+0003	 1.32456141390076E-0001	
 3.86450000000000E+0003	 1.32478068578158E-0001	
 3.86650000000000E+0003	 1.32527995766239E-0001	
 3.86850000000000E+0003	 1.32512422954321E-0001	
 3.87050000000000E+0003	 1.32513350142403E-0001	
 3.87250000000000E+0003	 1.32539277330485E-0001	
 3.87450000000000E+0003	 1.32579704518567E-0001	
 3.87650000000000E+0003	 1.32615631706649E-0001	
 3.87850000000000E+0003	 1.32578558894731E-0001	
 3.88050000000000E+0003	 1.32594486082813E-0001	
 3.88250000000000E+0003	 1.32707413270895E-0001	
 3.88450000000000E+0003	 1.32775840458977E-0001	
 3.88650000000000E+0003	 1.32797767647059E-0001	
 3.88850000000000E+0003	 1.32744694835141E-0001	
 3.89050000000000E+0003	 1.32688622023223E-0001	
 3.89250000000000E+0003	 1.32734049211305E-0001	
 3.89450000000000E+0003	 1.32782976399387E-0001	
 3.89650000000000E+0003	 1.32784903587469E-0001	
 3.89850000000000E+0003	 1.32804830775550E-0001	
 3.90050000000000E+0003	 1.32901757963632E-0001	
 3.90250000000000E+0003	 1.32958185151714E-0001	
 3.90450000000000E+0003	 1.32976612339796E-0001	
 3.90650000000000E+0003	 1.33025039527878E-0001	
 3.90850000000000E+0003	 1.33057966715960E-0001	
 3.91050000000000E+0003	 1.33068893904042E-0001	
 3.91250000000000E+0003	 1.33093821092124E-0001	
 3.91450000000000E+0003	 1.33139748280206E-0001	
 3.91650000000000E+0003	 1.33206675468288E-0001	
 3.91850000000000E+0003	 1.33266602656370E-0001	
 3.92050000000000E+0003	 1.33288529844452E-0001	
 3.92250000000000E+0003	 1.33290957032534E-0001	
 3.92450000000000E+0003	 1.33314884220616E-0001	
 3.92650000000000E+0003	 1.33373311408698E-0001	
 3.92850000000000E+0003	 1.33414238596779E-0001	
 3.93050000000000E+0003	 1.33464665784861E-0001	
 3.93250000000000E+0003	 1.33552092972943E-0001	
 3.93450000000000E+0003	 1.33607520161025E-0001	
 3.93650000000000E+0003	 1.33600447349107E-0001	
 3.93850000000000E+0003	 1.33590874537189E-0001	
 3.94050000000000E+0003	 1.33602801725271E-0001	
 3.94250000000000E+0003	 1.33643228913353E-0001	
 3.94450000000000E+0003	 1.33715656101435E-0001	
 3.94650000000000E+0003	 1.33756083289517E-0001	
 3.94850000000000E+0003	 1.33777010477599E-0001	
 3.95050000000000E+0003	 1.33817437665681E-0001	
 3.95250000000000E+0003	 1.33855364853763E-0001	
 3.95450000000000E+0003	 1.33880292041845E-0001	
 3.95650000000000E+0003	 1.33903719229927E-0001	
 3.95850000000000E+0003	 1.33940146418009E-0001	
 3.96050000000000E+0003	 1.33980073606090E-0001	
 3.96250000000000E+0003	 1.34023000794172E-0001	
 3.96450000000000E+0003	 1.34063927982254E-0001	
 3.96650000000000E+0003	 1.34094355170336E-0001	
 3.96850000000000E+0003	 1.34128282358418E-0001	
 3.97050000000000E+0003	 1.34166709546500E-0001	
 3.97250000000000E+0003	 1.34207636734582E-0001	
 3.97450000000000E+0003	 1.34258063922664E-0001	
 3.97650000000000E+0003	 1.34314491110746E-0001	
 3.97850000000000E+0003	 1.34353918298828E-0001	
 3.98050000000000E+0003	 1.34388345486910E-0001	
 3.98250000000000E+0003	 1.34447272674992E-0001	
 3.98450000000000E+0003	 1.34507699863074E-0001	
 3.98650000000000E+0003	 1.34535627051156E-0001	
 3.98850000000000E+0003	 1.34550054239238E-0001	
 3.99050000000000E+0003	 1.34579981427320E-0001	
 3.99250000000000E+0003	 1.34621908615401E-0001	
 3.99450000000000E+0003	 1.34663335803483E-0001	
 3.99650000000000E+0003	 1.34706762991565E-0001	
 3.99850000000000E+0003	 1.34743801470588E-0001	

>1	DATALINE
