*CPCWIN*

>1	DATALINE
DATALINE
1
Operator:

Description:

Remarks:





15.9.2008
11:19


_x	_y
	
	
UNIT	UNIT
 4.50500000000000E+0002	 1.67024104366110E-0001	
 4.52500000000000E+0002	 1.67395464316636E-0001	
 4.54500000000000E+0002	 1.68608324267161E-0001	
 4.56500000000000E+0002	 1.69416184217687E-0001	
 4.58500000000000E+0002	 1.70157044168213E-0001	
 4.60500000000000E+0002	 1.70853404118738E-0001	
 4.62500000000000E+0002	 1.71957764069264E-0001	
 4.64500000000000E+0002	 1.73250124019790E-0001	
 4.66500000000000E+0002	 1.73496983970315E-0001	
 4.68500000000000E+0002	 1.73588343920841E-0001	
 4.70500000000000E+0002	 1.74642203871367E-0001	
 4.72500000000000E+0002	 1.75577563821892E-0001	
 4.74500000000000E+0002	 1.76433923772418E-0001	
 4.76500000000000E+0002	 1.77014283722944E-0001	
 4.78500000000000E+0002	 1.78026143673469E-0001	
 4.80500000000000E+0002	 1.78888503623995E-0001	
 4.82500000000000E+0002	 1.79643863574521E-0001	
 4.84500000000000E+0002	 1.80209223525046E-0001	
 4.86500000000000E+0002	 1.80865583475572E-0001	
 4.88500000000000E+0002	 1.81905443426098E-0001	
 4.90500000000000E+0002	 1.82617303376623E-0001	
 4.92500000000000E+0002	 1.83227663327149E-0001	
 4.94500000000000E+0002	 1.84402023277675E-0001	
 4.96500000000000E+0002	 1.85411383228200E-0001	
 4.98500000000000E+0002	 1.86304743178726E-0001	
 5.00500000000000E+0002	 1.86659603129252E-0001	
 5.02500000000000E+0002	 1.87271963079777E-0001	
 5.04500000000000E+0002	 1.88630323030303E-0001	
 5.06500000000000E+0002	 1.89966682980829E-0001	
 5.08500000000000E+0002	 1.90907042931354E-0001	
 5.10500000000000E+0002	 1.91962402881880E-0001	
 5.12500000000000E+0002	 1.93341762832406E-0001	
 5.14500000000000E+0002	 1.94553122782931E-0001	
 5.16500000000000E+0002	 1.95365482733457E-0001	
 5.18500000000000E+0002	 1.96747842683983E-0001	
 5.20500000000000E+0002	 1.98729702634508E-0001	
 5.22500000000000E+0002	 2.00771562585034E-0001	
 5.24500000000000E+0002	 2.02355922535560E-0001	
 5.26500000000000E+0002	 2.04707282486085E-0001	
 5.28500000000000E+0002	 2.07978642436611E-0001	
 5.30500000000000E+0002	 2.10392502387137E-0001	
 5.32500000000000E+0002	 2.10686862337662E-0001	
 5.34500000000000E+0002	 2.09747722288188E-0001	
 5.36500000000000E+0002	 2.08567582238714E-0001	
 5.38500000000000E+0002	 2.07530442189239E-0001	
 5.40500000000000E+0002	 2.06442302139765E-0001	
 5.42500000000000E+0002	 2.05419162090291E-0001	
 5.44500000000000E+0002	 2.04375522040816E-0001	
 5.46500000000000E+0002	 2.03427881991342E-0001	
 5.48500000000000E+0002	 2.02611741941868E-0001	
 5.50500000000000E+0002	 2.02086101892393E-0001	
 5.52500000000000E+0002	 2.01729461842919E-0001	
 5.54500000000000E+0002	 2.01306821793445E-0001	
 5.56500000000000E+0002	 2.00785681743970E-0001	
 5.58500000000000E+0002	 2.00345541694496E-0001	
 5.60500000000000E+0002	 1.99840901645022E-0001	
 5.62500000000000E+0002	 1.99342261595547E-0001	
 5.64500000000000E+0002	 1.98819121546073E-0001	
 5.66500000000000E+0002	 1.98283981496599E-0001	
 5.68500000000000E+0002	 1.97652841447124E-0001	
 5.70500000000000E+0002	 1.97161201397650E-0001	
 5.72500000000000E+0002	 1.96767061348176E-0001	
 5.74500000000000E+0002	 1.96232421298701E-0001	
 5.76500000000000E+0002	 1.95662781249227E-0001	
 5.78500000000000E+0002	 1.95351641199753E-0001	
 5.80500000000000E+0002	 1.94762001150278E-0001	
 5.82500000000000E+0002	 1.94288861100804E-0001	
 5.84500000000000E+0002	 1.93809721051330E-0001	
 5.86500000000000E+0002	 1.93475581001855E-0001	
 5.88500000000000E+0002	 1.93149940952381E-0001	
 5.90500000000000E+0002	 1.92654300902907E-0001	
 5.92500000000000E+0002	 1.92367160853432E-0001	
 5.94500000000000E+0002	 1.92553020803958E-0001	
 5.96500000000000E+0002	 1.92619880754484E-0001	
 5.98500000000000E+0002	 1.92473740705009E-0001	
 6.00500000000000E+0002	 1.92211600655535E-0001	
 6.02500000000000E+0002	 1.92207960606061E-0001	
 6.04500000000000E+0002	 1.92113320556586E-0001	
 6.06500000000000E+0002	 1.92063680507112E-0001	
 6.08500000000000E+0002	 1.92048040457638E-0001	
 6.10500000000000E+0002	 1.92091900408163E-0001	
 6.12500000000000E+0002	 1.92109760358689E-0001	
 6.14500000000000E+0002	 1.92083620309215E-0001	
 6.16500000000000E+0002	 1.91912480259740E-0001	
 6.18500000000000E+0002	 1.91898840210266E-0001	
 6.20500000000000E+0002	 1.91815700160792E-0001	
 6.22500000000000E+0002	 1.91583060111317E-0001	
 6.24500000000000E+0002	 1.91119420061843E-0001	
 6.26500000000000E+0002	 1.90717780012369E-0001	
 6.28500000000000E+0002	 1.90323139962894E-0001	
 6.30500000000000E+0002	 1.89783499913420E-0001	
 6.32500000000000E+0002	 1.89084859863946E-0001	
 6.34500000000000E+0002	 1.88422719814471E-0001	
 6.36500000000000E+0002	 1.88011579764997E-0001	
 6.38500000000000E+0002	 1.87793939715523E-0001	
 6.40500000000000E+0002	 1.87546799666048E-0001	
 6.42500000000000E+0002	 1.87363659616574E-0001	
 6.44500000000000E+0002	 1.87060519567100E-0001	
 6.46500000000000E+0002	 1.86722879517625E-0001	
 6.48500000000000E+0002	 1.86369739468151E-0001	
 6.50500000000000E+0002	 1.86042599418677E-0001	
 6.52500000000000E+0002	 1.85679959369202E-0001	
 6.54500000000000E+0002	 1.85328319319728E-0001	
 6.56500000000000E+0002	 1.84933179270254E-0001	
 6.58500000000000E+0002	 1.84519039220779E-0001	
 6.60500000000000E+0002	 1.84054399171305E-0001	
 6.62500000000000E+0002	 1.83719759121831E-0001	
 6.64500000000000E+0002	 1.83982619072356E-0001	
 6.66500000000000E+0002	 1.85744979022882E-0001	
 6.68500000000000E+0002	 1.85495838973408E-0001	
 6.70500000000000E+0002	 1.82152698923933E-0001	
 6.72500000000000E+0002	 1.80862058874459E-0001	
 6.74500000000000E+0002	 1.80170918824985E-0001	
 6.76500000000000E+0002	 1.79522278775510E-0001	
 6.78500000000000E+0002	 1.78863138726036E-0001	
 6.80500000000000E+0002	 1.78160498676562E-0001	
 6.82500000000000E+0002	 1.77471858627087E-0001	
 6.84500000000000E+0002	 1.76775218577613E-0001	
 6.86500000000000E+0002	 1.76032578528139E-0001	
 6.88500000000000E+0002	 1.75250938478664E-0001	
 6.90500000000000E+0002	 1.74724298429190E-0001	
 6.92500000000000E+0002	 1.74375658379716E-0001	
 6.94500000000000E+0002	 1.74096518330241E-0001	
 6.96500000000000E+0002	 1.73893878280767E-0001	
 6.98500000000000E+0002	 1.73708238231293E-0001	
 7.00500000000000E+0002	 1.73359598181818E-0001	
 7.02500000000000E+0002	 1.72624458132344E-0001	
 7.04500000000000E+0002	 1.71579318082870E-0001	
 7.06500000000000E+0002	 1.70485178033395E-0001	
 7.08500000000000E+0002	 1.69424537983921E-0001	
 7.10500000000000E+0002	 1.68476397934447E-0001	
 7.12500000000000E+0002	 1.67572757884972E-0001	
 7.14500000000000E+0002	 1.66590117835498E-0001	
 7.16500000000000E+0002	 1.65564977786024E-0001	
 7.18500000000000E+0002	 1.64552837736549E-0001	
 7.20500000000000E+0002	 1.63629197687075E-0001	
 7.22500000000000E+0002	 1.62831557637600E-0001	
 7.24500000000000E+0002	 1.61772917588126E-0001	
 7.26500000000000E+0002	 1.60456777538652E-0001	
 7.28500000000000E+0002	 1.59025637489177E-0001	
 7.30500000000000E+0002	 1.57621997439703E-0001	
 7.32500000000000E+0002	 1.56343857390229E-0001	
 7.34500000000000E+0002	 1.55256217340754E-0001	
 7.36500000000000E+0002	 1.54324577291280E-0001	
 7.38500000000000E+0002	 1.53521937241806E-0001	
 7.40500000000000E+0002	 1.52760297192331E-0001	
 7.42500000000000E+0002	 1.52039157142857E-0001	
 7.44500000000000E+0002	 1.51318517093383E-0001	
 7.46500000000000E+0002	 1.50591877043908E-0001	
 7.48500000000000E+0002	 1.49800736994434E-0001	
 7.50500000000000E+0002	 1.48942096944960E-0001	
 7.52500000000000E+0002	 1.48031456895485E-0001	
 7.54500000000000E+0002	 1.47168816846011E-0001	
 7.56500000000000E+0002	 1.46368676796537E-0001	
 7.58500000000000E+0002	 1.45609536747062E-0001	
 7.60500000000000E+0002	 1.44894396697588E-0001	
 7.62500000000000E+0002	 1.44306756648114E-0001	
 7.64500000000000E+0002	 1.43819616598639E-0001	
 7.66500000000000E+0002	 1.43257476549165E-0001	
 7.68500000000000E+0002	 1.42515336499691E-0001	
 7.70500000000000E+0002	 1.41780696450216E-0001	
 7.72500000000000E+0002	 1.41247556400742E-0001	
 7.74500000000000E+0002	 1.41086416351268E-0001	
 7.76500000000000E+0002	 1.41456276301793E-0001	
 7.78500000000000E+0002	 1.42177136252319E-0001	
 7.80500000000000E+0002	 1.42346496202845E-0001	
 7.82500000000000E+0002	 1.41538856153370E-0001	
 7.84500000000000E+0002	 1.40272216103896E-0001	
 7.86500000000000E+0002	 1.39057076054422E-0001	
 7.88500000000000E+0002	 1.37936436004947E-0001	
 7.90500000000000E+0002	 1.36941795955473E-0001	
 7.92500000000000E+0002	 1.36252155905999E-0001	
 7.94500000000000E+0002	 1.35967015856524E-0001	
 7.96500000000000E+0002	 1.35746375807050E-0001	
 7.98500000000000E+0002	 1.35198735757576E-0001	
 8.00500000000000E+0002	 1.34425095708101E-0001	
 8.02500000000000E+0002	 1.33779455658627E-0001	
 8.04500000000000E+0002	 1.33449315609153E-0001	
 8.06500000000000E+0002	 1.33388675559678E-0001	
 8.08500000000000E+0002	 1.33384535510204E-0001	
 8.10500000000000E+0002	 1.33282895460730E-0001	
 8.12500000000000E+0002	 1.32976755411255E-0001	
 8.14500000000000E+0002	 1.32472115361781E-0001	
 8.16500000000000E+0002	 1.31823975312307E-0001	
 8.18500000000000E+0002	 1.31110335262832E-0001	
 8.20500000000000E+0002	 1.30398195213358E-0001	
 8.22500000000000E+0002	 1.29743055163884E-0001	
 8.24500000000000E+0002	 1.29135415114409E-0001	
 8.26500000000000E+0002	 1.28573775064935E-0001	
 8.28500000000000E+0002	 1.28028635015461E-0001	
 8.30500000000000E+0002	 1.27488994965986E-0001	
 8.32500000000000E+0002	 1.26893354916512E-0001	
 8.34500000000000E+0002	 1.26235214867038E-0001	
 8.36500000000000E+0002	 1.25524574817563E-0001	
 8.38500000000000E+0002	 1.24839934768089E-0001	
 8.40500000000000E+0002	 1.24237794718615E-0001	
 8.42500000000000E+0002	 1.23773154669140E-0001	
 8.44500000000000E+0002	 1.23516514619666E-0001	
 8.46500000000000E+0002	 1.23542374570192E-0001	
 8.48500000000000E+0002	 1.23811234520717E-0001	
 8.50500000000000E+0002	 1.24236094471243E-0001	
 8.52500000000000E+0002	 1.24799454421769E-0001	
 8.54500000000000E+0002	 1.25479814372294E-0001	
 8.56500000000000E+0002	 1.26172174322820E-0001	
 8.58500000000000E+0002	 1.26785534273346E-0001	
 8.60500000000000E+0002	 1.27232394223871E-0001	
 8.62500000000000E+0002	 1.27468254174397E-0001	
 8.64500000000000E+0002	 1.27515614124923E-0001	
 8.66500000000000E+0002	 1.27474974075448E-0001	
 8.68500000000000E+0002	 1.27701334025974E-0001	
 8.70500000000000E+0002	 1.28788193976500E-0001	
 8.72500000000000E+0002	 1.29954053927025E-0001	
 8.74500000000000E+0002	 1.29590913877551E-0001	
 8.76500000000000E+0002	 1.28260273828077E-0001	
 8.78500000000000E+0002	 1.27043133778602E-0001	
 8.80500000000000E+0002	 1.25996993729128E-0001	
 8.82500000000000E+0002	 1.24972353679654E-0001	
 8.84500000000000E+0002	 1.23891213630179E-0001	
 8.86500000000000E+0002	 1.22777073580705E-0001	
 8.88500000000000E+0002	 1.21727933531231E-0001	
 8.90500000000000E+0002	 1.20829793481756E-0001	
 8.92500000000000E+0002	 1.20118653432282E-0001	
 8.94500000000000E+0002	 1.19594513382808E-0001	
 8.96500000000000E+0002	 1.19233373333333E-0001	
 8.98500000000000E+0002	 1.19018233283859E-0001	
 9.00500000000000E+0002	 1.18968593234385E-0001	
 9.02500000000000E+0002	 1.19144953184910E-0001	
 9.04500000000000E+0002	 1.19592813135436E-0001	
 9.06500000000000E+0002	 1.20308673085962E-0001	
 9.08500000000000E+0002	 1.21219533036487E-0001	
 9.10500000000000E+0002	 1.22151892987013E-0001	
 9.12500000000000E+0002	 1.22877252937539E-0001	
 9.14500000000000E+0002	 1.23202612888064E-0001	
 9.16500000000000E+0002	 1.23009972838590E-0001	
 9.18500000000000E+0002	 1.22346332789116E-0001	
 9.20500000000000E+0002	 1.21411692739641E-0001	
 9.22500000000000E+0002	 1.20467052690167E-0001	
 9.24500000000000E+0002	 1.19730412640693E-0001	
 9.26500000000000E+0002	 1.19306272591218E-0001	
 9.28500000000000E+0002	 1.19181132541744E-0001	
 9.30500000000000E+0002	 1.19267992492270E-0001	
 9.32500000000000E+0002	 1.19473352442795E-0001	
 9.34500000000000E+0002	 1.19739212393321E-0001	
 9.36500000000000E+0002	 1.20056572343847E-0001	
 9.38500000000000E+0002	 1.20466932294372E-0001	
 9.40500000000000E+0002	 1.21012292244898E-0001	
 9.42500000000000E+0002	 1.21721652195424E-0001	
 9.44500000000000E+0002	 1.22600012145949E-0001	
 9.46500000000000E+0002	 1.23643372096475E-0001	
 9.48500000000000E+0002	 1.24858232047001E-0001	
 9.50500000000000E+0002	 1.26252591997526E-0001	
 9.52500000000000E+0002	 1.27848951948052E-0001	
 9.54500000000000E+0002	 1.29689811898578E-0001	
 9.56500000000000E+0002	 1.31768671849103E-0001	
 9.58500000000000E+0002	 1.33971031799629E-0001	
 9.60500000000000E+0002	 1.36125391750155E-0001	
 9.62500000000000E+0002	 1.38058251700680E-0001	
 9.64500000000000E+0002	 1.39633111651206E-0001	
 9.66500000000000E+0002	 1.40800471601732E-0001	
 9.68500000000000E+0002	 1.41585831552257E-0001	
 9.70500000000000E+0002	 1.42065691502783E-0001	
 9.72500000000000E+0002	 1.42374051453309E-0001	
 9.74500000000000E+0002	 1.42689411403834E-0001	
 9.76500000000000E+0002	 1.43182771354360E-0001	
 9.78500000000000E+0002	 1.43979131304886E-0001	
 9.80500000000000E+0002	 1.45133991255411E-0001	
 9.82500000000000E+0002	 1.46600351205937E-0001	
 9.84500000000000E+0002	 1.48274211156463E-0001	
 9.86500000000000E+0002	 1.50061071106988E-0001	
 9.88500000000000E+0002	 1.51854431057514E-0001	
 9.90500000000000E+0002	 1.53530291008040E-0001	
 9.92500000000000E+0002	 1.54969150958565E-0001	
 9.94500000000000E+0002	 1.56120510909091E-0001	
 9.96500000000000E+0002	 1.57046370859617E-0001	
 9.98500000000000E+0002	 1.57938730810142E-0001	
 1.00050000000000E+0003	 1.59034590760668E-0001	
 1.00250000000000E+0003	 1.60506450711194E-0001	
 1.00450000000000E+0003	 1.62422810661719E-0001	
 1.00650000000000E+0003	 1.64817670612245E-0001	
 1.00850000000000E+0003	 1.67635030562771E-0001	
 1.01050000000000E+0003	 1.70743390513296E-0001	
 1.01250000000000E+0003	 1.74034250463822E-0001	
 1.01450000000000E+0003	 1.77480110414348E-0001	
 1.01650000000000E+0003	 1.81059970364873E-0001	
 1.01850000000000E+0003	 1.84745830315399E-0001	
 1.02050000000000E+0003	 1.88471690265925E-0001	
 1.02250000000000E+0003	 1.92158050216450E-0001	
 1.02450000000000E+0003	 1.95764910166976E-0001	
 1.02650000000000E+0003	 1.99288770117502E-0001	
 1.02850000000000E+0003	 2.02688130068027E-0001	
 1.03050000000000E+0003	 2.05900990018553E-0001	
 1.03250000000000E+0003	 2.08856849969079E-0001	
 1.03450000000000E+0003	 2.11613209919604E-0001	
 1.03650000000000E+0003	 2.14161069870130E-0001	
 1.03850000000000E+0003	 2.16389429820656E-0001	
 1.04050000000000E+0003	 2.18210789771181E-0001	
 1.04250000000000E+0003	 2.19667149721707E-0001	
 1.04450000000000E+0003	 2.20901009672233E-0001	
 1.04650000000000E+0003	 2.22153869622758E-0001	
 1.04850000000000E+0003	 2.23594729573284E-0001	
 1.05050000000000E+0003	 2.25267089523810E-0001	
 1.05250000000000E+0003	 2.27069949474335E-0001	
 1.05450000000000E+0003	 2.28850809424861E-0001	
 1.05650000000000E+0003	 2.30483169375387E-0001	
 1.05850000000000E+0003	 2.31860529325912E-0001	
 1.06050000000000E+0003	 2.32897889276438E-0001	
 1.06250000000000E+0003	 2.33673749226964E-0001	
 1.06450000000000E+0003	 2.34341109177489E-0001	
 1.06650000000000E+0003	 2.35058969128015E-0001	
 1.06850000000000E+0003	 2.35853329078541E-0001	
 1.07050000000000E+0003	 2.36659189029066E-0001	
 1.07250000000000E+0003	 2.37417548979592E-0001	
 1.07450000000000E+0003	 2.38146908930118E-0001	
 1.07650000000000E+0003	 2.38845268880643E-0001	
 1.07850000000000E+0003	 2.39508628831169E-0001	
 1.08050000000000E+0003	 2.40052488781694E-0001	
 1.08250000000000E+0003	 2.40392848732220E-0001	
 1.08450000000000E+0003	 2.40402708682746E-0001	
 1.08650000000000E+0003	 2.39934068633271E-0001	
 1.08850000000000E+0003	 2.38851428583797E-0001	
 1.09050000000000E+0003	 2.37187288534323E-0001	
 1.09250000000000E+0003	 2.35155648484848E-0001	
 1.09450000000000E+0003	 2.32972008435374E-0001	
 1.09650000000000E+0003	 2.30777368385900E-0001	
 1.09850000000000E+0003	 2.28659728336425E-0001	
 1.10050000000000E+0003	 2.26552088286951E-0001	
 1.10250000000000E+0003	 2.24385948237477E-0001	
 1.10450000000000E+0003	 2.22123808188002E-0001	
 1.10650000000000E+0003	 2.19826668138528E-0001	
 1.10850000000000E+0003	 2.17646028089054E-0001	
 1.11050000000000E+0003	 2.15698888039579E-0001	
 1.11250000000000E+0003	 2.13965747990105E-0001	
 1.11450000000000E+0003	 2.12277107940631E-0001	
 1.11650000000000E+0003	 2.10413967891156E-0001	
 1.11850000000000E+0003	 2.08255327841682E-0001	
 1.12050000000000E+0003	 2.05776187792208E-0001	
 1.12250000000000E+0003	 2.03030547742733E-0001	
 1.12450000000000E+0003	 2.00089907693259E-0001	
 1.12650000000000E+0003	 1.96998767643785E-0001	
 1.12850000000000E+0003	 1.93764127594310E-0001	
 1.13050000000000E+0003	 1.90373487544836E-0001	
 1.13250000000000E+0003	 1.86961347495362E-0001	
 1.13450000000000E+0003	 1.83699707445887E-0001	
 1.13650000000000E+0003	 1.80708567396413E-0001	
 1.13850000000000E+0003	 1.78111927346939E-0001	
 1.14050000000000E+0003	 1.75955787297464E-0001	
 1.14250000000000E+0003	 1.74220147247990E-0001	
 1.14450000000000E+0003	 1.72845507198516E-0001	
 1.14650000000000E+0003	 1.71706867149041E-0001	
 1.14850000000000E+0003	 1.70662227099567E-0001	
 1.15050000000000E+0003	 1.69587587050093E-0001	
 1.15250000000000E+0003	 1.68386947000618E-0001	
 1.15450000000000E+0003	 1.67001806951144E-0001	
 1.15650000000000E+0003	 1.65437666901670E-0001	
 1.15850000000000E+0003	 1.63762526852195E-0001	
 1.16050000000000E+0003	 1.62047886802721E-0001	
 1.16250000000000E+0003	 1.60333746753247E-0001	
 1.16450000000000E+0003	 1.58684106703772E-0001	
 1.16650000000000E+0003	 1.57152966654298E-0001	
 1.16850000000000E+0003	 1.55765326604824E-0001	
 1.17050000000000E+0003	 1.54428686555349E-0001	
 1.17250000000000E+0003	 1.52970046505875E-0001	
 1.17450000000000E+0003	 1.51284406456401E-0001	
 1.17650000000000E+0003	 1.49487766406926E-0001	
 1.17850000000000E+0003	 1.47728626357452E-0001	
 1.18050000000000E+0003	 1.46192986307978E-0001	
 1.18250000000000E+0003	 1.45031846258503E-0001	
 1.18450000000000E+0003	 1.44313206209029E-0001	
 1.18650000000000E+0003	 1.44040066159555E-0001	
 1.18850000000000E+0003	 1.44268426110080E-0001	
 1.19050000000000E+0003	 1.44972786060606E-0001	
 1.19250000000000E+0003	 1.46134646011132E-0001	
 1.19450000000000E+0003	 1.47761505961657E-0001	
 1.19650000000000E+0003	 1.49829365912183E-0001	
 1.19850000000000E+0003	 1.52303225862709E-0001	
 1.20050000000000E+0003	 1.55195585813234E-0001	
 1.20250000000000E+0003	 1.58461445763760E-0001	
 1.20450000000000E+0003	 1.62050805714286E-0001	
 1.20650000000000E+0003	 1.65927165664811E-0001	
 1.20850000000000E+0003	 1.70107025615337E-0001	
 1.21050000000000E+0003	 1.74664385565863E-0001	
 1.21250000000000E+0003	 1.79791745516388E-0001	
 1.21450000000000E+0003	 1.85701105466914E-0001	
 1.21650000000000E+0003	 1.92656965417440E-0001	
 1.21850000000000E+0003	 2.00860325367965E-0001	
 1.22050000000000E+0003	 2.09083185318491E-0001	
 1.22250000000000E+0003	 2.14720045269017E-0001	
 1.22450000000000E+0003	 2.16674905219542E-0001	
 1.22650000000000E+0003	 2.16444265170068E-0001	
 1.22850000000000E+0003	 2.15795625120594E-0001	
 1.23050000000000E+0003	 2.15170985071119E-0001	
 1.23250000000000E+0003	 2.14455845021645E-0001	
 1.23450000000000E+0003	 2.13687704972171E-0001	
 1.23650000000000E+0003	 2.12974064922696E-0001	
 1.23850000000000E+0003	 2.12276424873222E-0001	
 1.24050000000000E+0003	 2.11504784823748E-0001	
 1.24250000000000E+0003	 2.10544144774273E-0001	
 1.24450000000000E+0003	 2.09355004724799E-0001	
 1.24650000000000E+0003	 2.07923364675325E-0001	
 1.24850000000000E+0003	 2.06189224625850E-0001	
 1.25050000000000E+0003	 2.04141584576376E-0001	
 1.25250000000000E+0003	 2.01812444526902E-0001	
 1.25450000000000E+0003	 1.99257804477427E-0001	
 1.25650000000000E+0003	 1.96559664427953E-0001	
 1.25850000000000E+0003	 1.93736524378479E-0001	
 1.26050000000000E+0003	 1.90923384329004E-0001	
 1.26250000000000E+0003	 1.88250244279530E-0001	
 1.26450000000000E+0003	 1.85644104230056E-0001	
 1.26650000000000E+0003	 1.83134464180581E-0001	
 1.26850000000000E+0003	 1.80866324131107E-0001	
 1.27050000000000E+0003	 1.78894684081633E-0001	
 1.27250000000000E+0003	 1.77318044032158E-0001	
 1.27450000000000E+0003	 1.76055903982684E-0001	
 1.27650000000000E+0003	 1.75000263933210E-0001	
 1.27850000000000E+0003	 1.74123123883735E-0001	
 1.28050000000000E+0003	 1.73430983834261E-0001	
 1.28250000000000E+0003	 1.72875343784787E-0001	
 1.28450000000000E+0003	 1.72318703735312E-0001	
 1.28650000000000E+0003	 1.71627563685838E-0001	
 1.28850000000000E+0003	 1.71017923636364E-0001	
 1.29050000000000E+0003	 1.70693283586889E-0001	
 1.29250000000000E+0003	 1.70478643537415E-0001	
 1.29450000000000E+0003	 1.70199503487941E-0001	
 1.29650000000000E+0003	 1.69929363438466E-0001	
 1.29850000000000E+0003	 1.69863723388992E-0001	
 1.30050000000000E+0003	 1.69937083339518E-0001	
 1.30250000000000E+0003	 1.69992443290043E-0001	
 1.30450000000000E+0003	 1.70007803240569E-0001	
 1.30650000000000E+0003	 1.69943663191095E-0001	
 1.30850000000000E+0003	 1.69875523141620E-0001	
 1.31050000000000E+0003	 1.69688383092146E-0001	
 1.31250000000000E+0003	 1.69188243042672E-0001	
 1.31450000000000E+0003	 1.68737102993197E-0001	
 1.31650000000000E+0003	 1.68284462943723E-0001	
 1.31850000000000E+0003	 1.67653822894249E-0001	
 1.32050000000000E+0003	 1.67230682844774E-0001	
 1.32250000000000E+0003	 1.66876542795300E-0001	
 1.32450000000000E+0003	 1.66460402745826E-0001	
 1.32650000000000E+0003	 1.66074262696351E-0001	
 1.32850000000000E+0003	 1.65823122646877E-0001	
 1.33050000000000E+0003	 1.65755982597403E-0001	
 1.33250000000000E+0003	 1.65925842547928E-0001	
 1.33450000000000E+0003	 1.66013202498454E-0001	
 1.33650000000000E+0003	 1.65640562448980E-0001	
 1.33850000000000E+0003	 1.65002922399505E-0001	
 1.34050000000000E+0003	 1.65599782350031E-0001	
 1.34250000000000E+0003	 1.67363642300557E-0001	
 1.34450000000000E+0003	 1.68509502251082E-0001	
 1.34650000000000E+0003	 1.69360362201608E-0001	
 1.34850000000000E+0003	 1.70696722152134E-0001	
 1.35050000000000E+0003	 1.72830082102659E-0001	
 1.35250000000000E+0003	 1.75808942053185E-0001	
 1.35450000000000E+0003	 1.79309802003711E-0001	
 1.35650000000000E+0003	 1.83043661954236E-0001	
 1.35850000000000E+0003	 1.86343521904762E-0001	
 1.36050000000000E+0003	 1.88788381855288E-0001	
 1.36250000000000E+0003	 1.90911741805813E-0001	
 1.36450000000000E+0003	 1.93597601756339E-0001	
 1.36650000000000E+0003	 1.95365461706865E-0001	
 1.36850000000000E+0003	 1.95353321657390E-0001	
 1.37050000000000E+0003	 1.94290681607916E-0001	
 1.37250000000000E+0003	 1.92807041558442E-0001	
 1.37450000000000E+0003	 1.91664901508967E-0001	
 1.37650000000000E+0003	 1.91568761459493E-0001	
 1.37850000000000E+0003	 1.91799621410019E-0001	
 1.38050000000000E+0003	 1.92936481360544E-0001	
 1.38250000000000E+0003	 1.94857341311070E-0001	
 1.38450000000000E+0003	 1.96713201261596E-0001	
 1.38650000000000E+0003	 1.97968061212121E-0001	
 1.38850000000000E+0003	 1.99925921162647E-0001	
 1.39050000000000E+0003	 2.02444281113173E-0001	
 1.39250000000000E+0003	 2.04628641063698E-0001	
 1.39450000000000E+0003	 2.06490001014224E-0001	
 1.39650000000000E+0003	 2.08146860964750E-0001	
 1.39850000000000E+0003	 2.09823220915275E-0001	
 1.40050000000000E+0003	 2.11334580865801E-0001	
 1.40250000000000E+0003	 2.11644940816327E-0001	
 1.40450000000000E+0003	 2.11023800766852E-0001	
 1.40650000000000E+0003	 2.10444160717378E-0001	
 1.40850000000000E+0003	 2.09497520667904E-0001	
 1.41050000000000E+0003	 2.08174880618429E-0001	
 1.41250000000000E+0003	 2.07003740568955E-0001	
 1.41450000000000E+0003	 2.05715100519481E-0001	
 1.41650000000000E+0003	 2.03630460470006E-0001	
 1.41850000000000E+0003	 2.01402820420532E-0001	
 1.42050000000000E+0003	 1.99478680371058E-0001	
 1.42250000000000E+0003	 1.97145540321583E-0001	
 1.42450000000000E+0003	 1.94254400272109E-0001	
 1.42650000000000E+0003	 1.91897760222635E-0001	
 1.42850000000000E+0003	 1.89922120173160E-0001	
 1.43050000000000E+0003	 1.88701480123686E-0001	
 1.43250000000000E+0003	 1.88000340074212E-0001	
 1.43450000000000E+0003	 1.88192200024737E-0001	
 1.43650000000000E+0003	 1.89339059975263E-0001	
 1.43850000000000E+0003	 1.91419919925788E-0001	
 1.44050000000000E+0003	 1.92901779876314E-0001	
 1.44250000000000E+0003	 1.94030139826840E-0001	
 1.44450000000000E+0003	 1.94886499777365E-0001	
 1.44650000000000E+0003	 1.95662359727891E-0001	
 1.44850000000000E+0003	 1.96258219678417E-0001	
 1.45050000000000E+0003	 1.96666579628942E-0001	
 1.45250000000000E+0003	 1.96660439579468E-0001	
 1.45450000000000E+0003	 1.96104799529994E-0001	
 1.45650000000000E+0003	 1.94515159480519E-0001	
 1.45850000000000E+0003	 1.93840519431045E-0001	
 1.46050000000000E+0003	 1.92688879381571E-0001	
 1.46250000000000E+0003	 1.90953239332096E-0001	
 1.46450000000000E+0003	 1.89655099282622E-0001	
 1.46650000000000E+0003	 1.88176459233148E-0001	
 1.46850000000000E+0003	 1.86077819183673E-0001	
 1.47050000000000E+0003	 1.83903679134199E-0001	
 1.47250000000000E+0003	 1.80838039084725E-0001	
 1.47450000000000E+0003	 1.77659399035250E-0001	
 1.47650000000000E+0003	 1.75614258985776E-0001	
 1.47850000000000E+0003	 1.74511118936302E-0001	
 1.48050000000000E+0003	 1.73911478886827E-0001	
 1.48250000000000E+0003	 1.74401338837353E-0001	
 1.48450000000000E+0003	 1.75701698787879E-0001	
 1.48650000000000E+0003	 1.77634058738404E-0001	
 1.48850000000000E+0003	 1.79685918688930E-0001	
 1.49050000000000E+0003	 1.82658778639456E-0001	
 1.49250000000000E+0003	 1.86572638589981E-0001	
 1.49450000000000E+0003	 1.89822498540507E-0001	
 1.49650000000000E+0003	 1.93644358491033E-0001	
 1.49850000000000E+0003	 1.98942218441558E-0001	
 1.50050000000000E+0003	 2.02927078392084E-0001	
 1.50250000000000E+0003	 2.06667438342610E-0001	
 1.50450000000000E+0003	 2.11081798293135E-0001	
 1.50650000000000E+0003	 2.16439158243661E-0001	
 1.50850000000000E+0003	 2.21457018194187E-0001	
 1.51050000000000E+0003	 2.28132878144712E-0001	
 1.51250000000000E+0003	 2.35235238095238E-0001	
 1.51450000000000E+0003	 2.41951598045764E-0001	
 1.51650000000000E+0003	 2.48023957996289E-0001	
 1.51850000000000E+0003	 2.53245317946815E-0001	
 1.52050000000000E+0003	 2.56150677897341E-0001	
 1.52250000000000E+0003	 2.60492037847866E-0001	
 1.52450000000000E+0003	 2.65013897798392E-0001	
 1.52650000000000E+0003	 2.68988257748918E-0001	
 1.52850000000000E+0003	 2.73726117699443E-0001	
 1.53050000000000E+0003	 2.78207477649969E-0001	
 1.53250000000000E+0003	 2.82916837600495E-0001	
 1.53450000000000E+0003	 2.87894697551020E-0001	
 1.53650000000000E+0003	 2.90933557501546E-0001	
 1.53850000000000E+0003	 2.93773417452072E-0001	
 1.54050000000000E+0003	 2.98672777402597E-0001	
 1.54250000000000E+0003	 3.00679637353123E-0001	
 1.54450000000000E+0003	 3.00263997303649E-0001	
 1.54650000000000E+0003	 3.00171357254174E-0001	
 1.54850000000000E+0003	 2.99028717204700E-0001	
 1.55050000000000E+0003	 2.96487077155226E-0001	
 1.55250000000000E+0003	 2.93718937105751E-0001	
 1.55450000000000E+0003	 2.89954297056277E-0001	
 1.55650000000000E+0003	 2.87040657006803E-0001	
 1.55850000000000E+0003	 2.83556016957328E-0001	
 1.56050000000000E+0003	 2.76558376907854E-0001	
 1.56250000000000E+0003	 2.69765236858380E-0001	
 1.56450000000000E+0003	 2.66288096808905E-0001	
 1.56650000000000E+0003	 2.62380956759431E-0001	
 1.56850000000000E+0003	 2.59312816709957E-0001	
 1.57050000000000E+0003	 2.56093676660482E-0001	
 1.57250000000000E+0003	 2.51991036611008E-0001	
 1.57450000000000E+0003	 2.48021396561534E-0001	
 1.57650000000000E+0003	 2.44209256512059E-0001	
 1.57850000000000E+0003	 2.41414616462585E-0001	
 1.58050000000000E+0003	 2.39663976413111E-0001	
 1.58250000000000E+0003	 2.37451336363636E-0001	
 1.58450000000000E+0003	 2.35980196314162E-0001	
 1.58650000000000E+0003	 2.35071056264688E-0001	
 1.58850000000000E+0003	 2.34923916215213E-0001	
 1.59050000000000E+0003	 2.35314776165739E-0001	
 1.59250000000000E+0003	 2.36551136116265E-0001	
 1.59450000000000E+0003	 2.38159496066790E-0001	
 1.59650000000000E+0003	 2.40301356017316E-0001	
 1.59850000000000E+0003	 2.42660715967842E-0001	
 1.60050000000000E+0003	 2.45546575918367E-0001	
 1.60250000000000E+0003	 2.48858435868893E-0001	
 1.60450000000000E+0003	 2.53006295819419E-0001	
 1.60650000000000E+0003	 2.57632155769944E-0001	
 1.60850000000000E+0003	 2.63259515720470E-0001	
 1.61050000000000E+0003	 2.69810875670996E-0001	
 1.61250000000000E+0003	 2.77299235621521E-0001	
 1.61450000000000E+0003	 2.84976095572047E-0001	
 1.61650000000000E+0003	 2.93854955522573E-0001	
 1.61850000000000E+0003	 3.03592315473098E-0001	
 1.62050000000000E+0003	 3.13162675423624E-0001	
 1.62250000000000E+0003	 3.23713035374150E-0001	
 1.62450000000000E+0003	 3.34854895324675E-0001	
 1.62650000000000E+0003	 3.44092755275201E-0001	
 1.62850000000000E+0003	 3.53113115225727E-0001	
 1.63050000000000E+0003	 3.61171475176252E-0001	
 1.63250000000000E+0003	 3.68638335126778E-0001	
 1.63450000000000E+0003	 3.76517695077304E-0001	
 1.63650000000000E+0003	 3.83604555027829E-0001	
 1.63850000000000E+0003	 3.87456914978355E-0001	
 1.64050000000000E+0003	 3.90204274928881E-0001	
 1.64250000000000E+0003	 3.93018134879406E-0001	
 1.64450000000000E+0003	 3.95811494829932E-0001	
 1.64650000000000E+0003	 3.99478854780458E-0001	
 1.64850000000000E+0003	 4.03292214730983E-0001	
 1.65050000000000E+0003	 4.05009074681509E-0001	
 1.65250000000000E+0003	 4.06168434632035E-0001	
 1.65450000000000E+0003	 4.08129794582560E-0001	
 1.65650000000000E+0003	 4.07544654533086E-0001	
 1.65850000000000E+0003	 4.06149514483612E-0001	
 1.66050000000000E+0003	 4.03583374434137E-0001	
 1.66250000000000E+0003	 4.00278734384663E-0001	
 1.66450000000000E+0003	 3.95252094335189E-0001	
 1.66650000000000E+0003	 3.89549454285714E-0001	
 1.66850000000000E+0003	 3.84640814236240E-0001	
 1.67050000000000E+0003	 3.79510174186766E-0001	
 1.67250000000000E+0003	 3.73810034137291E-0001	
 1.67450000000000E+0003	 3.68381894087817E-0001	
 1.67650000000000E+0003	 3.62383754038343E-0001	
 1.67850000000000E+0003	 3.55781613988868E-0001	
 1.68050000000000E+0003	 3.50123973939394E-0001	
 1.68250000000000E+0003	 3.46063833889920E-0001	
 1.68450000000000E+0003	 3.40476693840445E-0001	
 1.68650000000000E+0003	 3.33312553790971E-0001	
 1.68850000000000E+0003	 3.28537913741497E-0001	
 1.69050000000000E+0003	 3.24108773692022E-0001	
 1.69250000000000E+0003	 3.19613133642548E-0001	
 1.69450000000000E+0003	 3.14409493593074E-0001	
 1.69650000000000E+0003	 3.09099353543599E-0001	
 1.69850000000000E+0003	 3.07278213494125E-0001	
 1.70050000000000E+0003	 3.06826073444651E-0001	
 1.70250000000000E+0003	 3.04911933395176E-0001	
 1.70450000000000E+0003	 3.04901793345702E-0001	
 1.70650000000000E+0003	 3.06070653296228E-0001	
 1.70850000000000E+0003	 3.06190513246753E-0001	
 1.71050000000000E+0003	 3.05704373197279E-0001	
 1.71250000000000E+0003	 3.04518733147805E-0001	
 1.71450000000000E+0003	 3.00912593098330E-0001	
 1.71650000000000E+0003	 2.92359453048856E-0001	
 1.71850000000000E+0003	 2.79312312999382E-0001	
 1.72050000000000E+0003	 2.65279672949907E-0001	
 1.72250000000000E+0003	 2.50986032900433E-0001	
 1.72450000000000E+0003	 2.37829392850959E-0001	
 1.72650000000000E+0003	 2.27384752801484E-0001	
 1.72850000000000E+0003	 2.18799612752010E-0001	
 1.73050000000000E+0003	 2.11715972702536E-0001	
 1.73250000000000E+0003	 2.05460832653061E-0001	
 1.73450000000000E+0003	 2.00233692603587E-0001	
 1.73650000000000E+0003	 1.96836052554113E-0001	
 1.73850000000000E+0003	 1.94657412504638E-0001	
 1.74050000000000E+0003	 1.91972772455164E-0001	
 1.74250000000000E+0003	 1.88071632405690E-0001	
 1.74450000000000E+0003	 1.84417992356215E-0001	
 1.74650000000000E+0003	 1.81923852306741E-0001	
 1.74850000000000E+0003	 1.79210712257267E-0001	
 1.75050000000000E+0003	 1.75257072207792E-0001	
 1.75250000000000E+0003	 1.71350932158318E-0001	
 1.75450000000000E+0003	 1.68773792108844E-0001	
 1.75650000000000E+0003	 1.65486152059369E-0001	
 1.75850000000000E+0003	 1.61913512009895E-0001	
 1.76050000000000E+0003	 1.58745871960421E-0001	
 1.76250000000000E+0003	 1.55760231910946E-0001	
 1.76450000000000E+0003	 1.52633091861472E-0001	
 1.76650000000000E+0003	 1.49503951811998E-0001	
 1.76850000000000E+0003	 1.46823311762523E-0001	
 1.77050000000000E+0003	 1.45904171713049E-0001	
 1.77250000000000E+0003	 1.44463031663575E-0001	
 1.77450000000000E+0003	 1.41615391614100E-0001	
 1.77650000000000E+0003	 1.39317251564626E-0001	
 1.77850000000000E+0003	 1.37552611515152E-0001	
 1.78050000000000E+0003	 1.35981971465677E-0001	
 1.78250000000000E+0003	 1.34671831416203E-0001	
 1.78450000000000E+0003	 1.33004691366729E-0001	
 1.78650000000000E+0003	 1.31755551317254E-0001	
 1.78850000000000E+0003	 1.30765911267780E-0001	
 1.79050000000000E+0003	 1.29731271218306E-0001	
 1.79250000000000E+0003	 1.28979631168831E-0001	
 1.79450000000000E+0003	 1.27749991119357E-0001	
 1.79650000000000E+0003	 1.26205851069882E-0001	
 1.79850000000000E+0003	 1.25492711020408E-0001	
 1.80050000000000E+0003	 1.24420570970934E-0001	
 1.80250000000000E+0003	 1.22984430921459E-0001	
 1.80450000000000E+0003	 1.22226790871985E-0001	
 1.80650000000000E+0003	 1.21467650822511E-0001	
 1.80850000000000E+0003	 1.20502010773036E-0001	
 1.81050000000000E+0003	 1.19770870723562E-0001	
 1.81250000000000E+0003	 1.18936730674088E-0001	
 1.81450000000000E+0003	 1.18207090624613E-0001	
 1.81650000000000E+0003	 1.17291950575139E-0001	
 1.81850000000000E+0003	 1.16532310525665E-0001	
 1.82050000000000E+0003	 1.15948670476190E-0001	
 1.82250000000000E+0003	 1.15235530426716E-0001	
 1.82450000000000E+0003	 1.14514890377242E-0001	
 1.82650000000000E+0003	 1.14167750327767E-0001	
 1.82850000000000E+0003	 1.14071610278293E-0001	
 1.83050000000000E+0003	 1.13813470228819E-0001	
 1.83250000000000E+0003	 1.12690830179344E-0001	
 1.83450000000000E+0003	 1.11526190129870E-0001	
 1.83650000000000E+0003	 1.10879050080396E-0001	
 1.83850000000000E+0003	 1.10381910030921E-0001	
 1.84050000000000E+0003	 1.09867769981447E-0001	
 1.84250000000000E+0003	 1.09298129931973E-0001	
 1.84450000000000E+0003	 1.08976989882498E-0001	
 1.84650000000000E+0003	 1.08324849833024E-0001	
 1.84850000000000E+0003	 1.07679209783550E-0001	
 1.85050000000000E+0003	 1.07519069734075E-0001	
 1.85250000000000E+0003	 1.07318429684601E-0001	
 1.85450000000000E+0003	 1.06940289635127E-0001	
 1.85650000000000E+0003	 1.06477149585652E-0001	
 1.85850000000000E+0003	 1.05959009536178E-0001	
 1.86050000000000E+0003	 1.05482369486704E-0001	
 1.86250000000000E+0003	 1.05154729437229E-0001	
 1.86450000000000E+0003	 1.04892089387755E-0001	
 1.86650000000000E+0003	 1.04635449338281E-0001	
 1.86850000000000E+0003	 1.04468309288806E-0001	
 1.87050000000000E+0003	 1.04241669239332E-0001	
 1.87250000000000E+0003	 1.03793529189858E-0001	
 1.87450000000000E+0003	 1.03480389140383E-0001	
 1.87650000000000E+0003	 1.03215749090909E-0001	
 1.87850000000000E+0003	 1.02904609041435E-0001	
 1.88050000000000E+0003	 1.02639968991960E-0001	
 1.88250000000000E+0003	 1.02424828942486E-0001	
 1.88450000000000E+0003	 1.02174688893012E-0001	
 1.88650000000000E+0003	 1.01946048843537E-0001	
 1.88850000000000E+0003	 1.01748908794063E-0001	
 1.89050000000000E+0003	 1.01563768744589E-0001	
 1.89250000000000E+0003	 1.01315628695114E-0001	
 1.89450000000000E+0003	 1.00912988645640E-0001	
 1.89650000000000E+0003	 1.00719848596166E-0001	
 1.89850000000000E+0003	 1.00612208546691E-0001	
 1.90050000000000E+0003	 1.00422568497217E-0001	
 1.90250000000000E+0003	 1.00199928447743E-0001	
 1.90450000000000E+0003	 1.00032288398268E-0001	
 1.90650000000000E+0003	 9.97631483487941E-0002	
 1.90850000000000E+0003	 9.94305082993197E-0002	
 1.91050000000000E+0003	 9.92708682498454E-0002	
 1.91250000000000E+0003	 9.92722282003711E-0002	
 1.91450000000000E+0003	 9.91405881508967E-0002	
 1.91650000000000E+0003	 9.89984481014224E-0002	
 1.91850000000000E+0003	 9.88673080519481E-0002	
 1.92050000000000E+0003	 9.85871680024737E-0002	
 1.92250000000000E+0003	 9.80910279529994E-0002	
 1.92450000000000E+0003	 9.81128879035250E-0002	
 1.92650000000000E+0003	 9.82942478540507E-0002	
 1.92850000000000E+0003	 9.82346078045764E-0002	
 1.93050000000000E+0003	 9.81024677551020E-0002	
 1.93250000000000E+0003	 9.79663277056277E-0002	
 1.93450000000000E+0003	 9.78556876561534E-0002	
 1.93650000000000E+0003	 9.77975476066790E-0002	
 1.93850000000000E+0003	 9.76894075572047E-0002	
 1.94050000000000E+0003	 9.74587675077304E-0002	
 1.94250000000000E+0003	 9.71966274582560E-0002	
 1.94450000000000E+0003	 9.72764874087817E-0002	
 1.94650000000000E+0003	 9.73528473593074E-0002	
 1.94850000000000E+0003	 9.73347073098330E-0002	
 1.95050000000000E+0003	 9.72850672603587E-0002	
 1.95250000000000E+0003	 9.72189272108844E-0002	
 1.95450000000000E+0003	 9.71052871614100E-0002	
 1.95650000000000E+0003	 9.70506471119357E-0002	
 1.95850000000000E+0003	 9.70285070624613E-0002	
 1.96050000000000E+0003	 9.69723670129870E-0002	
 1.96250000000000E+0003	 9.69207269635127E-0002	
 1.96450000000000E+0003	 9.67985869140383E-0002	
 1.96650000000000E+0003	 9.65299468645640E-0002	
 1.96850000000000E+0003	 9.65168068150897E-0002	
 1.97050000000000E+0003	 9.67111667656153E-0002	
 1.97250000000000E+0003	 9.67490267161410E-0002	
 1.97450000000000E+0003	 9.67163866666667E-0002	
 1.97650000000000E+0003	 9.66862466171923E-0002	
 1.97850000000000E+0003	 9.66606065677180E-0002	
 1.98050000000000E+0003	 9.66374665182437E-0002	
 1.98250000000000E+0003	 9.66198264687693E-0002	
 1.98450000000000E+0003	 9.65891864192950E-0002	
 1.98650000000000E+0003	 9.64880463698207E-0002	
 1.98850000000000E+0003	 9.63314063203463E-0002	
 1.99050000000000E+0003	 9.62107662708720E-0002	
 1.99250000000000E+0003	 9.61356262213977E-0002	
 1.99450000000000E+0003	 9.63424861719233E-0002	
 1.99650000000000E+0003	 9.65103461224490E-0002	
 1.99850000000000E+0003	 9.65272060729746E-0002	
 2.00050000000000E+0003	 9.65260660235003E-0002	
 2.00250000000000E+0003	 9.65354259740260E-0002	
 2.00450000000000E+0003	 9.65287859245516E-0002	
 2.00650000000000E+0003	 9.65106458750773E-0002	
 2.00850000000000E+0003	 9.64960058256030E-0002	
 2.01050000000000E+0003	 9.65278657761286E-0002	
 2.01250000000000E+0003	 9.65512257266543E-0002	
 2.01450000000000E+0003	 9.64900856771800E-0002	
 2.01650000000000E+0003	 9.62954456277056E-0002	
 2.01850000000000E+0003	 9.62793055782313E-0002	
 2.02050000000000E+0003	 9.64876655287570E-0002	
 2.02250000000000E+0003	 9.66070254792826E-0002	
 2.02450000000000E+0003	 9.66553854298083E-0002	
 2.02650000000000E+0003	 9.67162453803340E-0002	
 2.02850000000000E+0003	 9.67566053308596E-0002	
 2.03050000000000E+0003	 9.67859652813853E-0002	
 2.03250000000000E+0003	 9.68108252319109E-0002	
 2.03450000000000E+0003	 9.68346851824366E-0002	
 2.03650000000000E+0003	 9.68545451329623E-0002	
 2.03850000000000E+0003	 9.68439050834879E-0002	
 2.04050000000000E+0003	 9.67572650340136E-0002	
 2.04250000000000E+0003	 9.67531249845393E-0002	
 2.04450000000000E+0003	 9.68819849350649E-0002	
 2.04650000000000E+0003	 9.69583448855906E-0002	
 2.04850000000000E+0003	 9.69942048361163E-0002	
 2.05050000000000E+0003	 9.70225647866419E-0002	
 2.05250000000000E+0003	 9.70439247371676E-0002	
 2.05450000000000E+0003	 9.70622846876933E-0002	
 2.05650000000000E+0003	 9.70826446382189E-0002	
 2.05850000000000E+0003	 9.70940045887446E-0002	
 2.06050000000000E+0003	 9.70923645392703E-0002	
 2.06250000000000E+0003	 9.70532244897959E-0002	
 2.06450000000000E+0003	 9.69325844403216E-0002	
 2.06650000000000E+0003	 9.69474443908472E-0002	
 2.06850000000000E+0003	 9.71068043413729E-0002	
 2.07050000000000E+0003	 9.71721642918986E-0002	
 2.07250000000000E+0003	 9.71790242424242E-0002	
 2.07450000000000E+0003	 9.71778841929499E-0002	
 2.07650000000000E+0003	 9.71852441434756E-0002	
 2.07850000000000E+0003	 9.71841040940012E-0002	
 2.08050000000000E+0003	 9.71974640445269E-0002	
 2.08250000000000E+0003	 9.72083239950526E-0002	
 2.08450000000000E+0003	 9.72156839455782E-0002	
 2.08650000000000E+0003	 9.71890438961039E-0002	
 2.08850000000000E+0003	 9.71324038466296E-0002	
 2.09050000000000E+0003	 9.70952637971552E-0002	
 2.09250000000000E+0003	 9.71566237476809E-0002	
 2.09450000000000E+0003	 9.72049836982066E-0002	
 2.09650000000000E+0003	 9.72148436487322E-0002	
 2.09850000000000E+0003	 9.72067035992579E-0002	
 2.10050000000000E+0003	 9.72010635497835E-0002	
 2.10250000000000E+0003	 9.71939235003092E-0002	
 2.10450000000000E+0003	 9.71847834508349E-0002	
 2.10650000000000E+0003	 9.71666434013605E-0002	
 2.10850000000000E+0003	 9.71505033518862E-0002	
 2.11050000000000E+0003	 9.71293633024119E-0002	
 2.11250000000000E+0003	 9.70872232529375E-0002	
 2.11450000000000E+0003	 9.70230832034632E-0002	
 2.11650000000000E+0003	 9.70009431539889E-0002	
 2.11850000000000E+0003	 9.70113031045145E-0002	
 2.12050000000000E+0003	 9.69961630550402E-0002	
 2.12250000000000E+0003	 9.69665230055659E-0002	
 2.12450000000000E+0003	 9.69358829560915E-0002	
 2.12650000000000E+0003	 9.69082429066172E-0002	
 2.12850000000000E+0003	 9.68791028571429E-0002	
 2.13050000000000E+0003	 9.68524628076685E-0002	
 2.13250000000000E+0003	 9.68223227581942E-0002	
 2.13450000000000E+0003	 9.67791827087199E-0002	
 2.13650000000000E+0003	 9.67280426592455E-0002	
 2.13850000000000E+0003	 9.67059026097712E-0002	
 2.14050000000000E+0003	 9.67032625602968E-0002	
 2.14250000000000E+0003	 9.66951225108225E-0002	
 2.14450000000000E+0003	 9.66619824613482E-0002	
 2.14650000000000E+0003	 9.66093424118738E-0002	
 2.14850000000000E+0003	 9.65582023623995E-0002	
 2.15050000000000E+0003	 9.65000623129252E-0002	
 2.15250000000000E+0003	 9.64309222634508E-0002	
 2.15450000000000E+0003	 9.63562822139765E-0002	
 2.15650000000000E+0003	 9.62856421645022E-0002	
 2.15850000000000E+0003	 9.62080021150278E-0002	
 2.16050000000000E+0003	 9.61178620655535E-0002	
 2.16250000000000E+0003	 9.60307220160792E-0002	
 2.16450000000000E+0003	 9.59690819666048E-0002	
 2.16650000000000E+0003	 9.59129419171305E-0002	
 2.16850000000000E+0003	 9.58563018676562E-0002	
 2.17050000000000E+0003	 9.57891618181818E-0002	
 2.17250000000000E+0003	 9.57120217687075E-0002	
 2.17450000000000E+0003	 9.56353817192331E-0002	
 2.17650000000000E+0003	 9.55667416697588E-0002	
 2.17850000000000E+0003	 9.54971016202845E-0002	
 2.18050000000000E+0003	 9.54304615708101E-0002	
 2.18250000000000E+0003	 9.53673215213358E-0002	
 2.18450000000000E+0003	 9.53066814718615E-0002	
 2.18650000000000E+0003	 9.52470414223871E-0002	
 2.18850000000000E+0003	 9.51969013729128E-0002	
 2.19050000000000E+0003	 9.51457613234385E-0002	
 2.19250000000000E+0003	 9.50901212739641E-0002	
 2.19450000000000E+0003	 9.50329812244898E-0002	
 2.19650000000000E+0003	 9.49783411750155E-0002	
 2.19850000000000E+0003	 9.49207011255411E-0002	
 2.20050000000000E+0003	 9.48665610760668E-0002	
 2.20250000000000E+0003	 9.48129210265925E-0002	
 2.20450000000000E+0003	 9.47577809771181E-0002	
 2.20650000000000E+0003	 9.47016409276438E-0002	
 2.20850000000000E+0003	 9.46570008781694E-0002	
 2.21050000000000E+0003	 9.46138608286951E-0002	
 2.21250000000000E+0003	 9.45687207792208E-0002	
 2.21450000000000E+0003	 9.45205807297464E-0002	
 2.21650000000000E+0003	 9.44804406802721E-0002	
 2.21850000000000E+0003	 9.44393006307978E-0002	
 2.22050000000000E+0003	 9.43981605813234E-0002	
 2.22250000000000E+0003	 9.43580205318491E-0002	
 2.22450000000000E+0003	 9.43178804823748E-0002	
 2.22650000000000E+0003	 9.42742404329004E-0002	
 2.22850000000000E+0003	 9.42326003834261E-0002	
 2.23050000000000E+0003	 9.41874603339518E-0002	
 2.23250000000000E+0003	 9.41488202844774E-0002	
 2.23450000000000E+0003	 9.41111802350031E-0002	
 2.23650000000000E+0003	 9.40735401855288E-0002	
 2.23850000000000E+0003	 9.40324001360544E-0002	
 2.24050000000000E+0003	 9.39947600865801E-0002	
 2.24250000000000E+0003	 9.39591200371058E-0002	
 2.24450000000000E+0003	 9.39304799876314E-0002	
 2.24650000000000E+0003	 9.39038399381571E-0002	
 2.24850000000000E+0003	 9.38796998886827E-0002	
 2.25050000000000E+0003	 9.38525598392084E-0002	
 2.25250000000000E+0003	 9.38299197897341E-0002	
 2.25450000000000E+0003	 9.38107797402597E-0002	
 2.25650000000000E+0003	 9.37981396907854E-0002	
 2.25850000000000E+0003	 9.37854996413111E-0002	
 2.26050000000000E+0003	 9.37758595918367E-0002	
 2.26250000000000E+0003	 9.37647195423624E-0002	
 2.26450000000000E+0003	 9.37615794928881E-0002	
 2.26650000000000E+0003	 9.37589394434137E-0002	
 2.26850000000000E+0003	 9.37582993939394E-0002	
 2.27050000000000E+0003	 9.37551593444651E-0002	
 2.27250000000000E+0003	 9.37520192949907E-0002	
 2.27450000000000E+0003	 9.37383792455164E-0002	
 2.27650000000000E+0003	 9.37202391960421E-0002	
 2.27850000000000E+0003	 9.36960991465677E-0002	
 2.28050000000000E+0003	 9.36704590970934E-0002	
 2.28250000000000E+0003	 9.36393190476190E-0002	
 2.28450000000000E+0003	 9.35946789981447E-0002	
 2.28650000000000E+0003	 9.35215389486704E-0002	
 2.28850000000000E+0003	 9.34318988991960E-0002	
 2.29050000000000E+0003	 9.33267588497217E-0002	
 2.29250000000000E+0003	 9.32001188002474E-0002	
 2.29450000000000E+0003	 9.30529787507730E-0002	
 2.29650000000000E+0003	 9.29123387012987E-0002	
 2.29850000000000E+0003	 9.27911986518244E-0002	
 2.30050000000000E+0003	 9.27295586023500E-0002	
 2.30250000000000E+0003	 9.27514185528757E-0002	
 2.30450000000000E+0003	 9.27627785034014E-0002	
 2.30650000000000E+0003	 9.26951384539270E-0002	
 2.30850000000000E+0003	 9.26724984044527E-0002	
 2.31050000000000E+0003	 9.27658583549784E-0002	
 2.31250000000000E+0003	 9.29982183055040E-0002	
 2.31450000000000E+0003	 9.32085782560297E-0002	
 2.31650000000000E+0003	 9.32049382065553E-0002	
 2.31850000000000E+0003	 9.30477981570810E-0002	
 2.32050000000000E+0003	 9.28621581076067E-0002	
 2.32250000000000E+0003	 9.27420180581323E-0002	
 2.32450000000000E+0003	 9.28018780086580E-0002	
 2.32650000000000E+0003	 9.29907379591837E-0002	
 2.32850000000000E+0003	 9.32055979097093E-0002	
 2.33050000000000E+0003	 9.33814578602350E-0002	
 2.33250000000000E+0003	 9.36793178107607E-0002	
 2.33450000000000E+0003	 9.40526777612863E-0002	
 2.33650000000000E+0003	 9.43200377118120E-0002	
 2.33850000000000E+0003	 9.44128976623377E-0002	
 2.34050000000000E+0003	 9.42887576128633E-0002	
 2.34250000000000E+0003	 9.41031175633890E-0002	
 2.34450000000000E+0003	 9.41599775139147E-0002	
 2.34650000000000E+0003	 9.42918374644403E-0002	
 2.34850000000000E+0003	 9.43471974149660E-0002	
 2.35050000000000E+0003	 9.46090573654917E-0002	
 2.35250000000000E+0003	 9.49039173160173E-0002	
 2.35450000000000E+0003	 9.48192772665430E-0002	
 2.35650000000000E+0003	 9.45766372170686E-0002	
 2.35850000000000E+0003	 9.46104971675943E-0002	
 2.36050000000000E+0003	 9.48678571181200E-0002	
 2.36250000000000E+0003	 9.50612170686456E-0002	
 2.36450000000000E+0003	 9.50705770191713E-0002	
 2.36650000000000E+0003	 9.50514369696970E-0002	
 2.36850000000000E+0003	 9.50447969202226E-0002	
 2.37050000000000E+0003	 9.51591568707483E-0002	
 2.37250000000000E+0003	 9.55245168212740E-0002	
 2.37450000000000E+0003	 9.59843767717996E-0002	
 2.37650000000000E+0003	 9.60722367223253E-0002	
 2.37850000000000E+0003	 9.56445966728510E-0002	
 2.38050000000000E+0003	 9.51349566233766E-0002	
 2.38250000000000E+0003	 9.50098165739023E-0002	
 2.38450000000000E+0003	 9.52936765244280E-0002	
 2.38650000000000E+0003	 9.57135364749536E-0002	
 2.38850000000000E+0003	 9.60648964254793E-0002	
 2.39050000000000E+0003	 9.63007563760049E-0002	
 2.39250000000000E+0003	 9.64586163265306E-0002	
 2.39450000000000E+0003	 9.65804762770563E-0002	
 2.39650000000000E+0003	 9.66963362275819E-0002	
 2.39850000000000E+0003	 9.68161961781076E-0002	
 2.40050000000000E+0003	 9.69425561286333E-0002	
 2.40250000000000E+0003	 9.70679160791589E-0002	
 2.40450000000000E+0003	 9.71992760296846E-0002	
 2.40650000000000E+0003	 9.73301359802103E-0002	
 2.40850000000000E+0003	 9.74634959307359E-0002	
 2.41050000000000E+0003	 9.76023558812616E-0002	
 2.41250000000000E+0003	 9.77522158317873E-0002	
 2.41450000000000E+0003	 9.79060757823129E-0002	
 2.41650000000000E+0003	 9.80619357328386E-0002	
 2.41850000000000E+0003	 9.82147956833643E-0002	
 2.42050000000000E+0003	 9.83786556338899E-0002	
 2.42250000000000E+0003	 9.85475155844156E-0002	
 2.42450000000000E+0003	 9.87198755349412E-0002	
 2.42650000000000E+0003	 9.88872354854669E-0002	
 2.42850000000000E+0003	 9.90545954359926E-0002	
 2.43050000000000E+0003	 9.92264553865182E-0002	
 2.43250000000000E+0003	 9.94033153370439E-0002	
 2.43450000000000E+0003	 9.95801752875696E-0002	
 2.43650000000000E+0003	 9.97610352380952E-0002	
 2.43850000000000E+0003	 9.99418951886209E-0002	
 2.44050000000000E+0003	 1.00125755139147E-0001	
 2.44250000000000E+0003	 1.00305115089672E-0001	
 2.44450000000000E+0003	 1.00481475040198E-0001	
 2.44650000000000E+0003	 1.00650834990724E-0001	
 2.44850000000000E+0003	 1.00820194941249E-0001	
 2.45050000000000E+0003	 1.00986054891775E-0001	
 2.45250000000000E+0003	 1.01155414842301E-0001	
 2.45450000000000E+0003	 1.01326274792826E-0001	
 2.45650000000000E+0003	 1.01502134743352E-0001	
 2.45850000000000E+0003	 1.01676994693878E-0001	
 2.46050000000000E+0003	 1.01860854644403E-0001	
 2.46250000000000E+0003	 1.02048714594929E-0001	
 2.46450000000000E+0003	 1.02239574545455E-0001	
 2.46650000000000E+0003	 1.02431434495980E-0001	
 2.46850000000000E+0003	 1.02630794446506E-0001	
 2.47050000000000E+0003	 1.02833654397032E-0001	
 2.47250000000000E+0003	 1.03041514347557E-0001	
 2.47450000000000E+0003	 1.03249374298083E-0001	
 2.47650000000000E+0003	 1.03461734248609E-0001	
 2.47850000000000E+0003	 1.03673594199134E-0001	
 2.48050000000000E+0003	 1.03884954149660E-0001	
 2.48250000000000E+0003	 1.04099314100186E-0001	
 2.48450000000000E+0003	 1.04318674050711E-0001	
 2.48650000000000E+0003	 1.04532034001237E-0001	
 2.48850000000000E+0003	 1.04747893951763E-0001	
 2.49050000000000E+0003	 1.04962753902288E-0001	
 2.49250000000000E+0003	 1.05181113852814E-0001	
 2.49450000000000E+0003	 1.05402473803340E-0001	
 2.49650000000000E+0003	 1.05625833753865E-0001	
 2.49850000000000E+0003	 1.05844693704391E-0001	
 2.50050000000000E+0003	 1.06065053654917E-0001	
 2.50250000000000E+0003	 1.06282413605442E-0001	
 2.50450000000000E+0003	 1.06500273555968E-0001	
 2.50650000000000E+0003	 1.06713133506494E-0001	
 2.50850000000000E+0003	 1.06924993457019E-0001	
 2.51050000000000E+0003	 1.07128853407545E-0001	
 2.51250000000000E+0003	 1.07327713358071E-0001	
 2.51450000000000E+0003	 1.07520573308596E-0001	
 2.51650000000000E+0003	 1.07714433259122E-0001	
 2.51850000000000E+0003	 1.07906793209647E-0001	
 2.52050000000000E+0003	 1.08096653160173E-0001	
 2.52250000000000E+0003	 1.08280513110699E-0001	
 2.52450000000000E+0003	 1.08464873061224E-0001	
 2.52650000000000E+0003	 1.08645733011750E-0001	
 2.52850000000000E+0003	 1.08828092962276E-0001	
 2.53050000000000E+0003	 1.09008452912801E-0001	
 2.53250000000000E+0003	 1.09189812863327E-0001	
 2.53450000000000E+0003	 1.09367672813853E-0001	
 2.53650000000000E+0003	 1.09545032764378E-0001	
 2.53850000000000E+0003	 1.09724392714904E-0001	
 2.54050000000000E+0003	 1.09910752665430E-0001	
 2.54250000000000E+0003	 1.10098112615955E-0001	
 2.54450000000000E+0003	 1.10287972566481E-0001	
 2.54650000000000E+0003	 1.10476332517007E-0001	
 2.54850000000000E+0003	 1.10666692467532E-0001	
 2.55050000000000E+0003	 1.10855552418058E-0001	
 2.55250000000000E+0003	 1.11049912368584E-0001	
 2.55450000000000E+0003	 1.11246772319109E-0001	
 2.55650000000000E+0003	 1.11446632269635E-0001	
 2.55850000000000E+0003	 1.11644992220161E-0001	
 2.56050000000000E+0003	 1.11846852170686E-0001	
 2.56250000000000E+0003	 1.12046212121212E-0001	
 2.56450000000000E+0003	 1.12247572071738E-0001	
 2.56650000000000E+0003	 1.12455432022263E-0001	
 2.56850000000000E+0003	 1.12670291972789E-0001	
 2.57050000000000E+0003	 1.12889651923315E-0001	
 2.57250000000000E+0003	 1.13115511873840E-0001	
 2.57450000000000E+0003	 1.13341371824366E-0001	
 2.57650000000000E+0003	 1.13567231774892E-0001	
 2.57850000000000E+0003	 1.13794591725417E-0001	
 2.58050000000000E+0003	 1.14025451675943E-0001	
 2.58250000000000E+0003	 1.14258311626469E-0001	
 2.58450000000000E+0003	 1.14494671576994E-0001	
 2.58650000000000E+0003	 1.14728031527520E-0001	
 2.58850000000000E+0003	 1.14968891478046E-0001	
 2.59050000000000E+0003	 1.15214751428571E-0001	
 2.59250000000000E+0003	 1.15463611379097E-0001	
 2.59450000000000E+0003	 1.15711471329623E-0001	
 2.59650000000000E+0003	 1.15964831280148E-0001	
 2.59850000000000E+0003	 1.16219191230674E-0001	
 2.60050000000000E+0003	 1.16478051181200E-0001	
 2.60250000000000E+0003	 1.16740411131725E-0001	
 2.60450000000000E+0003	 1.17006271082251E-0001	
 2.60650000000000E+0003	 1.17264631032777E-0001	
 2.60850000000000E+0003	 1.17522990983302E-0001	
 2.61050000000000E+0003	 1.17783350933828E-0001	
 2.61250000000000E+0003	 1.18038710884354E-0001	
 2.61450000000000E+0003	 1.18287070834879E-0001	
 2.61650000000000E+0003	 1.18537930785405E-0001	
 2.61850000000000E+0003	 1.18784790735931E-0001	
 2.62050000000000E+0003	 1.19029150686456E-0001	
 2.62250000000000E+0003	 1.19269510636982E-0001	
 2.62450000000000E+0003	 1.19510370587508E-0001	
 2.62650000000000E+0003	 1.19748230538033E-0001	
 2.62850000000000E+0003	 1.19985590488559E-0001	
 2.63050000000000E+0003	 1.20223450439085E-0001	
 2.63250000000000E+0003	 1.20459310389610E-0001	
 2.63450000000000E+0003	 1.20686670340136E-0001	
 2.63650000000000E+0003	 1.20917030290662E-0001	
 2.63850000000000E+0003	 1.21148390241187E-0001	
 2.64050000000000E+0003	 1.21373250191713E-0001	
 2.64250000000000E+0003	 1.21591110142239E-0001	
 2.64450000000000E+0003	 1.21816970092764E-0001	
 2.64650000000000E+0003	 1.22043330043290E-0001	
 2.64850000000000E+0003	 1.22270689993816E-0001	
 2.65050000000000E+0003	 1.22499049944341E-0001	
 2.65250000000000E+0003	 1.22729909894867E-0001	
 2.65450000000000E+0003	 1.22958269845393E-0001	
 2.65650000000000E+0003	 1.23190129795918E-0001	
 2.65850000000000E+0003	 1.23426489746444E-0001	
 2.66050000000000E+0003	 1.23666849696970E-0001	
 2.66250000000000E+0003	 1.23903709647495E-0001	
 2.66450000000000E+0003	 1.24145069598021E-0001	
 2.66650000000000E+0003	 1.24391929548547E-0001	
 2.66850000000000E+0003	 1.24640289499072E-0001	
 2.67050000000000E+0003	 1.24893649449598E-0001	
 2.67250000000000E+0003	 1.25158009400124E-0001	
 2.67450000000000E+0003	 1.25421869350649E-0001	
 2.67650000000000E+0003	 1.25682229301175E-0001	
 2.67850000000000E+0003	 1.25946589251701E-0001	
 2.68050000000000E+0003	 1.26220949202226E-0001	
 2.68250000000000E+0003	 1.26494809152752E-0001	
 2.68450000000000E+0003	 1.26764669103278E-0001	
 2.68650000000000E+0003	 1.27037029053803E-0001	
 2.68850000000000E+0003	 1.27315889004329E-0001	
 2.69050000000000E+0003	 1.27596248954855E-0001	
 2.69250000000000E+0003	 1.27883108905380E-0001	
 2.69450000000000E+0003	 1.28176468855906E-0001	
 2.69650000000000E+0003	 1.28480828806432E-0001	
 2.69850000000000E+0003	 1.28792688756957E-0001	
 2.70050000000000E+0003	 1.29114548707483E-0001	
 2.70250000000000E+0003	 1.29443908658009E-0001	
 2.70450000000000E+0003	 1.29785268608534E-0001	
 2.70650000000000E+0003	 1.30142128559060E-0001	
 2.70850000000000E+0003	 1.30514488509586E-0001	
 2.71050000000000E+0003	 1.30900348460111E-0001	
 2.71250000000000E+0003	 1.31303208410637E-0001	
 2.71450000000000E+0003	 1.31719568361163E-0001	
 2.71650000000000E+0003	 1.32150428311688E-0001	
 2.71850000000000E+0003	 1.32588788262214E-0001	
 2.72050000000000E+0003	 1.33034148212740E-0001	
 2.72250000000000E+0003	 1.33486508163265E-0001	
 2.72450000000000E+0003	 1.33940868113791E-0001	
 2.72650000000000E+0003	 1.34401728064317E-0001	
 2.72850000000000E+0003	 1.34857588014842E-0001	
 2.73050000000000E+0003	 1.35298447965368E-0001	
 2.73250000000000E+0003	 1.35742807915894E-0001	
 2.73450000000000E+0003	 1.36178667866419E-0001	
 2.73650000000000E+0003	 1.36606027816945E-0001	
 2.73850000000000E+0003	 1.37026887767471E-0001	
 2.74050000000000E+0003	 1.37436747717996E-0001	
 2.74250000000000E+0003	 1.37839607668522E-0001	
 2.74450000000000E+0003	 1.38242967619048E-0001	
 2.74650000000000E+0003	 1.38644827569573E-0001	
 2.74850000000000E+0003	 1.39044187520099E-0001	
 2.75050000000000E+0003	 1.39438047470625E-0001	
 2.75250000000000E+0003	 1.39832907421150E-0001	
 2.75450000000000E+0003	 1.40232767371676E-0001	
 2.75650000000000E+0003	 1.40645627322202E-0001	
 2.75850000000000E+0003	 1.41062487272727E-0001	
 2.76050000000000E+0003	 1.41487847223253E-0001	
 2.76250000000000E+0003	 1.41921207173779E-0001	
 2.76450000000000E+0003	 1.42360567124304E-0001	
 2.76650000000000E+0003	 1.42798927074830E-0001	
 2.76850000000000E+0003	 1.43243287025356E-0001	
 2.77050000000000E+0003	 1.43688646975881E-0001	
 2.77250000000000E+0003	 1.44135006926407E-0001	
 2.77450000000000E+0003	 1.44594866876933E-0001	
 2.77650000000000E+0003	 1.45066726827458E-0001	
 2.77850000000000E+0003	 1.45525086777984E-0001	
 2.78050000000000E+0003	 1.45985446728510E-0001	
 2.78250000000000E+0003	 1.46453306679035E-0001	
 2.78450000000000E+0003	 1.46923166629561E-0001	
 2.78650000000000E+0003	 1.47391026580087E-0001	
 2.78850000000000E+0003	 1.47882386530612E-0001	
 2.79050000000000E+0003	 1.48386746481138E-0001	
 2.79250000000000E+0003	 1.48886106431664E-0001	
 2.79450000000000E+0003	 1.49384466382189E-0001	
 2.79650000000000E+0003	 1.49899326332715E-0001	
 2.79850000000000E+0003	 1.50435186283241E-0001	
 2.80050000000000E+0003	 1.50975546233766E-0001	
 2.80250000000000E+0003	 1.51514406184292E-0001	
 2.80450000000000E+0003	 1.52066266134818E-0001	
 2.80650000000000E+0003	 1.52621126085343E-0001	
 2.80850000000000E+0003	 1.53186486035869E-0001	
 2.81050000000000E+0003	 1.53774345986395E-0001	
 2.81250000000000E+0003	 1.54368205936920E-0001	
 2.81450000000000E+0003	 1.54962565887446E-0001	
 2.81650000000000E+0003	 1.55566925837972E-0001	
 2.81850000000000E+0003	 1.56181785788497E-0001	
 2.82050000000000E+0003	 1.56814145739023E-0001	
 2.82250000000000E+0003	 1.57462505689549E-0001	
 2.82450000000000E+0003	 1.58133365640074E-0001	
 2.82650000000000E+0003	 1.58825725590600E-0001	
 2.82850000000000E+0003	 1.59543085541126E-0001	
 2.83050000000000E+0003	 1.60294445491651E-0001	
 2.83250000000000E+0003	 1.61095805442177E-0001	
 2.83450000000000E+0003	 1.61956165392703E-0001	
 2.83650000000000E+0003	 1.62905525343228E-0001	
 2.83850000000000E+0003	 1.64010885293754E-0001	
 2.84050000000000E+0003	 1.65302745244280E-0001	
 2.84250000000000E+0003	 1.66842605194805E-0001	
 2.84450000000000E+0003	 1.68756965145331E-0001	
 2.84650000000000E+0003	 1.71074825095857E-0001	
 2.84850000000000E+0003	 1.73697185046382E-0001	
 2.85050000000000E+0003	 1.76348044996908E-0001	
 2.85250000000000E+0003	 1.78666904947434E-0001	
 2.85450000000000E+0003	 1.80346264897959E-0001	
 2.85650000000000E+0003	 1.81344124848485E-0001	
 2.85850000000000E+0003	 1.81917984799011E-0001	
 2.86050000000000E+0003	 1.82420344749536E-0001	
 2.86250000000000E+0003	 1.83103204700062E-0001	
 2.86450000000000E+0003	 1.84136564650588E-0001	
 2.86650000000000E+0003	 1.85545924601113E-0001	
 2.86850000000000E+0003	 1.87194784551639E-0001	
 2.87050000000000E+0003	 1.88867644502165E-0001	
 2.87250000000000E+0003	 1.90344004452690E-0001	
 2.87450000000000E+0003	 1.91368864403216E-0001	
 2.87650000000000E+0003	 1.91851224353741E-0001	
 2.87850000000000E+0003	 1.91967084304267E-0001	
 2.88050000000000E+0003	 1.91928444254793E-0001	
 2.88250000000000E+0003	 1.91903304205318E-0001	
 2.88450000000000E+0003	 1.92025664155844E-0001	
 2.88650000000000E+0003	 1.92358024106370E-0001	
 2.88850000000000E+0003	 1.92921384056895E-0001	
 2.89050000000000E+0003	 1.93697744007421E-0001	
 2.89250000000000E+0003	 1.94657103957947E-0001	
 2.89450000000000E+0003	 1.95771963908472E-0001	
 2.89650000000000E+0003	 1.97006323858998E-0001	
 2.89850000000000E+0003	 1.98308183809524E-0001	
 2.90050000000000E+0003	 1.99698543760049E-0001	
 2.90250000000000E+0003	 2.01208903710575E-0001	
 2.90450000000000E+0003	 2.02864263661101E-0001	
 2.90650000000000E+0003	 2.04694123611626E-0001	
 2.90850000000000E+0003	 2.06753983562152E-0001	
 2.91050000000000E+0003	 2.09085343512678E-0001	
 2.91250000000000E+0003	 2.11711703463203E-0001	
 2.91450000000000E+0003	 2.14566563413729E-0001	
 2.91650000000000E+0003	 2.17533923364255E-0001	
 2.91850000000000E+0003	 2.20516783314780E-0001	
 2.92050000000000E+0003	 2.23344643265306E-0001	
 2.92250000000000E+0003	 2.25826003215832E-0001	
 2.92450000000000E+0003	 2.27837363166357E-0001	
 2.92650000000000E+0003	 2.29336223116883E-0001	
 2.92850000000000E+0003	 2.30382583067409E-0001	
 2.93050000000000E+0003	 2.31009943017934E-0001	
 2.93250000000000E+0003	 2.31197302968460E-0001	
 2.93450000000000E+0003	 2.30994662918986E-0001	
 2.93650000000000E+0003	 2.30430522869511E-0001	
 2.93850000000000E+0003	 2.29519382820037E-0001	
 2.94050000000000E+0003	 2.28369242770563E-0001	
 2.94250000000000E+0003	 2.27177602721088E-0001	
 2.94450000000000E+0003	 2.26153462671614E-0001	
 2.94650000000000E+0003	 2.25441822622140E-0001	
 2.94850000000000E+0003	 2.25176682572665E-0001	
 2.95050000000000E+0003	 2.25461542523191E-0001	
 2.95250000000000E+0003	 2.26293402473717E-0001	
 2.95450000000000E+0003	 2.27443762424242E-0001	
 2.95650000000000E+0003	 2.28656622374768E-0001	
 2.95850000000000E+0003	 2.29702482325294E-0001	
 2.96050000000000E+0003	 2.30370842275819E-0001	
 2.96250000000000E+0003	 2.30515702226345E-0001	
 2.96450000000000E+0003	 2.30070062176871E-0001	
 2.96650000000000E+0003	 2.29048422127396E-0001	
 2.96850000000000E+0003	 2.27550782077922E-0001	
 2.97050000000000E+0003	 2.25852642028448E-0001	
 2.97250000000000E+0003	 2.24228001978973E-0001	
 2.97450000000000E+0003	 2.22652861929499E-0001	
 2.97650000000000E+0003	 2.21045221880025E-0001	
 2.97850000000000E+0003	 2.19461081830550E-0001	
 2.98050000000000E+0003	 2.17957441781076E-0001	
 2.98250000000000E+0003	 2.16518801731602E-0001	
 2.98450000000000E+0003	 2.15171661682127E-0001	
 2.98650000000000E+0003	 2.13968021632653E-0001	
 2.98850000000000E+0003	 2.12928381583179E-0001	
 2.99050000000000E+0003	 2.12072741533704E-0001	
 2.99250000000000E+0003	 2.11428101484230E-0001	
 2.99450000000000E+0003	 2.10949461434756E-0001	
 2.99650000000000E+0003	 2.10687821385281E-0001	
 2.99850000000000E+0003	 2.10668681335807E-0001	
 3.00050000000000E+0003	 2.10802041286333E-0001	
 3.00250000000000E+0003	 2.11056901236858E-0001	
 3.00450000000000E+0003	 2.11394261187384E-0001	
 3.00650000000000E+0003	 2.11741121137910E-0001	
 3.00850000000000E+0003	 2.12085481088435E-0001	
 3.01050000000000E+0003	 2.12468841038961E-0001	
 3.01250000000000E+0003	 2.12895200989487E-0001	
 3.01450000000000E+0003	 2.13332060940012E-0001	
 3.01650000000000E+0003	 2.13807420890538E-0001	
 3.01850000000000E+0003	 2.14406280841064E-0001	
 3.02050000000000E+0003	 2.15144640791589E-0001	
 3.02250000000000E+0003	 2.15967500742115E-0001	
 3.02450000000000E+0003	 2.16888860692641E-0001	
 3.02650000000000E+0003	 2.17865220643166E-0001	
 3.02850000000000E+0003	 2.18851080593692E-0001	
 3.03050000000000E+0003	 2.19846440544218E-0001	
 3.03250000000000E+0003	 2.20859800494743E-0001	
 3.03450000000000E+0003	 2.21909660445269E-0001	
 3.03650000000000E+0003	 2.22959020395795E-0001	
 3.03850000000000E+0003	 2.23997380346320E-0001	
 3.04050000000000E+0003	 2.25098240296846E-0001	
 3.04250000000000E+0003	 2.26241100247372E-0001	
 3.04450000000000E+0003	 2.27365460197897E-0001	
 3.04650000000000E+0003	 2.28472320148423E-0001	
 3.04850000000000E+0003	 2.29578680098949E-0001	
 3.05050000000000E+0003	 2.30727040049474E-0001	
 3.05250000000000E+0003	 2.31878900000000E-0001	
 3.05450000000000E+0003	 2.32994259950526E-0001	
 3.05650000000000E+0003	 2.34100119901051E-0001	
 3.05850000000000E+0003	 2.35167979851577E-0001	
 3.06050000000000E+0003	 2.36167339802103E-0001	
 3.06250000000000E+0003	 2.37079199752628E-0001	
 3.06450000000000E+0003	 2.37908559703154E-0001	
 3.06650000000000E+0003	 2.38689919653680E-0001	
 3.06850000000000E+0003	 2.39434779604205E-0001	
 3.07050000000000E+0003	 2.40102639554731E-0001	
 3.07250000000000E+0003	 2.40712499505257E-0001	
 3.07450000000000E+0003	 2.41279359455782E-0001	
 3.07650000000000E+0003	 2.41825219406308E-0001	
 3.07850000000000E+0003	 2.42378579356834E-0001	
 3.08050000000000E+0003	 2.42906939307359E-0001	
 3.08250000000000E+0003	 2.43386299257885E-0001	
 3.08450000000000E+0003	 2.43855659208411E-0001	
 3.08650000000000E+0003	 2.44287019158936E-0001	
 3.08850000000000E+0003	 2.44682379109462E-0001	
 3.09050000000000E+0003	 2.45074739059988E-0001	
 3.09250000000000E+0003	 2.45436599010513E-0001	
 3.09450000000000E+0003	 2.45759958961039E-0001	
 3.09650000000000E+0003	 2.46088818911565E-0001	
 3.09850000000000E+0003	 2.46441178862090E-0001	
 3.10050000000000E+0003	 2.46835538812616E-0001	
 3.10250000000000E+0003	 2.47249398763142E-0001	
 3.10450000000000E+0003	 2.47669758713667E-0001	
 3.10650000000000E+0003	 2.48121618664193E-0001	
 3.10850000000000E+0003	 2.48645978614719E-0001	
 3.11050000000000E+0003	 2.49189338565244E-0001	
 3.11250000000000E+0003	 2.49722698515770E-0001	
 3.11450000000000E+0003	 2.50334058466296E-0001	
 3.11650000000000E+0003	 2.51045418416821E-0001	
 3.11850000000000E+0003	 2.51795278367347E-0001	
 3.12050000000000E+0003	 2.52574138317873E-0001	
 3.12250000000000E+0003	 2.53361498268398E-0001	
 3.12450000000000E+0003	 2.54181858218924E-0001	
 3.12650000000000E+0003	 2.55075218169450E-0001	
 3.12850000000000E+0003	 2.56028078119975E-0001	
 3.13050000000000E+0003	 2.57020438070501E-0001	
 3.13250000000000E+0003	 2.58033798021027E-0001	
 3.13450000000000E+0003	 2.59083157971552E-0001	
 3.13650000000000E+0003	 2.60182017922078E-0001	
 3.13850000000000E+0003	 2.61343377872604E-0001	
 3.14050000000000E+0003	 2.62525737823129E-0001	
 3.14250000000000E+0003	 2.63696097773655E-0001	
 3.14450000000000E+0003	 2.64905957724181E-0001	
 3.14650000000000E+0003	 2.66170317674706E-0001	
 3.14850000000000E+0003	 2.67475177625232E-0001	
 3.15050000000000E+0003	 2.68851537575758E-0001	
 3.15250000000000E+0003	 2.70289397526283E-0001	
 3.15450000000000E+0003	 2.71680257476809E-0001	
 3.15650000000000E+0003	 2.73061617427335E-0001	
 3.15850000000000E+0003	 2.74508477377860E-0001	
 3.16050000000000E+0003	 2.76001337328386E-0001	
 3.16250000000000E+0003	 2.77521197278912E-0001	
 3.16450000000000E+0003	 2.79067557229437E-0001	
 3.16650000000000E+0003	 2.80633917179963E-0001	
 3.16850000000000E+0003	 2.82210777130489E-0001	
 3.17050000000000E+0003	 2.83798637081014E-0001	
 3.17250000000000E+0003	 2.85401997031540E-0001	
 3.17450000000000E+0003	 2.87007356982066E-0001	
 3.17650000000000E+0003	 2.88604216932591E-0001	
 3.17850000000000E+0003	 2.90205576883117E-0001	
 3.18050000000000E+0003	 2.91810436833643E-0001	
 3.18250000000000E+0003	 2.93403296784168E-0001	
 3.18450000000000E+0003	 2.94978156734694E-0001	
 3.18650000000000E+0003	 2.96544516685220E-0001	
 3.18850000000000E+0003	 2.98095876635745E-0001	
 3.19050000000000E+0003	 2.99616236586271E-0001	
 3.19250000000000E+0003	 3.01113096536797E-0001	
 3.19450000000000E+0003	 3.02583956487322E-0001	
 3.19650000000000E+0003	 3.04023816437848E-0001	
 3.19850000000000E+0003	 3.05450176388374E-0001	
 3.20050000000000E+0003	 3.06867536338899E-0001	
 3.20250000000000E+0003	 3.08258396289425E-0001	
 3.20450000000000E+0003	 3.09624256239951E-0001	
 3.20650000000000E+0003	 3.10971616190476E-0001	
 3.20850000000000E+0003	 3.12300976141002E-0001	
 3.21050000000000E+0003	 3.13613836091528E-0001	
 3.21250000000000E+0003	 3.14927196042053E-0001	
 3.21450000000000E+0003	 3.16248055992579E-0001	
 3.21650000000000E+0003	 3.17567915943105E-0001	
 3.21850000000000E+0003	 3.18891275893630E-0001	
 3.22050000000000E+0003	 3.20230135844156E-0001	
 3.22250000000000E+0003	 3.21576495794682E-0001	
 3.22450000000000E+0003	 3.22937855745207E-0001	
 3.22650000000000E+0003	 3.24318715695733E-0001	
 3.22850000000000E+0003	 3.25727575646259E-0001	
 3.23050000000000E+0003	 3.27179935596784E-0001	
 3.23250000000000E+0003	 3.28713295547310E-0001	
 3.23450000000000E+0003	 3.30261155497835E-0001	
 3.23650000000000E+0003	 3.31773515448361E-0001	
 3.23850000000000E+0003	 3.33338375398887E-0001	
 3.24050000000000E+0003	 3.34984235349412E-0001	
 3.24250000000000E+0003	 3.36678595299938E-0001	
 3.24450000000000E+0003	 3.38432955250464E-0001	
 3.24650000000000E+0003	 3.40271315200989E-0001	
 3.24850000000000E+0003	 3.42148175151515E-0001	
 3.25050000000000E+0003	 3.44027535102041E-0001	
 3.25250000000000E+0003	 3.45951395052566E-0001	
 3.25450000000000E+0003	 3.47948255003092E-0001	
 3.25650000000000E+0003	 3.50003114953618E-0001	
 3.25850000000000E+0003	 3.52067974904143E-0001	
 3.26050000000000E+0003	 3.54145834854669E-0001	
 3.26250000000000E+0003	 3.56230694805195E-0001	
 3.26450000000000E+0003	 3.58305554755720E-0001	
 3.26650000000000E+0003	 3.60344414706246E-0001	
 3.26850000000000E+0003	 3.62345274656772E-0001	
 3.27050000000000E+0003	 3.64324634607297E-0001	
 3.27250000000000E+0003	 3.66206994557823E-0001	
 3.27450000000000E+0003	 3.67958354508349E-0001	
 3.27650000000000E+0003	 3.69640214458874E-0001	
 3.27850000000000E+0003	 3.71224574409400E-0001	
 3.28050000000000E+0003	 3.72709434359926E-0001	
 3.28250000000000E+0003	 3.74094294310451E-0001	
 3.28450000000000E+0003	 3.75372654260977E-0001	
 3.28650000000000E+0003	 3.76539014211503E-0001	
 3.28850000000000E+0003	 3.77598374162028E-0001	
 3.29050000000000E+0003	 3.78573734112554E-0001	
 3.29250000000000E+0003	 3.79477094063080E-0001	
 3.29450000000000E+0003	 3.80262954013605E-0001	
 3.29650000000000E+0003	 3.80963313964131E-0001	
 3.29850000000000E+0003	 3.81581673914657E-0001	
 3.30050000000000E+0003	 3.82109533865182E-0001	
 3.30250000000000E+0003	 3.82576893815708E-0001	
 3.30450000000000E+0003	 3.83037753766234E-0001	
 3.30650000000000E+0003	 3.83453113716759E-0001	
 3.30850000000000E+0003	 3.83777973667285E-0001	
 3.31050000000000E+0003	 3.84046333617811E-0001	
 3.31250000000000E+0003	 3.84289193568336E-0001	
 3.31450000000000E+0003	 3.84520553518862E-0001	
 3.31650000000000E+0003	 3.84749413469388E-0001	
 3.31850000000000E+0003	 3.84970273419913E-0001	
 3.32050000000000E+0003	 3.85184633370439E-0001	
 3.32250000000000E+0003	 3.85395993320965E-0001	
 3.32450000000000E+0003	 3.85636853271490E-0001	
 3.32650000000000E+0003	 3.85902713222016E-0001	
 3.32850000000000E+0003	 3.86162573172542E-0001	
 3.33050000000000E+0003	 3.86429433123067E-0001	
 3.33250000000000E+0003	 3.86729793073593E-0001	
 3.33450000000000E+0003	 3.87047153024119E-0001	
 3.33650000000000E+0003	 3.87403512974644E-0001	
 3.33850000000000E+0003	 3.87804872925170E-0001	
 3.34050000000000E+0003	 3.88206232875696E-0001	
 3.34250000000000E+0003	 3.88612592826221E-0001	
 3.34450000000000E+0003	 3.89051452776747E-0001	
 3.34650000000000E+0003	 3.89493812727273E-0001	
 3.34850000000000E+0003	 3.89979172677798E-0001	
 3.35050000000000E+0003	 3.90521032628324E-0001	
 3.35250000000000E+0003	 3.91032392578850E-0001	
 3.35450000000000E+0003	 3.91506252529375E-0001	
 3.35650000000000E+0003	 3.92013112479901E-0001	
 3.35850000000000E+0003	 3.92547972430427E-0001	
 3.36050000000000E+0003	 3.93108332380952E-0001	
 3.36250000000000E+0003	 3.93661192331478E-0001	
 3.36450000000000E+0003	 3.94227552282004E-0001	
 3.36650000000000E+0003	 3.94858912232529E-0001	
 3.36850000000000E+0003	 3.95516272183055E-0001	
 3.37050000000000E+0003	 3.96089132133581E-0001	
 3.37250000000000E+0003	 3.96579492084106E-0001	
 3.37450000000000E+0003	 3.97096852034632E-0001	
 3.37650000000000E+0003	 3.97672211985158E-0001	
 3.37850000000000E+0003	 3.98250571935683E-0001	
 3.38050000000000E+0003	 3.98825431886209E-0001	
 3.38250000000000E+0003	 3.99393291836735E-0001	
 3.38450000000000E+0003	 3.99961151787260E-0001	
 3.38650000000000E+0003	 4.00532511737786E-0001	
 3.38850000000000E+0003	 4.01139871688312E-0001	
 3.39050000000000E+0003	 4.01817231638837E-0001	
 3.39250000000000E+0003	 4.02442591589363E-0001	
 3.39450000000000E+0003	 4.02919451539889E-0001	
 3.39650000000000E+0003	 4.03427811490414E-0001	
 3.39850000000000E+0003	 4.04075671440940E-0001	
 3.40050000000000E+0003	 4.04749031391466E-0001	
 3.40250000000000E+0003	 4.05231891341991E-0001	
 3.40450000000000E+0003	 4.05585251292517E-0001	
 3.40650000000000E+0003	 4.06004111243043E-0001	
 3.40850000000000E+0003	 4.06490471193568E-0001	
 3.41050000000000E+0003	 4.06933331144094E-0001	
 3.41250000000000E+0003	 4.07316191094620E-0001	
 3.41450000000000E+0003	 4.07620551045145E-0001	
 3.41650000000000E+0003	 4.07853910995671E-0001	
 3.41850000000000E+0003	 4.08056770946197E-0001	
 3.42050000000000E+0003	 4.08248130896722E-0001	
 3.42250000000000E+0003	 4.08385490847248E-0001	
 3.42450000000000E+0003	 4.08478850797774E-0001	
 3.42650000000000E+0003	 4.08560210748299E-0001	
 3.42850000000000E+0003	 4.08643570698825E-0001	
 3.43050000000000E+0003	 4.08672930649351E-0001	
 3.43250000000000E+0003	 4.08647290599876E-0001	
 3.43450000000000E+0003	 4.08618150550402E-0001	
 3.43650000000000E+0003	 4.08516010500928E-0001	
 3.43850000000000E+0003	 4.08262870451453E-0001	
 3.44050000000000E+0003	 4.07947230401979E-0001	
 3.44250000000000E+0003	 4.07644590352505E-0001	
 3.44450000000000E+0003	 4.07347450303030E-0001	
 3.44650000000000E+0003	 4.07048310253556E-0001	
 3.44850000000000E+0003	 4.06705670204082E-0001	
 3.45050000000000E+0003	 4.06296530154607E-0001	
 3.45250000000000E+0003	 4.05875890105133E-0001	
 3.45450000000000E+0003	 4.05419250055659E-0001	
 3.45650000000000E+0003	 4.04931110006184E-0001	
 3.45850000000000E+0003	 4.04434969956710E-0001	
 3.46050000000000E+0003	 4.03898329907236E-0001	
 3.46250000000000E+0003	 4.03277189857761E-0001	
 3.46450000000000E+0003	 4.02684049808287E-0001	
 3.46650000000000E+0003	 4.02191909758813E-0001	
 3.46850000000000E+0003	 4.01599769709338E-0001	
 3.47050000000000E+0003	 4.00711629659864E-0001	
 3.47250000000000E+0003	 3.99705989610390E-0001	
 3.47450000000000E+0003	 3.98799349560915E-0001	
 3.47650000000000E+0003	 3.97981709511441E-0001	
 3.47850000000000E+0003	 3.97200569461967E-0001	
 3.48050000000000E+0003	 3.96317429412492E-0001	
 3.48250000000000E+0003	 3.95283789363018E-0001	
 3.48450000000000E+0003	 3.94289649313544E-0001	
 3.48650000000000E+0003	 3.93340509264069E-0001	
 3.48850000000000E+0003	 3.92314369214595E-0001	
 3.49050000000000E+0003	 3.91245729165121E-0001	
 3.49250000000000E+0003	 3.90206089115646E-0001	
 3.49450000000000E+0003	 3.89157449066172E-0001	
 3.49650000000000E+0003	 3.88081309016698E-0001	
 3.49850000000000E+0003	 3.86950668967223E-0001	
 3.50050000000000E+0003	 3.85817528917749E-0001	
 3.50250000000000E+0003	 3.84671388868275E-0001	
 3.50450000000000E+0003	 3.83371248818800E-0001	
 3.50650000000000E+0003	 3.82009108769326E-0001	
 3.50850000000000E+0003	 3.80725968719852E-0001	
 3.51050000000000E+0003	 3.79494328670377E-0001	
 3.51250000000000E+0003	 3.78306688620903E-0001	
 3.51450000000000E+0003	 3.77042548571429E-0001	
 3.51650000000000E+0003	 3.75637908521954E-0001	
 3.51850000000000E+0003	 3.74214268472480E-0001	
 3.52050000000000E+0003	 3.72829128423006E-0001	
 3.52250000000000E+0003	 3.71480988373531E-0001	
 3.52450000000000E+0003	 3.70012848324057E-0001	
 3.52650000000000E+0003	 3.68421708274583E-0001	
 3.52850000000000E+0003	 3.66908568225108E-0001	
 3.53050000000000E+0003	 3.65432928175634E-0001	
 3.53250000000000E+0003	 3.63956788126160E-0001	
 3.53450000000000E+0003	 3.62505648076685E-0001	
 3.53650000000000E+0003	 3.60996008027211E-0001	
 3.53850000000000E+0003	 3.59314867977737E-0001	
 3.54050000000000E+0003	 3.57647727928262E-0001	
 3.54250000000000E+0003	 3.56070587878788E-0001	
 3.54450000000000E+0003	 3.54391947829314E-0001	
 3.54650000000000E+0003	 3.52481807779839E-0001	
 3.54850000000000E+0003	 3.50547167730365E-0001	
 3.55050000000000E+0003	 3.48761027680891E-0001	
 3.55250000000000E+0003	 3.46966387631416E-0001	
 3.55450000000000E+0003	 3.45080247581942E-0001	
 3.55650000000000E+0003	 3.43216107532468E-0001	
 3.55850000000000E+0003	 3.41342467482993E-0001	
 3.56050000000000E+0003	 3.39406827433519E-0001	
 3.56250000000000E+0003	 3.37376687384045E-0001	
 3.56450000000000E+0003	 3.35205547334570E-0001	
 3.56650000000000E+0003	 3.32957407285096E-0001	
 3.56850000000000E+0003	 3.30884267235622E-0001	
 3.57050000000000E+0003	 3.28994127186147E-0001	
 3.57250000000000E+0003	 3.27026987136673E-0001	
 3.57450000000000E+0003	 3.24916847087199E-0001	
 3.57650000000000E+0003	 3.22779707037724E-0001	
 3.57850000000000E+0003	 3.20630566988250E-0001	
 3.58050000000000E+0003	 3.18458926938776E-0001	
 3.58250000000000E+0003	 3.16290786889301E-0001	
 3.58450000000000E+0003	 3.14092646839827E-0001	
 3.58650000000000E+0003	 3.11671006790353E-0001	
 3.58850000000000E+0003	 3.09029866740878E-0001	
 3.59050000000000E+0003	 3.06595726691404E-0001	
 3.59250000000000E+0003	 3.04393086641929E-0001	
 3.59450000000000E+0003	 3.02078446592455E-0001	
 3.59650000000000E+0003	 2.99705306542981E-0001	
 3.59850000000000E+0003	 2.97374166493506E-0001	
 3.60050000000000E+0003	 2.94999526444032E-0001	
 3.60250000000000E+0003	 2.92577886394558E-0001	
 3.60450000000000E+0003	 2.90107246345083E-0001	
 3.60650000000000E+0003	 2.87475606295609E-0001	
 3.60850000000000E+0003	 2.84760466246135E-0001	
 3.61050000000000E+0003	 2.82194326196660E-0001	
 3.61250000000000E+0003	 2.79796686147186E-0001	
 3.61450000000000E+0003	 2.77369546097712E-0001	
 3.61650000000000E+0003	 2.75001406048237E-0001	
 3.61850000000000E+0003	 2.72798265998763E-0001	
 3.62050000000000E+0003	 2.70265625949289E-0001	
 3.62250000000000E+0003	 2.67368985899814E-0001	
 3.62450000000000E+0003	 2.64647845850340E-0001	
 3.62650000000000E+0003	 2.61977705800866E-0001	
 3.62850000000000E+0003	 2.59234565751391E-0001	
 3.63050000000000E+0003	 2.56468425701917E-0001	
 3.63250000000000E+0003	 2.53966285652443E-0001	
 3.63450000000000E+0003	 2.51628645602968E-0001	
 3.63650000000000E+0003	 2.49157505553494E-0001	
 3.63850000000000E+0003	 2.46697365504020E-0001	
 3.64050000000000E+0003	 2.44178225454545E-0001	
 3.64250000000000E+0003	 2.41629085405071E-0001	
 3.64450000000000E+0003	 2.39079945355597E-0001	
 3.64650000000000E+0003	 2.36556305306122E-0001	
 3.64850000000000E+0003	 2.34042665256648E-0001	
 3.65050000000000E+0003	 2.31639025207174E-0001	
 3.65250000000000E+0003	 2.29290385157699E-0001	
 3.65450000000000E+0003	 2.27035745108225E-0001	
 3.65650000000000E+0003	 2.24875605058751E-0001	
 3.65850000000000E+0003	 2.22693465009276E-0001	
 3.66050000000000E+0003	 2.20614824959802E-0001	
 3.66250000000000E+0003	 2.18450184910328E-0001	
 3.66450000000000E+0003	 2.16294544860853E-0001	
 3.66650000000000E+0003	 2.14304404811379E-0001	
 3.66850000000000E+0003	 2.12349764761905E-0001	
 3.67050000000000E+0003	 2.10435624712430E-0001	
 3.67250000000000E+0003	 2.08505984662956E-0001	
 3.67450000000000E+0003	 2.06752844613482E-0001	
 3.67650000000000E+0003	 2.05043704564007E-0001	
 3.67850000000000E+0003	 2.03429564514533E-0001	
 3.68050000000000E+0003	 2.02060924465059E-0001	
 3.68250000000000E+0003	 2.00621784415584E-0001	
 3.68450000000000E+0003	 1.99334644366110E-0001	
 3.68650000000000E+0003	 1.98098504316636E-0001	
 3.68850000000000E+0003	 1.96999364267161E-0001	
 3.69050000000000E+0003	 1.95737724217687E-0001	
 3.69250000000000E+0003	 1.94349584168213E-0001	
 3.69450000000000E+0003	 1.93203444118738E-0001	
 3.69650000000000E+0003	 1.92249804069264E-0001	
 3.69850000000000E+0003	 1.91308164019790E-0001	
 3.70050000000000E+0003	 1.90428023970315E-0001	
 3.70250000000000E+0003	 1.89560883920841E-0001	
 3.70450000000000E+0003	 1.88607243871367E-0001	
 3.70650000000000E+0003	 1.87705603821892E-0001	
 3.70850000000000E+0003	 1.86828463772418E-0001	
 3.71050000000000E+0003	 1.85999323722944E-0001	
 3.71250000000000E+0003	 1.85387683673469E-0001	
 3.71450000000000E+0003	 1.84911043623995E-0001	
 3.71650000000000E+0003	 1.84439903574521E-0001	
 3.71850000000000E+0003	 1.83883263525046E-0001	
 3.72050000000000E+0003	 1.83231623475572E-0001	
 3.72250000000000E+0003	 1.82609983426098E-0001	
 3.72450000000000E+0003	 1.81938843376623E-0001	
 3.72650000000000E+0003	 1.81328703327149E-0001	
 3.72850000000000E+0003	 1.80859063277675E-0001	
 3.73050000000000E+0003	 1.80472923228200E-0001	
 3.73250000000000E+0003	 1.80144783178726E-0001	
 3.73450000000000E+0003	 1.79523643129252E-0001	
 3.73650000000000E+0003	 1.78821003079777E-0001	
 3.73850000000000E+0003	 1.78377363030303E-0001	
 3.74050000000000E+0003	 1.78252722980829E-0001	
 3.74250000000000E+0003	 1.77772082931354E-0001	
 3.74450000000000E+0003	 1.77356942881880E-0001	
 3.74650000000000E+0003	 1.76948802832406E-0001	
 3.74850000000000E+0003	 1.76504162782931E-0001	
 3.75050000000000E+0003	 1.76209522733457E-0001	
 3.75250000000000E+0003	 1.76102382683983E-0001	
 3.75450000000000E+0003	 1.76032242634508E-0001	
 3.75650000000000E+0003	 1.75901602585034E-0001	
 3.75850000000000E+0003	 1.75669462535560E-0001	
 3.76050000000000E+0003	 1.75434322486085E-0001	
 3.76250000000000E+0003	 1.75129182436611E-0001	
 3.76450000000000E+0003	 1.74873042387137E-0001	
 3.76650000000000E+0003	 1.74631902337662E-0001	
 3.76850000000000E+0003	 1.74313262288188E-0001	
 3.77050000000000E+0003	 1.74136622238714E-0001	
 3.77250000000000E+0003	 1.73917982189239E-0001	
 3.77450000000000E+0003	 1.73717342139765E-0001	
 3.77650000000000E+0003	 1.73462202090291E-0001	
 3.77850000000000E+0003	 1.73245062040816E-0001	
 3.78050000000000E+0003	 1.73076421991342E-0001	
 3.78250000000000E+0003	 1.72787781941868E-0001	
 3.78450000000000E+0003	 1.72582641892393E-0001	
 3.78650000000000E+0003	 1.72395501842919E-0001	
 3.78850000000000E+0003	 1.72213361793445E-0001	
 3.79050000000000E+0003	 1.72029721743970E-0001	
 3.79250000000000E+0003	 1.71797081694496E-0001	
 3.79450000000000E+0003	 1.71482441645022E-0001	
 3.79650000000000E+0003	 1.71334301595547E-0001	
 3.79850000000000E+0003	 1.71146161546073E-0001	
 3.80050000000000E+0003	 1.70868021496599E-0001	
 3.80250000000000E+0003	 1.70746881447124E-0001	
 3.80450000000000E+0003	 1.70468241397650E-0001	
 3.80650000000000E+0003	 1.70373601348176E-0001	
 3.80850000000000E+0003	 1.70296961298701E-0001	
 3.81050000000000E+0003	 1.70183321249227E-0001	
 3.81250000000000E+0003	 1.70082181199753E-0001	
 3.81450000000000E+0003	 1.69780541150278E-0001	
 3.81650000000000E+0003	 1.69662901100804E-0001	
 3.81850000000000E+0003	 1.69496261051330E-0001	
 3.82050000000000E+0003	 1.69468621001855E-0001	
 3.82250000000000E+0003	 1.69376980952381E-0001	
 3.82450000000000E+0003	 1.69104340902907E-0001	
 3.82650000000000E+0003	 1.69060700853432E-0001	
 3.82850000000000E+0003	 1.68931560803958E-0001	
 3.83050000000000E+0003	 1.68802420754484E-0001	
 3.83250000000000E+0003	 1.68811780705009E-0001	
 3.83450000000000E+0003	 1.68828140655535E-0001	
 3.83650000000000E+0003	 1.68729000606061E-0001	
 3.83850000000000E+0003	 1.68521360556586E-0001	
 3.84050000000000E+0003	 1.68315220507112E-0001	
 3.84250000000000E+0003	 1.68182580457638E-0001	
 3.84450000000000E+0003	 1.68128440408163E-0001	
 3.84650000000000E+0003	 1.67998300358689E-0001	
 3.84850000000000E+0003	 1.67923660309215E-0001	
 3.85050000000000E+0003	 1.67827520259740E-0001	
 3.85250000000000E+0003	 1.67796880210266E-0001	
 3.85450000000000E+0003	 1.67890240160792E-0001	
 3.85650000000000E+0003	 1.67683600111317E-0001	
 3.85850000000000E+0003	 1.67529460061843E-0001	
 3.86050000000000E+0003	 1.67424820012369E-0001	
 3.86250000000000E+0003	 1.67413179962894E-0001	
 3.86450000000000E+0003	 1.67440039913420E-0001	
 3.86650000000000E+0003	 1.67360899863946E-0001	
 3.86850000000000E+0003	 1.67197259814471E-0001	
 3.87050000000000E+0003	 1.67232119764997E-0001	
 3.87250000000000E+0003	 1.67137979715523E-0001	
 3.87450000000000E+0003	 1.67186339666048E-0001	
 3.87650000000000E+0003	 1.67088199616574E-0001	
 3.87850000000000E+0003	 1.66964559567100E-0001	
 3.88050000000000E+0003	 1.67043919517625E-0001	
 3.88250000000000E+0003	 1.66976279468151E-0001	
 3.88450000000000E+0003	 1.66836139418677E-0001	
 3.88650000000000E+0003	 1.66846999369202E-0001	
 3.88850000000000E+0003	 1.66804359319728E-0001	
 3.89050000000000E+0003	 1.66972719270254E-0001	
 3.89250000000000E+0003	 1.67037579220779E-0001	
 3.89450000000000E+0003	 1.66874939171305E-0001	
 3.89650000000000E+0003	 1.66772299121831E-0001	
 3.89850000000000E+0003	 1.66715659072356E-0001	
 3.90050000000000E+0003	 1.66547019022882E-0001	
 3.90250000000000E+0003	 1.66459378973408E-0001	
 3.90450000000000E+0003	 1.66722238923933E-0001	
 3.90650000000000E+0003	 1.66837598874459E-0001	
 3.90850000000000E+0003	 1.66781458824985E-0001	
 3.91050000000000E+0003	 1.66769318775510E-0001	
 3.91250000000000E+0003	 1.66770178726036E-0001	
 3.91450000000000E+0003	 1.66697538676562E-0001	
 3.91650000000000E+0003	 1.66612898627087E-0001	
 3.91850000000000E+0003	 1.66582258577613E-0001	
 3.92050000000000E+0003	 1.66650618528139E-0001	
 3.92250000000000E+0003	 1.66709478478664E-0001	
 3.92450000000000E+0003	 1.66793338429190E-0001	
 3.92650000000000E+0003	 1.66812698379716E-0001	
 3.92850000000000E+0003	 1.66753558330241E-0001	
 3.93050000000000E+0003	 1.66689418280767E-0001	
 3.93250000000000E+0003	 1.66632778231293E-0001	
 3.93450000000000E+0003	 1.66655138181818E-0001	
 3.93650000000000E+0003	 1.66716998132344E-0001	
 3.93850000000000E+0003	 1.66763858082870E-0001	
 3.94050000000000E+0003	 1.66756718033395E-0001	
 3.94250000000000E+0003	 1.66792077983921E-0001	
 3.94450000000000E+0003	 1.66749437934447E-0001	
 3.94650000000000E+0003	 1.66659797884972E-0001	
 3.94850000000000E+0003	 1.66677157835498E-0001	
 3.95050000000000E+0003	 1.66746517786024E-0001	
 3.95250000000000E+0003	 1.66784877736549E-0001	
 3.95450000000000E+0003	 1.66789237687075E-0001	
 3.95650000000000E+0003	 1.66788597637600E-0001	
 3.95850000000000E+0003	 1.66784457588126E-0001	
 3.96050000000000E+0003	 1.66768317538652E-0001	
 3.96250000000000E+0003	 1.66774177489177E-0001	
 3.96450000000000E+0003	 1.66795537439703E-0001	
 3.96650000000000E+0003	 1.66818897390229E-0001	
 3.96850000000000E+0003	 1.66830757340754E-0001	
 3.97050000000000E+0003	 1.66845117291280E-0001	
 3.97250000000000E+0003	 1.66860477241806E-0001	
 3.97450000000000E+0003	 1.66869337192331E-0001	
 3.97650000000000E+0003	 1.66871197142857E-0001	
 3.97850000000000E+0003	 1.66886057093383E-0001	
 3.98050000000000E+0003	 1.66913917043908E-0001	
 3.98250000000000E+0003	 1.66948276994434E-0001	
 3.98450000000000E+0003	 1.66967636944960E-0001	
 3.98650000000000E+0003	 1.66970996895485E-0001	
 3.98850000000000E+0003	 1.66967856846011E-0001	
 3.99050000000000E+0003	 1.66980716796537E-0001	
 3.99250000000000E+0003	 1.66991576747062E-0001	
 3.99450000000000E+0003	 1.67011436697588E-0001	
 3.99650000000000E+0003	 1.67024796648114E-0001	
 3.99850000000000E+0003	 1.67030156598639E-0001	

>1	DATALINE
